t,aa0,fe0,aa1,fe1,ctq0,ctq1,dtq0,dtq1
1.301,0.06,0,-0,0,0,0,0,0.01
1.30106,0,4.57538e-41,0,0,3.63847e-41,0,7.42688e-44,0
1.30108,0.01,0,0,0,0,0,7.42688e-44,0
1.3011,0,4.57538e-41,0,0,3.63847e-41,0,5.1848e-44,0
1.3024,0,0,0,0,3.63847e-41,0,5.1848e-44,0
1.3263,0.03,0.01,0,0.01,0,0,0,0
1.35354,0.03,0.01,0,0.01,0.15,0,0,0
1.38082,0.03,0.01,0,0.01,0.46,0,0,0
1.40822,0.03,0.01,0,0.01,0.15,0,0,0
1.43198,0.03,0.01,0,0.01,0,0,0,0
1.45584,0.03,0.01,0,0.01,0,0,0,0
1.47988,0.03,0.01,0,0.01,0,0,0,0
1.504,0.03,0.01,0,0.01,0,0,0,0
1.52777,0.03,0.01,0,0.01,0,0,0,0
1.55184,0.03,0.01,0,0.01,0,0,0,0
1.57571,0.03,0.01,0,0.01,0,0,0,0
1.59973,0.03,0.01,0,0.01,0,0,0,0
1.6236,0.03,0.01,0,0.01,0,0,0,0
1.64746,0.03,0.01,0,0.01,0,0,0,0
1.67133,0.03,0.01,0,0.01,0,0,0,0
1.69537,0.03,0.01,0,0.01,0,0,0,0
1.71923,0.03,0.01,0,0.01,0,0,0,0
1.74329,0.03,0.01,0,0.01,0,0,0,0
1.76715,0.03,0.01,0,0.01,0,0,0,0
1.79105,0.03,0.01,0,0.01,0,0,0,0
1.8149,0.03,0.01,0,0.01,0,0,0,0
1.83878,0.03,0.01,0,0.01,0,0,0,0
1.86259,0.03,0.01,0,0.01,0,0,0,0
1.88645,0.03,0.01,0,0.01,0,0,0,0
1.91051,0.03,0.01,0,0.01,0,0,0,0
1.93436,0.03,0.01,0,0.01,0,0,0,0
1.95823,0.03,0.01,0,0.01,0,0,0,0
1.98212,0.03,0.01,-0,0.01,0,0,0,0
2.00597,0.02,0.01,0,0.01,0,0,0,0
2.03002,0.03,0.01,0,0.01,0,0,0,0
2.05387,0.03,0.01,0,0.01,0,0,0,0
2.07776,0.03,0.01,0,0.01,0,0,0,0
2.10181,0.03,0.01,-0,0.01,0,0,0,0
2.12568,0.03,0.01,0,0.01,0,0,0,0
2.14954,0.03,0.01,0,0.01,0,0,0,0
2.17339,0.03,0.01,0,0.01,0,0,0,0
2.19748,0.03,0.01,0,0.01,0,0,0,0
2.2213,0.03,0.01,0,0.01,0,0,0,0
2.24519,0.03,0.01,0,0.01,0,0,0,0
2.26924,0.03,0.01,0,0.01,0,0,0,0
2.29315,0.03,0.01,0,0.01,0,0,0,0
2.31682,0.03,0.01,0,0.01,0,0,0,0
2.34081,0.03,0.01,0,0.01,0,0,0,0
2.36474,0.03,0.01,0,0.01,0,0,0,0
2.38859,0.03,0.01,0,0.01,0,0,0,0
2.41589,0.03,0.01,0,0.01,0.77,0,0,0
2.43972,0.03,0.01,0,0.01,0,0,0,0
2.46377,0.03,0.01,0,0.01,0,0,0,0
2.48763,0.03,0.01,0,0.01,0,0,0,0
2.51149,0.03,0.01,0,0.01,0,0,0,0
2.5354,0.03,0.01,0,0.01,0,0,0,0
2.56268,0.03,0.01,0,0.01,0.77,0,0,0
2.58654,0.03,0.01,0,0.01,0,0,0,0
2.61058,0.03,0.01,0,0.01,0,0,0,0
2.63444,0.03,0.01,0,0.01,0,0,0,0
2.6583,0.03,0.01,0,0.01,0,0,0,0
2.68236,0.03,0.01,0,0.01,0,0,0,0
2.70621,0.03,0.01,0,0.01,0,0,0,0
2.73008,0.03,0.01,0,0.01,0,0,0,0
2.75087,0.03,0.01,0,0.01,0,0,0,0
2.77478,0.03,0.01,0,0.01,0,0,0,0
2.79878,0.03,0.01,0,0.01,0,0.34,0,0
2.82266,0.03,0.01,0,0.01,0,0,0,0
2.84669,0.03,0.01,0,0.01,0,0,0,0
2.87055,0.03,0.01,0,0.01,0,0,0,0
2.89439,0.03,0.01,0,0.01,0,0,0,0
2.91827,0.03,0.01,0,0.01,0,0,0,0
2.94232,0.03,0.01,0,0.01,0,0,0,0
2.96617,0.03,0.01,0,0.01,0,0,0,0
2.99008,0.03,0.01,0,0.01,0,0,0,0
3.01401,0.03,0.01,0,0.01,0,0,0,0
3.03782,0.03,0.01,0,0.01,0,0,0,0
3.05859,0.03,0.01,0,0.01,0,0,0,0
3.0826,0.03,0.01,0,0.01,0,0,0,0
3.10643,0.03,0.01,0.01,0.01,0,0.34,0,0
3.13048,0.03,0.01,0,0.01,0,0.17,0,0
3.15451,0.03,0.01,0,0.01,0.77,0,0,0
3.17856,0.03,0.01,0,0.01,0,0,0,0
3.20238,0.03,0.01,0,0.01,0,0,0,0
3.22632,0.03,0.01,0,0.01,0,0,0,0
3.25019,0.03,0.01,0,0.01,0,0,0,0
3.27098,0.03,0.01,0,0.01,0,0,0,0
3.2916,0.03,0.01,0,0.01,0,0,0,0
3.31228,0.03,0.01,0,0.01,0,0,0,0
3.33309,0.03,0.01,0,0.01,0,0,0,0
3.35693,0.03,0.01,0,0.01,0,1.2,0,0
3.38096,0.03,0.01,0,0.01,0,1.2,0,0
3.4048,0.03,0.01,0,0.01,0,0.86,0,0
3.42556,0.03,0.01,0,0.01,0,0,0,0
3.44618,0.03,0.01,0,0.01,0,0,0,0
3.46678,0.03,0.01,0,0.01,0,0,0,0
3.4874,0.03,0.01,0,0.01,0,0,0,0
3.50822,0.03,0.01,0,0.01,0,0,0,0
3.53209,0.03,0.01,0,0.01,0,1.2,0,0
3.55599,0.03,0.01,0,0.01,0,1.2,0,0
3.58,0.03,0.01,0,0.01,0,0.86,0,0
3.60064,0.03,0.01,0,0.01,0,0,0,0
3.62126,0.03,0.01,0,0.01,0,0,0,0
3.64188,0.03,0.01,0,0.01,0,0,0,0
3.6627,0.03,0.01,0,0.01,0,0,0,0
3.68657,0.03,0.01,0,0.01,0,1.03,0,0
3.71045,0.03,0.01,0,0.01,0,1.2,0,0
3.73451,0.03,0.01,0,0.01,0,0.86,0,0
3.75851,0.03,0.01,0,0.01,0,0.34,0,0
3.78237,0.03,0.01,0,0.01,0,0,0,0
3.80641,0.03,0.01,-0,0.01,0,0,0,0
3.83027,0.03,0.01,0,0.01,0,0,0,0
3.85414,0.03,0.01,0,0.01,0,0,0,0
3.87479,0.03,0.01,0,0.01,0,0,0,0
3.8956,0.03,0.01,0,0.01,0,0,0,0
3.91622,0.03,0.01,0,0.01,0,0,0,0
3.93688,0.03,0.01,0,0.01,0,0,0,0
3.96074,0.03,0.01,0,0.01,0,0,0,0
3.98479,0.03,0.01,0,0.01,0,1.2,0,0
4.00887,0.03,0.01,0,0.01,0,1.2,0,0
4.02946,0.03,0.01,0,0.01,0,0,0,0
4.05024,0.03,0.01,0,0.01,0,0,0,0
4.07089,0.03,0.01,0,0.01,0,0,0,0
4.09151,0.03,0.01,-0,0.01,0,0,0,0
4.11556,0.03,0.01,0,0.01,0,1.2,0,0
4.13941,0.03,0.01,0,0.01,0,0,0,0
4.16015,0.03,0.01,0,0.01,0,0,0,0
4.18079,0.03,0.01,0,0.01,0,0,0,0
4.20484,0.03,0.01,0,0.01,0,0,0,0
4.2287,0.03,0.01,0,0.01,0,1.2,0,0
4.25255,0.03,0.01,0,0.01,0,0,0,0
4.27327,0.03,0.01,0,0.01,0,0,0,0
4.294,0.03,0.01,0,0.01,0,0,0,0
4.31782,0.03,0.01,0,0.01,0,0,0,0
4.34173,0.03,0.01,0,0.01,0,0,0,0
4.36557,0.03,0.01,0,0.01,0,0,0,0
4.38961,0.03,0.01,0,0.01,0,0,0,0
4.41347,0.03,0.01,0,0.01,0,0,0,0
4.43752,0.03,0.01,0,0.01,0,0,0,0
4.46137,0.03,0.01,0,0.01,0,0,0,0
4.48528,0.03,0.01,0,0.01,0,0,0,0
4.50914,0.03,0.01,0,0.01,0,0,0,0
4.53301,0.03,0.01,0,0.01,0,0,0,0
4.55705,0.03,0.01,0,0.01,0,0,0,0
4.58106,0.03,0.01,0,0.01,0,1.2,0,0
4.6051,0.03,0.01,0,0.01,0,1.2,0,0
4.62568,0.03,0.01,0,0.01,0,0,0,0
4.64627,0.03,0.01,0,0.01,0,0,0,0
4.66713,0.03,0.01,0,0.01,0,0,0,0
4.68777,0.03,0.01,0,0.01,0,0,0,0
4.71162,0.03,0.01,0,0.01,0,0,0,0
4.73548,0.03,0.01,0,0.01,0,0,0,0
4.75952,0.03,0.01,0,0.01,0,0,0,0
4.78339,0.03,0.01,0,0.01,0,0,0,0
4.80741,0.03,0.01,0,0.01,0,0,0,0
4.83146,0.03,0.01,0,0.01,0,1.2,0,0
4.85531,0.03,0.01,0,0.01,0,1.2,0,0
4.87588,0.03,0.01,0,0.01,0,0,0,0
4.89667,0.03,0.01,0,0.01,0,0,0,0
4.91722,0.03,0.01,0,0.01,0,0,0,0
4.93785,0.03,0.01,0,0.01,0,0,0,0
4.96172,0.03,0.01,0,0.01,0,0,0,0
4.98568,0.03,0.01,0,0.01,0,0,0,0
5.00957,0.03,0.01,-0,0.01,0,0,0,0
5.03681,0.03,0.01,0,0.01,0,1.2,0,0
5.06072,0.03,0.01,0,0.01,0,1.2,0,0
5.08472,0.03,0.01,0,0.01,0,0.86,0,0
5.10539,0.03,0.01,0,0.01,0,0,0,0
5.12601,0.03,0.01,0,0.01,0,0,0,0
5.14664,0.03,0.01,0,0.01,0,0,0,0
5.16726,0.03,0.01,0,0.01,0,0,0,0
5.18812,0.03,0.01,0,0.01,0,0,0,0
5.21196,0.03,0.01,0,0.01,0,1.2,0,0
5.23601,0.03,0.01,0,0.01,0,0,0,0
5.25663,0.03,0.01,0,0.01,0,0,0,0
5.27737,0.03,0.01,0,0.01,0,0,0,0
5.30116,0.03,0.01,0,0.01,0,0,0,0
5.32507,0.03,0.01,0,0.01,0,0,0,0
5.34886,0.03,0.01,0,0.01,0,0,0,0
5.3729,0.03,0.01,0,0.01,0,0,0,0
5.39677,0.03,0.01,0,0.01,0,0,0,0
5.42066,0.03,0.01,0,0.01,0,0,0,0
5.44453,0.03,0.01,0,0.01,0,0,0,0
5.46835,0.03,0.01,0,0.01,0,0,0,0
5.49246,0.03,0.01,0,0.01,0,0,0,0
5.51632,0.03,0.01,0,0.01,0,0,0,0
5.54029,0.03,0.01,0,0.01,0,0,0,0
5.56727,0.03,0.01,0,0.01,0,0,0,0
5.59109,0.03,0.01,0,0.01,0,0,0,0
5.61509,0.03,0.01,0,0.01,0,0,0,0
5.63916,0.03,0.01,0,0.01,0,0,0,0
5.66308,0.03,0.01,0,0.01,0,0,0,0
5.68689,0.03,0.01,0,0.01,0,0,0,0
5.71094,0.03,0.01,0,0.01,0,0,0,0
5.73481,0.03,0.01,0,0.01,0,0,0,0
5.76215,0.03,0.01,0,0.01,0,0,0,0
5.78601,0.03,0.01,0,0.01,0,0,0,0
5.80989,0.03,0.01,0,0.01,0,0,0,0
5.83375,0.03,0.01,0,0.01,0,0,0,0
5.85765,0.03,0.01,0,0.01,0,0,0,0
5.88167,0.03,0.01,0,0.01,0,0,0,0
5.9057,0.03,0.01,0,0.01,0,0,0,0
5.92961,0.03,0.01,0,0.01,0,0,0,0
5.95362,0.03,0.01,0,0.01,0,1.2,0,0
5.97774,0.03,0.01,0,0.01,0,0,0,0
5.99843,0.03,0.01,0,0.01,0,0,0,0
6.01886,0.03,0.01,0,0.01,0,0,0,0
6.04291,0.03,0.01,0,0.01,0,0,0,0
6.06678,0.03,0.01,0,0.01,0,0,0,0
6.09064,0.03,0.01,0,0.01,0,0,0,0
6.11454,0.03,0.01,0,0.01,0,0,0,0
6.13859,0.03,0.01,0,0.01,0,0,0,0
6.16264,0.03,0.01,0,0.01,0,0,0,0
6.18664,0.03,0.01,0,0.01,0,0,0,0
6.21055,0.03,0.01,0,0.01,0,0,0,0
6.23458,0.03,0.01,0,0.01,0,0,0,0
6.25865,0.03,0.01,0,0.01,0,1.2,0,0
6.2827,0.03,0.01,0,0.01,0,0,0,0
6.3068,0.03,0.01,-0,0.01,0,0.86,0,0
6.32738,0.03,0.01,0,0.01,0,0,0,0
6.34801,0.03,0.01,0,0.01,0,0,0,0
6.36864,0.03,0.01,0,0.01,0,0,0,0
6.3927,0.03,0.01,0,0.01,0,0,0,0
6.4198,0.03,0.01,0,0.01,0.15,0,0,0
6.44707,0.03,0.01,0,0.01,0.46,0,0,0
6.47418,0.03,0.01,0,0.01,0.15,0,0,0
6.49808,0.03,0.01,0,0.01,0,0,0,0
6.52218,0.03,0.01,0,0.01,0,0,0,0
6.54595,0.03,0.01,0,0.01,0,0,0,0
6.56982,0.03,0.01,0,0.01,0,0,0,0
6.59387,0.03,0.01,0,0.01,0,0,0,0
6.61774,0.03,0.01,0,0.01,0,0,0,0
6.64159,0.03,0.01,0,0.01,0,0,0,0
6.66545,0.03,0.01,0,0.01,0,0,0,0
6.68932,0.03,0.01,0,0.01,0,0,0,0
6.71324,0.03,0.01,0,0.01,0,0,0,0
6.73728,0.03,0.01,0,0.01,0,0,0,0
6.76115,0.03,0.01,0,0.01,0,0,0,0
6.78497,0.03,0.01,0,0.01,0,0,0,0
6.80906,0.03,0.01,0,0.01,0,0,0,0
6.83287,0.03,0.01,0,0.01,0,0,0,0
6.85678,0.03,0.01,0,0.01,0,0,0,0
6.88083,0.03,0.01,0,0.01,0,0,0,0
6.90481,0.03,0.01,0,0.01,0,0,0,0
6.92865,0.03,0.01,0,0.01,0,0,0,0
6.95251,0.03,0.01,0,0.01,0,0,0,0
6.97645,0.03,0.01,0,0.01,0,0,0,0
7.00046,0.03,0.01,0,0.01,0,0,0,0
7.02428,0.03,0.01,0,0.01,0,0,0,0
7.04819,0.03,0.01,0,0.01,0,0,0,0
7.07203,0.03,0.01,0,0.01,0,0,0,0
7.09593,0.03,0.01,-0,0.01,0,0,0,0
7.12003,0.03,0.01,0,0.01,0,0,0,0
7.14392,0.03,0.01,0,0.01,0,0,0,0
7.16779,0.03,0.01,0,0.01,0,0,0,0
7.19183,0.03,0.01,0,0.01,0,0,0,0
7.2157,0.03,0.01,0,0.01,0,0,0,0
7.23956,0.03,0.01,0,0.01,0,0,0,0
7.26342,0.03,0.01,0,0.01,0,0,0,0
7.28729,0.03,0.01,0,0.01,0,0,0,0
7.31127,0.03,0.01,0,0.01,0,0,0,0
7.33509,0.03,0.01,0,0.01,0,0,0,0
7.35904,0.03,0.01,0,0.01,0,0,0,0
7.38283,0.03,0.01,0,0.01,0,0,0,0
7.40688,0.03,0.01,0,0.01,0,0,0,0
7.43078,0.03,0.01,0,0.01,0,0,0,0
7.45464,0.03,0.01,0,0.01,0,0,0,0
7.47854,0.03,0.01,0,0.01,0,0,0,0
7.50242,0.03,0.01,0,0.01,0,0,0,0
7.52643,0.03,0.01,-0,0.01,0,0,0,0
7.55045,0.03,0.01,0,0.01,0,0,0,0
7.57436,0.03,0.01,0,0.01,0,0,0,0
7.59842,0.03,0.01,0,0.01,0,0,0,0
7.62227,0.03,0.01,0,0.01,0,0,0,0
7.64617,0.03,0.01,0,0.01,0,0,0,0
7.67058,0.03,0.01,-0,0.01,0,0,0,0
7.69458,0.03,0.01,0,0.01,0,0,0,0
7.71979,0.03,0.01,0,0.01,0,0,-1.48,-0.25
7.74384,0.03,0.01,0,0.01,0,0,-1.48,-0.25
7.7691,0.03,0.01,0,0.01,0,0,-1.78,-0.3
7.79325,0.03,0.01,0,0.01,0,0,-1.78,-0.3
7.81847,0.03,0.01,0,0.01,0,0,-1.75,-0.39
7.84253,0.03,0.01,0,0.01,0,0,-1.75,-0.39
7.86775,0.03,0.01,0,0.01,0,0,-1.91,-0.41
7.89305,0.03,0.01,0,0.01,0,0,-2.03,-0.49
7.91716,0.03,0.01,0,0.01,0,0,-2.03,-0.49
7.94234,0.03,0.01,0,0.01,0,0,-1.97,-0.43
7.96606,0.03,0.01,0,0.01,0,0,-1.97,-0.43
7.99126,0.03,0.01,0,0.01,0,0,-1.87,-0.41
8.01529,0.03,0.01,0,0.01,0,0,-1.87,-0.41
8.04072,0.03,0.01,0,0.01,0,1.2,-2.1,-0.74
8.06458,0.03,0.01,0,0.01,0,0,-2.1,-0.74
8.08998,0.03,0.01,0,0.01,0,0.86,-2.15,-0.97
8.11075,0.03,0.01,0,0.01,0,0,-2.15,-0.97
8.13275,0.03,0.01,0,0.01,0,0,-2.07,-0.77
8.1568,0.03,0.01,0,0.01,0,1.2,-2.07,-0.77
8.18206,0.03,0.01,0,0.01,0,0,-2.14,-0.81
8.20633,0.03,0.01,0.01,0.01,0,0.86,-2.14,-0.81
8.22838,0.03,0.01,0,0.01,0,0,-2.24,-0.9
8.25227,0.03,0.01,0,0.01,0,0.86,-2.24,-0.9
8.27307,0.03,0.01,0,0.01,0,0,-2.24,-0.9
8.29506,0.03,0.01,0,0.01,0,0,-2.34,-1.33
8.31608,0.03,0.01,0,0.01,0,0,-2.34,-1.33
8.3413,0.03,0.01,0,0.01,0,0,-2.36,-1.33
8.36633,0.03,0.01,0,0.01,0,0,-2.28,-1.25
8.3904,0.03,0.01,0,0.01,0,0,-2.28,-1.25
8.41581,0.03,0.01,0,0.01,0,1.2,-2.35,-1.15
8.43987,0.03,0.01,0,0.01,0,1.2,-2.35,-1.15
8.46185,0.03,0.01,0,0.01,0,0,-2.36,-1.05
8.48589,0.03,0.01,0,0.01,0,0.52,-2.36,-1.05
8.51111,0.03,0.01,0,0.01,0,0.69,-2.36,-1.44
8.5352,0.03,0.01,0,0.01,0,0.34,-2.36,-1.44
8.56038,0.03,0.01,0,0.01,0,0,-2.28,-1.19
8.58443,0.03,0.01,0,0.01,0,0,-2.28,-1.19
8.60631,0.03,0.01,0,0.01,0,0,-2.43,-1.06
8.63048,0.03,0.01,0,0.01,0,0,-2.43,-1.06
8.65574,0.03,0.01,0,0.01,0,0.34,-2.38,-1.12
8.67975,0.03,0.01,0,0.01,0,0,-2.38,-1.12
8.70518,0.03,0.01,0,0.01,0,0,-2.28,-1.21
8.72907,0.03,0.01,0,0.01,0,0,-2.28,-1.21
8.75444,0.03,0.01,0,0.01,0,0,-2.51,-1.39
8.77847,0.03,0.01,0,0.01,0,0,-2.51,-1.39
8.80414,0.03,0.01,0,0.01,0,0,-2.47,-1.26
8.82807,0.03,0.01,0,0.01,0,0,-2.47,-1.26
8.85408,0.03,0.01,0,0.01,0,0,-2.47,-1.49
8.87493,0.03,0.01,0,0.01,0,0,-2.47,-1.49
8.89567,0.03,0.01,0,0.01,0,0,-2.47,-1.49
8.91749,0.03,0.01,0,0.01,0,0,-2.55,-1.69
8.93842,0.03,0.01,0,0.01,0,0,-2.55,-1.69
8.96024,0.03,0.01,0,0.01,0,0,-2.48,-1.74
8.98433,0.03,0.01,0,0.01,0,0,-2.48,-1.74
9.00963,0.03,0.01,0,0.01,0,0,-2.88,-2.32
9.03374,0.03,0.01,0,0.01,0,0,-2.88,-2.32
9.05882,0.03,0.01,0,0.01,0,0,-2.79,-2.19
9.0841,0.03,0.01,0,0.01,0,0,-2.7,-2.08
9.10815,0.03,0.01,0,0.01,0,0,-2.7,-2.08
9.13345,0.03,0.01,0,0.01,0,0,-2.76,-2.22
9.1575,0.03,0.01,0,0.01,0,0,-2.76,-2.22
9.18275,0.03,0.01,0,0.01,0,0,-2.69,-2.01
9.20679,0.03,0.01,0,0.01,0,0,-2.69,-2.01
9.23199,0.03,0.01,0,0.01,0,0,-2.92,-2.46
9.25606,0.03,0.01,0,0.01,0,0,-2.92,-2.46
9.28144,0.03,0.01,0,0.01,0,0,-2.97,-2.46
9.3055,0.03,0.01,0,0.01,0,0,-2.97,-2.46
9.33073,0.03,0.01,0,0.01,0,0,-2.98,-2.38
9.35478,0.03,0.01,0,0.01,0,0,-2.98,-2.38
9.37993,0.03,0.01,0,0.01,0,0,-2.81,-2.37
9.40396,0.03,0.01,0,0.01,0,0,-2.81,-2.37
9.42935,0.03,0.01,0,0.01,0,0,-2.78,-2.12
9.45326,0.03,0.01,-0,0.02,0,0,-2.78,-2.12
9.47907,0.03,0.01,0,0.02,0,0,-2.94,-2.31
9.50286,0.03,0.01,0,0.02,0,0,-2.94,-2.31
9.52912,0.03,0.01,0,0.02,0,0,-2.81,-2.27
9.55441,0.03,0.01,0,0.03,0,0,-2.62,-1.93
9.57845,0.03,0.01,0,0.03,0,0,-2.62,-1.93
9.60383,0.03,0.01,0,0.03,0,0,-2.66,-1.78
9.62787,0.03,0.01,0,0.03,0,0,-2.66,-1.78
9.65398,0.03,0.01,0,0.04,0,0,-2.5,-1.67
9.67782,0.03,0.01,0,0.04,0,0,-2.5,-1.67
9.70085,0.03,0.01,0,0.06,0,0,-2.72,-1.98
9.72179,0.03,0.01,0,0.06,0,0,-2.72,-1.98
9.74245,0.03,0.01,0,0.07,0,0,-2.72,-1.98
9.76784,0.03,0.01,0,0.09,0,0.69,-2.68,-1.96
9.78848,0.03,0.01,0,0.09,0,0,-2.68,-1.96
9.81389,0.03,0.01,0,0.09,0,0.69,-2.59,-1.71
9.83449,0.03,0.01,0,0.1,0,0,-2.59,-1.71
9.85651,0.03,0.01,0,0.1,0,0,-2.49,-1.49
9.87726,0.03,0.01,0,0.11,0,0,-2.49,-1.49
9.89813,0.03,0.01,0,0.12,0,0,-2.49,-1.49
9.92338,0.03,0.01,0,0.12,0,1.03,-2.39,-1.28
9.94746,0.03,0.01,0,0.13,0,0.86,-2.39,-1.28
9.97289,0.03,0.01,0,0.14,0,1.37,-2.61,-1.82
9.99684,0.03,0.01,0,0.16,0,0.86,-2.61,-1.82
10.022,0.03,0.01,0,0.17,0,0.34,-2.74,-1.93
10.0462,0.03,0.01,0,0.18,0,1.2,-2.74,-1.93
10.0748,0.03,0.01,0,0.19,0.77,2.24,-2.6,-1.54
10.0988,0.03,0.01,0,0.2,0,2.76,-2.6,-1.54
10.1242,0.03,0.02,0,0.21,0,3.1,-2.33,-1.29
10.148,0.03,0.02,0,0.22,0,4.32,-2.33,-1.29
10.1733,0.03,0.02,0,0.22,0,2.07,-2.36,-1.16
10.1973,0.03,0.01,0,0.23,0,3.98,-2.36,-1.16
10.2226,0.03,0.01,0,0.24,0,3.11,-2.28,-1.3
10.2467,0.03,0.02,0,0.25,0,7.47,-2.28,-1.3
10.2719,0.03,0.02,0,0.26,0,10.97,-2.26,-1.25
10.2972,0.03,0.02,0,0.28,0,8.88,-2.1,-0.99
10.3213,0.03,0.02,0,0.29,0,7.15,-2.1,-0.99
10.3468,0.03,0.02,0,0.3,0,5.23,-1.98,-0.94
10.3708,0.03,0.02,0,0.3,0,7.69,-1.98,-0.94
10.396,0.03,0.02,0,0.31,0,7.87,-1.96,-0.84
10.4201,0.03,0.02,0,0.32,0,3.67,-1.96,-0.84
10.4485,0.03,0.02,0,0.33,0.77,6.47,-2.2,-0.99
10.4758,0.03,0.02,0,0.34,0.77,6.48,-2.2,-0.99
10.5045,0.03,0.02,0,0.35,0.31,2.1,-2.25,-0.94
10.53,0.03,0.02,0,0.36,0,1.4,-2.09,-0.93
10.554,0.03,0.02,0,0.37,0,3.33,-2.09,-0.93
10.5793,0.03,0.02,0,0.37,0,6.3,-2.06,-0.84
10.6032,0.03,0.03,0,0.39,0,8.23,-2.06,-0.84
10.6292,0.03,0.03,0,0.4,0,7.88,-1.97,-0.83
10.6532,0.03,0.03,0,0.4,0,8.4,-1.97,-0.83
10.6792,0.03,0.02,0,0.41,0,8.75,-2.12,-0.9
10.7032,0.03,0.03,0,0.42,0,8.22,-2.12,-0.9
10.7291,0.03,0.03,0,0.42,0,4.9,-2.15,-0.92
10.7545,0.03,0.03,0,0.43,0,3.15,-2.07,-0.84
10.7753,0.03,0.02,0,0.43,0,0,-2.07,-0.84
10.796,0.03,0.03,0,0.44,0,0,-2.07,-0.84
10.8214,0.03,0.03,0,0.45,0,1.22,-1.98,-0.83
10.8454,0.03,0.03,0,0.45,0,2.62,-1.98,-0.83
10.8707,0.03,0.03,0,0.47,0,6.29,-1.87,-0.66
10.8948,0.03,0.03,0,0.47,0,5.24,-1.87,-0.66
10.9203,0.03,0.03,0,0.48,0,3.84,-1.94,-0.62
10.9445,0.03,0.03,0,0.48,0,5.41,-1.94,-0.62
10.9697,0.03,0.02,0,0.49,0,4.19,-1.87,-0.7
10.9938,0.03,0.02,0,0.49,0,4.36,-1.87,-0.7
11.0192,0.03,0.02,-0,0.49,0,2.96,-1.93,-0.72
11.0432,0.03,0.03,0,0.49,0,1.57,-1.93,-0.72
11.0684,0.03,0.03,0,0.5,0,5.22,-1.78,-0.55
11.0925,0.03,0.03,0,0.5,0,4.52,-1.78,-0.55
11.1177,0.03,0.03,0,0.51,0,3.3,-1.67,-0.52
11.1417,0.03,0.03,0,0.51,0,3.13,-1.67,-0.52
11.1671,0.03,0.03,0,0.51,0,5.38,-1.81,-0.52
11.1912,0.03,0.03,0,0.52,0,5.2,-1.81,-0.52
11.2165,0.03,0.03,0,0.52,0,3.12,-1.76,-0.51
11.2405,0.03,0.03,0,0.53,0,2.43,-1.76,-0.51
11.2659,0.03,0.03,0,0.52,0,0.35,-1.67,-0.43
11.2899,0.03,0.03,-0,0.53,0,0.69,-1.67,-0.43
11.3118,0.03,0.03,-0,0.52,0,0,-1.65,-0.33
11.3327,0.03,0.03,0,0.52,0,0,-1.65,-0.33
11.3573,0.03,0.03,0,0.52,0,0,-1.73,11.19
11.384,0.03,0.03,0,0.53,0,1.04,-1.73,11.19
11.4089,0.03,0.03,0.01,0.52,0,0,-1.74,28.29
11.4357,0.03,0.03,0,0.53,0,3.64,-1.74,28.29
11.4638,0.03,0.03,0,0.53,0,4.5,-1.75,54.88
11.4917,0.03,0.03,-0,0.53,0,7.96,-1.66,82.55
11.5188,0.03,0.02,0,0.53,0,11.42,-1.66,82.55
11.5469,0.03,0.03,0,0.53,0,13.68,-1.65,101.56
11.5738,0.03,0.02,0,0.53,0,17.84,-1.65,101.56
11.602,0.03,0.02,-0,0.53,0,21.82,-1.64,118.43
11.6289,0.03,0.03,-0,0.52,0,24.45,-1.64,118.43
11.6572,0.03,0.03,-0,0.52,0,29.31,-1.64,136.93
11.6853,0.03,0.03,-0,0.52,0,35.38,-1.64,162.98
11.7123,0.03,0.03,-0,0.52,0,41.97,-1.64,162.98
11.7404,0.03,0.03,-0,0.53,0,49.39,-1.64,185.86
11.7672,0.03,0.03,-0,0.52,0,55.84,-1.64,185.86
11.7953,0.03,0.02,0,0.53,0,64.12,-1.64,205.39
11.8223,0.03,0.03,0,0.52,0,71.45,-1.64,205.39
11.8503,0.03,0.03,0,0.52,0,78.43,-1.64,218.01
11.8771,0.03,0.03,0,0.52,0,85.12,-1.64,218.01
11.9055,0.03,0.03,0,0.52,0,92.64,-1.81,224.39
11.937,0.03,0.04,0,0.52,1.87,104.87,-1.68,228.88
11.9683,0.03,0.04,0,0.51,0.93,110.01,-1.57,231.01
11.9986,0.03,0.04,0,0.49,-0.16,105.98,-1.57,231.01
12.0267,0.03,0.05,0,0.49,0,113.36,-1.55,232.58
12.0536,0.03,0.04,-0,0.48,0,121.6,-1.55,232.58
12.082,0.03,0.04,0,0.48,0,129.5,-1.54,233.72
12.1103,0.03,0.04,0,0.48,0,139.13,-1.71,234.36
12.1374,0.03,0.04,0,0.48,0,147.38,-1.71,234.36
12.1655,0.03,0.05,0,0.48,0,153.9,-1.66,235.22
12.1925,0.03,0.05,0,0.47,0,160.76,-1.66,235.22
12.2207,0.03,0.05,0,0.47,0,166.21,-1.65,235.97
12.2477,0.03,0.05,0,0.47,0,173.04,-1.65,235.97
12.2758,0.03,0.06,0,0.46,0,177.91,-1.64,236.61
12.3028,0.03,0.06,0,0.45,0,182.37,-1.64,236.61
12.3309,0.03,0.06,0,0.45,0,192.38,-1.64,237.32
12.3589,0.03,0.06,0,0.44,0,191.99,-1.73,237.54
12.3859,0.03,0.06,0,0.43,0,195.61,-1.73,237.54
12.4141,0.03,0.06,0,0.43,0,200.58,-1.74,238.08
12.4411,0.03,0.06,0.01,0.42,0,198.06,-1.74,238.08
12.4693,0.03,0.06,0,0.42,0,198.23,-1.75,238.43
12.4963,0.03,0.06,0,0.42,0,196.92,-1.75,238.43
12.5244,0.03,0.06,0,0.41,0,193.12,-1.75,239.08
12.5513,0.03,0.07,0,0.4,0,195.77,-1.75,239.08
12.5795,0.03,0.07,0,0.4,0,191.97,-1.75,239.62
12.6078,0.03,0.06,0,0.4,0,190.63,-1.75,239.56
12.6347,0.03,0.07,0,0.4,0,190.63,-1.75,239.56
12.6629,0.03,0.07,0,0.39,0,189.47,-1.66,239.96
12.691,0.03,0.07,0,0.39,0,188.13,-1.73,240.37
12.7181,0.03,0.07,0,0.39,0,188.13,-1.73,240.37
12.7464,0.03,0.07,0,0.39,0,188.13,-1.66,240.7
12.7732,0.03,0.07,0,0.38,0,188.13,-1.66,240.7
12.8013,0.03,0.07,0,0.39,0,188.13,-1.65,240.77
12.8283,0.03,0.07,0,0.39,0,188.13,-1.65,240.77
12.8566,0.03,0.07,0,0.38,0,186.78,-1.73,241.11
12.8849,0.03,0.07,0.01,0.37,0,181.72,-1.66,241.42
12.9118,0.03,0.07,0,0.37,0,179.16,-1.66,241.42
12.9402,0.03,0.07,0,0.36,0,177.8,-1.65,241.73
12.9671,0.03,0.07,0,0.36,0,180.36,-1.65,241.73
12.9954,0.03,0.07,0,0.36,0,179.16,-1.64,241.96
13.0223,0.03,0.07,-0.01,0.36,0,177.8,-1.64,241.96
13.0503,0.03,0.07,0,0.36,0,177.8,-1.73,241.84
13.0773,0.03,0.07,0,0.36,0,177.8,-1.73,241.84
13.1053,0.03,0.07,0,0.36,0,173.85,-1.74,242.06
13.1338,0.03,0.07,0,0.35,0,172.47,-1.66,242.19
13.1621,0.03,0.07,0,0.35,0,171.26,-1.57,242.3
13.189,0.03,0.07,0,0.35,0,171.26,-1.57,242.3
13.2171,0.03,0.07,0,0.35,0,167.26,-1.55,241.91
13.2442,0.03,0.07,0,0.34,0,167.26,-1.55,241.91
13.2724,0.03,0.07,0,0.34,0,165.87,-1.62,240.76
13.2993,0.03,0.07,0,0.34,0,167.26,-1.62,240.76
13.3276,0.03,0.07,0,0.34,0,167.26,-1.64,239.3
13.3546,0.03,0.07,0,0.34,0,167.26,-1.64,239.3
13.3829,0.03,0.07,0,0.34,0,168.83,-1.64,226.6
13.411,0.03,0.07,0,0.34,0,168.83,-1.56,194.23
13.4381,0.03,0.07,0,0.34,0,168.83,-1.56,194.23
13.4664,0.03,0.07,0,0.34,0,168.83,-1.54,174.36
13.4933,0.03,0.07,0,0.34,0,167.44,-1.54,174.36
13.5215,0.03,0.07,0,0.34,0,167.44,-1.62,159.7
13.5484,0.03,0.07,0,0.34,0,167.44,-1.62,159.7
13.5764,0.03,0.07,0,0.34,0,166.04,-1.56,142.55
13.6034,0.03,0.07,0,0.34,0,166.04,-1.56,142.55
13.6317,0.03,0.07,0,0.34,0,166.21,-1.54,126.55
13.6601,0.03,0.07,-0.01,0.34,0,166.21,-1.54,115.29
13.6869,0.03,0.07,0,0.34,0,164.82,-1.54,115.29
13.7153,0.03,0.07,-0.01,0.34,0,164.82,-1.54,101.7
13.7422,0.03,0.07,0,0.33,0,162.02,-1.54,101.7
13.7703,0.03,0.07,0.01,0.33,0,159.55,-1.62,83.21
13.7973,0.03,0.07,0,0.33,0,159.55,-1.62,83.21
13.8254,0.03,0.07,0,0.33,0,159.38,-1.64,67.84
13.8523,0.03,0.07,-0.01,0.32,0,158.31,-1.64,67.84
13.8805,0.03,0.06,0,0.31,0,155.49,-1.56,61.4
13.9086,0.03,0.06,0,0.28,0,139.24,-1.54,60.02
13.9369,0.03,0.06,0,0.27,0,136.54,-1.54,53.26
13.9636,0.03,0.06,0,0.25,0,133.83,-1.54,53.26
13.9918,0.03,0.05,0,0.25,0,129.85,-1.54,45.41
14.0188,0.03,0.05,0,0.21,0,116.26,-1.54,45.41
14.0503,0.03,0.06,0.01,0.19,0.93,112.58,-1.54,41.3
14.077,0.03,0.06,0,0.19,0,109.86,-1.54,41.3
14.1086,0.03,0.06,0,0.18,0.47,105.87,-1.71,34.56
14.1367,0.03,0.06,0,0.17,0,104.43,-1.66,26.22
14.1668,0.03,0.06,0,0.15,0.47,102.03,-1.66,26.22
14.195,0.03,0.06,0,0.14,0,99.48,-1.65,23.41
14.2218,0.03,0.06,-0,0.13,0,99.48,-1.65,23.41
14.2498,0.03,0.06,-0,0.11,0,95.51,-1.81,22.27
14.2767,0.03,0.06,-0,0.11,0,92.98,-1.81,22.27
14.3082,0.03,0.06,-0,0.09,0.93,82.76,-1.84,22.12
14.3396,0.03,0.06,-0,0.08,0.93,81.37,-1.68,22.26
14.371,0.03,0.06,-0,0.07,0.47,80.12,-1.73,22.37
14.4013,0.03,0.06,-0,0.07,-0.16,77.64,-1.73,22.37
14.4293,0.03,0.06,0,0.06,0,75.17,-1.74,22.31
14.4576,0.03,0.06,-0,0.07,0,77.64,-1.83,21.88
14.4844,0.03,0.06,-0,0.06,0,78.88,-1.83,21.88
14.5125,0.03,0.06,-0,0.07,0,77.64,-1.84,22.04
14.5393,0.03,0.06,-0,0.06,0,76.41,-1.84,22.04
14.5674,0.03,0.06,-0,0.06,0,76.41,-1.85,19.61
14.5943,0.03,0.06,-0,0.06,0,76.41,-1.85,19.61
14.6225,0.03,0.06,-0,0.07,0,78.88,-1.77,17.24
14.6494,0.03,0.06,-0,0.07,0,78.88,-1.77,17.24
14.6776,0.03,0.06,-0,0.07,0,77.64,-1.83,15.53
14.7043,0.03,0.06,0,0.07,0,77.64,-1.83,15.53
14.7324,0.03,0.06,0,0.07,0,78.88,-2.17,13.62
14.7578,0.03,0.06,-0,0.07,0,78.74,-2,4.86
14.782,0.03,0.06,-0,0.07,0,67,-2,4.86
14.8075,0.03,0.06,-0,0.07,0,53.28,-2.04,2.12
14.8315,0.03,0.06,-0,0.07,0,36.29,-2.04,2.12
14.8601,0.03,0.06,-0,0.07,0.78,24.31,-2.05,1.41
14.8875,0.03,0.06,-0.01,0.07,0.78,17.33,-2.05,1.41
14.9162,0.03,0.06,-0.01,0.08,0.31,13.11,-2.14,1.19
14.9435,0.03,0.06,-0,0.08,-0.16,9,-2.14,1.19
14.9688,0.03,0.06,-0,0.08,0,5.76,-2.24,0.73
14.9929,0.03,0.06,-0,0.08,0,2.96,-2.24,0.73
15.0182,0.03,0.06,-0,0.08,0,4.24,-2.17,0.56
15.0436,0.03,0.06,-0,0.08,0,3.46,-2.08,0.69
15.0677,0.03,0.06,-0,0.08,0,2.84,-2.08,0.69
15.0929,0.03,0.06,-0,0.08,0,1.73,-2.06,0.63
15.1171,0.03,0.06,-0,0.08,0,0.95,-2.06,0.63
15.1423,0.03,0.06,-0,0.08,0,2.38,-2.14,0.45
15.1664,0.03,0.06,-0,0.08,0,2.86,-2.14,0.45
15.1916,0.03,0.06,-0,0.08,0,1.91,-2.32,0.42
15.2157,0.03,0.06,-0,0.08,0,0.8,-2.32,0.42
15.241,0.03,0.06,-0,0.08,0,1.44,-2.44,0.17
15.2619,0.03,0.05,-0,0.08,0,0,-2.44,0.17
15.2871,0.03,0.05,-0,0.08,0,0.48,-2.21,0.2
15.3111,0.03,0.05,-0,0.08,0,0.64,-2.21,0.2
15.3363,0.03,0.06,-0,0.08,0,0.32,-2.17,0.29
15.3604,0.03,0.06,-0,0.08,0,0,-2.17,0.29
15.3856,0.03,0.06,-0,0.08,0,0.8,-2.32,0.22
15.4097,0.03,0.05,-0,0.08,0,1.92,-2.32,0.22
15.435,0.03,0.05,-0,0.08,0,3.55,-2.52,-0.45
15.4592,0.03,0.05,-0,0.08,0,2.74,-2.52,-0.45
15.4845,0.03,0.05,-0,0.08,0,1.45,-2.56,-0.5
15.5085,0.03,0.05,-0.01,0.08,0,1.62,-2.56,-0.5
15.5339,0.03,0.05,-0,0.08,0,0.16,-2.48,-0.51
15.5559,0.03,0.05,-0,0.08,0,0,-2.55,-0.35
15.5801,0.03,0.06,-0.01,0.08,0,0.97,-2.55,-0.35
15.6054,0.03,0.06,-0,0.08,0,0.97,-2.56,-0.32
15.6262,0.03,0.06,-0,0.08,0,0,-2.56,-0.32
15.6503,0.03,0.06,-0,0.08,0,0.32,-2.56,-0.32
15.6756,0.03,0.06,-0,0.08,0,0.48,-2.73,-1.05
15.6997,0.03,0.06,-0,0.08,0,0.32,-2.73,-1.05
15.7249,0.03,0.06,-0,0.08,0,0,-2.6,-0.95
15.7489,0.03,0.06,-0,0.08,0,0,-2.6,-0.95
15.7742,0.03,0.06,-0,0.08,0,0,-2.49,-0.6
15.7982,0.03,0.06,-0,0.08,0,0,-2.49,-0.6
15.8235,0.03,0.06,-0,0.08,0,0,-2.55,-0.61
15.8475,0.03,0.06,-0,0.08,0,0,-2.55,-0.61
15.8729,0.03,0.06,-0,0.08,0,1.13,-2.57,-0.62
15.8969,0.03,0.06,-0,0.08,0,1.13,-2.57,-0.62
15.9223,0.03,0.06,-0,0.08,0,0.65,-2.73,-1.03
15.9462,0.03,0.06,-0,0.08,0,1.3,-2.73,-1.03
15.9714,0.03,0.06,-0,0.08,0,1.95,-2.77,-1.19
15.9957,0.03,0.06,-0,0.08,0,0.49,-2.77,-1.19
16.0209,0.03,0.06,-0,0.08,0,0.98,-2.77,-0.98
16.0452,0.03,0.06,-0,0.08,0,1.14,-2.77,-0.98
16.0672,0.03,0.06,-0,0.08,0,0,-2.69,-0.85
16.0879,0.03,0.06,-0,0.08,0,0,-2.69,-0.85
16.1099,0.03,0.06,-0,0.08,0,0,-2.76,-0.83
16.1339,0.03,0.06,-0,0.08,0,1.3,-2.76,-0.83
16.1592,0.03,0.06,-0,0.08,0,2.61,-2.85,-1.23
16.1833,0.03,0.06,-0,0.08,0,0.98,-2.85,-1.23
16.2086,0.03,0.06,-0,0.09,0,1.14,-2.87,-1.23
16.2327,0.03,0.06,-0,0.1,0,2.95,-2.87,-1.23
16.2583,0.03,0.06,-0,0.1,0,4.77,-2.88,-1.07
16.2837,0.03,0.06,-0,0.11,0,4.62,-2.63,-0.87
16.3078,0.03,0.06,-0,0.11,0,2.8,-2.63,-0.87
16.3333,0.03,0.06,-0,0.12,0,3.31,-2.5,-0.75
16.3573,0.03,0.06,-0,0.13,0,4.82,-2.5,-0.75
16.3825,0.03,0.06,-0,0.15,0,5.5,-2.64,-1.3
16.4068,0.03,0.06,-0,0.15,0,12.68,-2.64,-1.3
16.4322,0.03,0.06,-0,0.17,0,12.88,-2.58,-1.16
16.4564,0.03,0.06,-0,0.19,0,9,-2.58,-1.16
16.4818,0.03,0.06,-0,0.19,0,8.87,-2.57,-0.97
16.5058,0.03,0.06,-0,0.21,0,12.01,-2.57,-0.97
16.5313,0.03,0.06,-0,0.22,0,10.83,-2.49,-1.02
16.5554,0.03,0.06,-0,0.23,0,9.83,-2.49,-1.02
16.5808,0.03,0.06,-0,0.25,0,6.04,-2.72,-1.11
16.6048,0.03,0.06,-0,0.26,0,6.4,-2.72,-1.11
16.6303,0.03,0.06,-0,0.26,0,4.5,-2.68,-1.04
16.6543,0.03,0.06,-0,0.29,0,9.2,-2.68,-1.04
16.6796,0.03,0.06,-0,0.29,0,13.41,-2.67,-1.03
16.7037,0.03,0.06,-0,0.3,0,9.58,-2.67,-1.03
16.7293,0.03,0.06,-0,0.32,0,4.7,-2.34,-0.7
16.7546,0.03,0.06,-0.02,0.33,0,4.01,-2.28,-0.63
16.7787,0.03,0.06,-0,0.34,0,8.56,-2.28,-0.63
16.8043,0.03,0.06,-0,0.35,0,10.49,-2.59,-0.87
16.8284,0.03,0.06,-0.01,0.36,0,6.99,-2.59,-0.87
16.8542,0.03,0.06,-0,0.36,0,0.52,-2.49,-0.75
16.8782,0.03,0.06,-0,0.37,0,2.27,-2.49,-0.75
16.9042,0.03,0.06,-0,0.38,0,3.5,-2.39,-0.72
16.9282,0.03,0.06,-0,0.39,0,4.73,-2.39,-0.72
16.9542,0.03,0.06,-0,0.39,0,4.55,-2.29,-0.64
16.9782,0.03,0.06,-0,0.4,0,7.36,-2.29,-0.64
17.0042,0.03,0.06,-0,0.4,0,6.66,-2.18,-0.46
17.0282,0.03,0.06,-0,0.4,0,4.03,-2.18,-0.46
17.0542,0.03,0.06,-0,0.4,0,1.58,-2.57,-0.91
17.0782,0.03,0.06,-0,0.41,0,1.75,-2.57,-0.91
17.1041,0.03,0.06,-0,0.41,0,4.73,-2.4,-1
17.128,0.03,0.06,-0,0.41,0,2.63,-2.4,-1
17.1542,0.03,0.06,-0,0.41,0,0.7,-2.29,-0.69
17.1782,0.03,0.06,-0,0.41,0,1.23,-2.29,-0.69
17.2042,0.03,0.06,-0,0.41,0,2.28,-2.27,-0.55
17.2282,0.03,0.06,-0,0.41,0,2.98,-2.27,-0.55
17.2541,0.03,0.06,-0,0.42,0,3.15,-2.18,-0.44
17.2784,0.03,0.06,-0,0.42,0,-0.18,-2.18,-0.44
17.3007,0.03,0.06,-0,0.42,0,0,-2.24,-0.58
17.3214,0.03,0.06,-0,0.42,0,0,-2.24,-0.58
17.3454,0.03,0.06,-0,0.42,0,0.53,-2.24,-0.58
17.3709,0.03,0.06,-0,0.42,0,1.23,-2.17,-0.53
17.3949,0.03,0.06,0,0.42,0,1.75,-2.17,-0.53
17.4203,0.03,0.06,-0,0.43,0,1.23,-2.16,-0.43
17.4457,0.03,0.06,-0,0.43,0,0.53,-1.99,-0.25
17.4699,0.03,0.06,-0,0.43,0,0,-1.99,-0.25
17.4952,0.03,0.06,-0,0.43,0,0,-2.04,-0.13
17.5192,0.03,0.06,-0,0.43,0,1.23,-2.04,-0.13
17.5446,0.03,0.06,-0,0.43,0,1.05,-2.13,-0.6
17.5686,0.03,0.06,-0,0.43,0,1.75,-2.13,-0.6
17.5938,0.03,0.06,-0,0.43,0,1.23,-2.07,-0.37
17.6181,0.03,0.06,-0,0.44,0,0.53,-2.07,-0.37
17.6433,0.03,0.06,-0,0.44,0,0,-1.89,8.39
17.6672,0.03,0.06,-0,0.44,0,0,-1.89,8.39
17.6953,0.03,0.06,-0.01,0.44,0,0,-1.94,26.82
17.7221,0.03,0.06,-0,0.44,0,1.05,-1.94,26.82
17.75,0.03,0.06,-0,0.44,0,2.1,-1.87,47.52
17.777,0.03,0.06,-0,0.44,0,4.03,-1.87,47.52
17.8049,0.03,0.06,-0,0.44,0,3.5,-1.93,65.3
17.8331,0.03,0.06,-0,0.44,0,7.7,-1.95,76.75
17.86,0.03,0.06,-0,0.44,0,9.46,-1.95,76.75
17.8882,0.03,0.06,-0.01,0.44,0,11.38,-1.87,81.5
17.9152,0.03,0.06,-0,0.44,0,15.58,-1.87,81.5
17.9434,0.03,0.06,-0.01,0.44,0,18.91,-1.77,89.11
17.9715,0.03,0.06,-0,0.44,0,21.36,-1.75,96.06
17.9983,0.03,0.06,0,0.44,0,25.22,-1.75,96.06
18.0264,0.03,0.06,0,0.44,0,30.12,-1.75,98.51
18.0532,0.03,0.06,-0,0.43,0,31.7,-1.75,98.51
18.0814,0.03,0.06,-0,0.43,0,35.55,-1.75,103.36
18.1096,0.03,0.06,-0,0.43,0,39.75,-1.66,109.43
18.1365,0.03,0.06,-0,0.43,0,44.13,-1.66,109.43
18.1647,0.03,0.06,-0,0.43,0,48.34,-1.57,112.2
18.1916,0.03,0.06,-0,0.43,0,54.11,-1.57,112.2
18.2197,0.03,0.06,-0,0.43,0,56.22,-1.55,113.66
18.2466,0.03,0.06,-0.01,0.43,0,64.09,-1.55,113.66
18.2747,0.03,0.06,-0,0.42,0,65.15,-1.71,118.55
18.3019,0.03,0.06,-0,0.42,0,68.66,-1.71,118.55
18.33,0.03,0.06,-0,0.41,0,70.93,-1.57,127.58
18.3583,0.03,0.06,-0,0.4,0,69.32,-1.55,130.71
18.3852,0.03,0.06,-0,0.4,0,73.16,-1.55,130.71
18.4134,0.03,0.06,-0,0.4,0,75.75,-1.62,131.99
18.4403,0.03,0.06,0,0.4,0,84.37,-1.62,131.99
18.4686,0.03,0.06,-0,0.39,0,76.43,-1.56,137.5
18.4954,0.03,0.06,-0,0.38,0,79.5,-1.56,137.5
18.5237,0.03,0.06,-0.01,0.38,0,85.82,-1.63,144.28
18.5506,0.03,0.06,-0,0.38,0,90.66,-1.63,144.28
18.5788,0.03,0.06,-0,0.38,0,94.8,-1.64,147.44
18.6071,0.03,0.06,-0,0.38,0,97.43,-1.64,148.65
18.6354,0.03,0.06,-0,0.37,0,100.96,-1.64,149.38
18.6624,0.03,0.06,0,0.38,0,107.98,-1.64,149.38
18.6906,0.03,0.06,-0,0.37,0,108.57,-1.64,150.1
18.7176,0.03,0.06,-0,0.37,0,114.29,-1.64,150.1
18.7459,0.03,0.05,0,0.36,0,114.81,-1.73,150.17
18.7726,0.03,0.05,-0,0.36,0,118.23,-1.73,150.17
18.8009,0.03,0.05,-0,0.36,0,124.1,-1.74,150.51
18.8279,0.03,0.05,-0,0.36,0,129.63,-1.74,150.51
18.8562,0.03,0.05,-0,0.36,0,135.32,-1.75,150.99
18.8845,0.03,0.05,-0,0.36,0,141.02,-1.66,151.33
18.9114,0.03,0.05,-0,0.36,0,145.2,-1.66,151.33
18.9395,0.03,0.05,0,0.36,0,150.72,-1.73,151.64
18.9665,0.03,0.05,0,0.36,0,153.71,-1.73,151.64
18.9946,0.03,0.05,0,0.35,0,156.66,-1.74,151.79
19.0217,0.03,0.05,0,0.35,0,159.42,-1.74,151.79
19.0499,0.03,0.05,0,0.34,0,163.52,-1.75,151.98
19.0768,0.03,0.05,0,0.33,0,159.09,-1.75,151.98
19.1051,0.03,0.05,0,0.32,0,156.56,-1.83,152.35
19.1332,0.03,0.05,0,0.32,0,154.41,-1.68,152.59
19.1614,0.03,0.05,0,0.32,0,155.66,-1.57,151.73
19.1882,0.03,0.05,0,0.32,0,155.66,-1.57,151.73
19.2164,0.03,0.05,0,0.32,0,155.66,-1.71,151.23
19.2434,0.03,0.05,0,0.31,0,153,-1.71,151.23
19.2715,0.03,0.05,0,0.31,0,153,-1.66,147.19
19.2984,0.03,0.05,0,0.31,0,153,-1.66,147.19
19.3265,0.03,0.05,0,0.31,0,153,-1.65,128.79
19.3535,0.03,0.05,0,0.3,0,151.58,-1.65,128.79
19.3818,0.03,0.05,0,0.3,0,150.32,-1.48,105.55
19.4098,0.03,0.05,0.01,0.3,0,150.32,-1.45,94.58
19.4367,0.03,0.05,0,0.3,0,150.32,-1.45,94.58
19.4649,0.03,0.05,-0.01,0.3,0,151.58,-1.6,86.38
19.4916,0.03,0.05,0,0.3,0,151.58,-1.6,86.38
19.5196,0.03,0.05,0,0.3,0,150.32,-1.64,75.05
19.5466,0.03,0.05,0,0.3,0,150.32,-1.64,75.05
19.5747,0.03,0.05,0,0.3,0,148.9,-1.64,64.81
19.6017,0.03,0.05,0,0.29,0,147.65,-1.64,64.81
19.6298,0.03,0.05,0,0.29,0,147.65,-1.64,53.23
19.6581,0.03,0.05,0,0.3,0,148.9,-1.64,48.37
19.6849,0.03,0.05,0,0.3,0,150.32,-1.64,48.37
19.713,0.03,0.05,0,0.3,0,148.9,-1.64,46.98
19.74,0.03,0.05,0,0.3,0,148.9,-1.64,46.98
19.768,0.03,0.05,0,0.29,0,147.65,-1.64,46.71
19.7949,0.03,0.06,0,0.29,0,147.65,-1.64,46.71
19.8229,0.03,0.06,0,0.29,0,147.65,-1.64,46.65
19.851,0.03,0.05,0,0.29,0,147.65,-1.73,39.98
19.8779,0.03,0.05,0,0.29,0,147.65,-1.73,39.98
19.9063,0.03,0.05,0,0.29,0,147.65,-1.66,21.56
19.9344,0.03,0.05,0,0.29,0,147.65,-1.65,10.89
19.9612,0.03,0.05,0,0.29,0,147.65,-1.65,10.89
19.9865,0.03,0.05,0,0.29,0,147.48,-1.56,7.6
20.0106,0.03,0.05,0,0.3,0,135.32,-1.56,7.6
20.036,0.03,0.06,0,0.3,0,118.79,-1.55,6.7
20.0635,0.03,0.06,0,0.3,0.77,96.21,-1.55,6.7
20.0888,0.03,0.05,0,0.3,0,76.9,-1.54,6.11
20.1161,0.03,0.05,0,0.3,0.46,53.33,-1.54,6.11
20.1447,0.03,0.05,0,0.31,1.86,44.1,-1.62,5.74
20.1721,0.03,0.05,-0.01,0.32,1.4,29.29,-1.62,5.74
20.2006,0.03,0.05,0,0.33,0.62,16.58,-1.56,4.93
20.2278,0.03,0.05,0,0.33,0.93,10.04,-1.56,4.93
20.2566,0.03,0.05,-0,0.34,0.62,14.09,-1.63,3.04
20.2853,0.03,0.05,-0,0.34,0.31,12.71,-1.56,2.5
20.3105,0.03,0.05,-0,0.34,0,7.14,-1.54,2.31
20.3347,0.03,0.05,-0,0.35,0,3.14,-1.54,2.31
20.3598,0.03,0.05,-0,0.35,0,2.27,-1.46,2.19
20.3841,0.03,0.05,-0,0.35,0,2.62,-1.46,2.19
20.4093,0.03,0.05,-0,0.35,0,0.7,-1.61,1.92
20.4302,0.03,0.05,-0,0.35,0,0,-1.61,1.92
20.4553,0.03,0.05,-0,0.35,0,0,-1.64,1.94
20.476,0.03,0.06,-0,0.35,0,0,-1.64,1.94
20.4969,0.03,0.06,-0,0.35,0,0,-1.64,1.94
20.5188,0.03,0.06,-0,0.35,0,0,-1.64,1.95
20.5396,0.03,0.06,-0,0.35,0,0,-1.64,1.95
20.5616,0.03,0.06,-0,0.35,0,0,-1.56,1.87
20.5824,0.03,0.06,-0,0.35,0,0,-1.56,1.87
20.6075,0.03,0.06,-0,0.35,0,0,-1.54,1.77
20.6318,0.03,0.06,-0,0.35,0,0.17,-1.54,1.77
20.6538,0.03,0.05,-0,0.35,0,0,-1.54,1.75
20.6745,0.03,0.06,-0,0.35,0,0,-1.54,1.75
20.6986,0.03,0.06,-0,0.35,0.16,0,-1.54,1.75
20.7238,0.03,0.06,-0,0.35,0,0.52,-1.62,1.75
20.7478,0.03,0.06,-0,0.35,0,1.92,-1.62,1.75
20.773,0.03,0.06,-0,0.35,0,1.39,-1.56,1.75
20.7971,0.03,0.06,-0,0.36,0,0.87,-1.56,1.75
20.8223,0.03,0.05,-0,0.36,0,2.44,-1.46,1.75
20.8496,0.03,0.06,-0,0.36,0.16,2.09,-1.46,1.75
20.875,0.03,0.05,-0,0.36,0,2.09,-1.53,1.58
20.9023,0.03,0.06,-0,0.37,0.31,0.17,-1.53,1.58
20.9309,0.03,0.06,-0,0.37,0.47,0.7,-1.62,1.47
20.9562,0.03,0.06,-0,0.38,0,2.09,-1.56,1.44
20.9804,0.03,0.05,-0,0.37,0,1.57,-1.56,1.44
21.0056,0.03,0.05,-0,0.38,0,2.97,-1.63,1.36
21.031,0.03,0.06,-0,0.39,0,4.55,-1.72,1.26
21.055,0.03,0.06,-0,0.38,0,1.22,-1.72,1.26
21.0803,0.03,0.05,-0,0.38,0,2.97,-1.74,1.32
21.1045,0.03,0.05,-0,0.39,0,6.12,-1.74,1.32
21.1298,0.03,0.06,-0,0.39,0,4.72,-1.83,5.93
21.1538,0.03,0.06,-0,0.39,0,3.68,-1.83,5.93
21.182,0.03,0.05,-0,0.4,0,3.5,-1.84,11.54
21.2087,0.03,0.06,-0,0.4,0,5.08,-1.84,11.54
21.2368,0.03,0.05,-0,0.4,0,6.65,-1.77,13.16
21.2637,0.03,0.06,-0,0.4,0,5.6,-1.77,13.16
21.2918,0.03,0.06,-0,0.4,0,5.95,-1.83,13.56
21.3186,0.03,0.06,-0,0.4,0,6.13,-1.83,13.56
21.3467,0.03,0.05,-0,0.4,0,8.76,-1.85,13.64
21.3735,0.03,0.06,-0,0.41,0,8.93,-1.85,13.64
21.4017,0.03,0.06,-0,0.41,0,9.11,-2.01,13.58
21.4284,0.03,0.06,-0,0.41,0,9.46,-2.01,13.58
21.4564,0.03,0.06,-0,0.41,0,9.81,-1.96,13.64
21.4846,0.03,0.06,-0,0.42,0,11.21,-1.95,13.66
21.5127,0.03,0.06,-0,0.42,0,12.61,-1.95,13.83
21.5397,0.03,0.06,-0,0.43,0,15.06,-1.95,13.83
21.5678,0.03,0.06,-0,0.43,0,16.46,-2.03,13.78
21.5948,0.03,0.06,-0,0.43,0,16.81,-2.03,13.78
21.6229,0.03,0.06,-0,0.44,0,16.99,-2.13,17.05
21.6497,0.03,0.06,-0,0.44,0,20.84,-2.13,17.05
21.6778,0.03,0.06,-0,0.44,0,21.19,-2.23,23.13
21.7069,0.03,0.05,-0,0.45,0,22.06,-2.25,30.18
21.7338,0.03,0.06,-0,0.45,0,23.99,-2.25,30.18
21.7652,0.03,0.06,-0,0.45,0.15,25.04,-2.18,42.11
21.7919,0.03,0.06,-0,0.45,0,26.62,-2.18,42.11
21.8199,0.03,0.06,-0,0.45,0,27.84,-2.16,49.35
21.8469,0.03,0.06,-0,0.46,0,29.77,-2.16,49.35
21.875,0.03,0.06,-0,0.45,0,30.47,-2.32,52.03
21.9018,0.03,0.06,-0,0.45,0,31.17,-2.32,52.03
21.9299,0.03,0.06,-0,0.45,0,34.32,-2.35,58.48
21.9581,0.03,0.05,-0,0.46,0,34.33,-2.36,64.29
21.9849,0.03,0.05,-0,0.45,0,36.6,-2.36,64.29
22.013,0.03,0.05,-0,0.45,0,39.06,-2.36,72.52
22.0399,0.03,0.05,-0,0.45,0,41.86,-2.36,72.52
22.0678,0.03,0.05,-0,0.45,0,44.48,-2.28,79.34
22.0948,0.03,0.05,-0,0.45,0,47.46,-2.28,79.34
22.1229,0.03,0.05,-0,0.45,0,51.49,-2.51,82.84
22.1499,0.03,0.05,-0,0.45,0,53.59,-2.51,82.84
22.178,0.03,0.05,-0,0.45,0,56.57,-2.47,84.37
22.2068,0.03,0.05,-0,0.45,0,57.62,-2.38,89.77
22.235,0.03,0.05,-0,0.45,0,61.13,-2.37,96.52
22.2619,0.03,0.05,-0,0.45,0,64.8,-2.37,96.52
22.29,0.03,0.05,-0,0.45,0,70.76,-2.28,103.04
22.3169,0.03,0.05,-0,0.44,0,71.11,-2.28,103.04
22.3451,0.03,0.05,-0,0.44,0,75.14,-2.51,114.21
22.3718,0.03,0.05,-0,0.44,0,78.29,-2.51,114.21
22.4001,0.03,0.05,-0,0.44,0,83.89,-2.64,124.66
22.4271,0.03,0.05,-0,0.44,0,88.62,-2.64,124.66
22.4554,0.03,0.05,-0.01,0.44,0,93.35,-2.5,132.83
22.4835,0.03,0.05,-0.01,0.43,0,96.14,-2.31,141.21
22.5104,0.03,0.05,-0,0.44,0,100.34,-2.31,141.21
22.5388,0.03,0.05,-0,0.44,0,105.77,-2.6,148.14
22.5659,0.03,0.05,-0,0.44,0,108.18,-2.6,148.14
22.594,0.03,0.05,-0,0.44,0,117.15,-2.66,152.57
22.6211,0.03,0.05,-0,0.44,0,122.04,-2.66,152.57
22.6492,0.03,0.05,-0.01,0.43,0,124.26,-2.67,155.67
22.6764,0.03,0.05,-0,0.43,0,128.96,-2.67,155.67
22.7045,0.03,0.05,-0,0.43,0,137.06,-2.59,161.39
22.7328,0.03,0.05,-0,0.43,0,141.04,-2.65,168.28
22.7611,0.03,0.05,-0,0.42,0,147.69,-3.08,170.48
22.788,0.03,0.05,-0,0.42,0,152.9,-3.08,170.48
22.8162,0.03,0.05,-0,0.42,0,160.11,-3,172.65
22.8431,0.03,0.05,-0,0.42,0,163.14,-3,172.65
22.8712,0.03,0.05,0,0.41,0,165.61,-3.07,173.74
22.8982,0.03,0.05,-0,0.4,0,169.68,-3.07,173.74
22.9263,0.03,0.05,0,0.4,0,175.97,-3,174.45
22.9532,0.03,0.06,0,0.39,0,179.66,-3,174.45
22.9815,0.03,0.06,0,0.39,0,185.94,-2.9,175.17
23.0097,0.03,0.06,0,0.38,0,187.66,-2.96,175.31
23.0366,0.03,0.06,0,0.38,0,193.33,-2.96,175.31
23.0648,0.03,0.06,0,0.38,0,194.1,-2.98,175.75
23.0917,0.03,0.06,0,0.38,0,190.81,-2.98,175.75
23.12,0.03,0.06,0,0.38,0,190.81,-2.73,176.33
23.1468,0.03,0.06,0,0.38,0,190.81,-2.73,176.33
23.1749,0.03,0.06,0,0.38,0,190.81,-2.77,176.94
23.2019,0.03,0.06,0,0.38,0,189.64,-2.77,176.94
23.2303,0.03,0.06,0,0.38,0,189.64,-2.77,177.23
23.2585,0.03,0.06,0,0.38,0,190.81,-2.86,177.2
23.2854,0.03,0.06,0,0.37,0,186.96,-2.86,177.2
23.3137,0.03,0.06,0,0.37,0,185.78,-2.63,177.86
23.3406,0.03,0.06,0,0.36,0,180.53,-2.63,177.86
23.3688,0.03,0.06,0,0.36,0,179.34,-2.66,178.15
23.3959,0.03,0.06,0,0.36,0,175.4,-2.66,178.15
23.424,0.03,0.06,0,0.36,0,175.4,-2.59,178.62
23.4523,0.03,0.06,-0,0.35,0,171.43,-2.57,178.96
23.4793,0.03,0.06,0,0.35,0,171.6,-2.57,178.96
23.5074,0.03,0.06,0,0.35,0,171.6,-2.73,178.7
23.5358,0.03,0.06,0,0.35,0,167.61,-2.68,178.98
23.5627,0.03,0.05,0.01,0.34,0,162.19,-2.68,178.98
23.5908,0.03,0.06,0,0.32,0,154.24,-2.67,179.36
23.6178,0.03,0.06,0,0.32,0,154.24,-2.67,179.36
23.6459,0.03,0.06,0,0.32,0,154.24,-2.59,179.52
23.6728,0.03,0.06,0,0.32,0,154.24,-2.59,179.52
23.701,0.03,0.06,0,0.32,0,154.24,-2.41,179.22
23.728,0.03,0.06,0,0.32,0,154.24,-2.41,179.22
23.7564,0.03,0.06,0,0.32,0,154.24,-2.54,175.88
23.7845,0.03,0.06,0,0.32,0,155.66,-2.56,161.07
23.8112,0.03,0.06,0,0.31,0,155.49,-2.56,161.07
23.8396,0.03,0.06,0,0.31,0,155.66,-2.48,133.71
23.8663,0.03,0.06,0,0.31,0,155.66,-2.48,133.71
23.8945,0.03,0.06,0,0.32,0,155.66,-2.39,107.52
23.9226,0.03,0.06,0,0.31,0,155.66,-2.29,97.11
23.9495,0.03,0.06,0,0.31,0,155.66,-2.29,97.11
23.9775,0.03,0.06,0,0.31,0,155.66,-2.35,94.37
24.0044,0.03,0.06,0,0.31,0,155.66,-2.35,94.37
24.0326,0.03,0.06,0,0.3,0,154.41,-2.28,93.66
24.0608,0.03,0.06,0,0.3,0,151.58,-2.18,93.27
24.0877,0.03,0.05,0,0.29,0,146.22,-2.18,93.27
24.1158,0.03,0.05,0,0.28,0,139.41,-2.16,86.37
24.1426,0.03,0.05,0,0.27,0,136.7,-2.16,86.37
24.1707,0.03,0.05,0,0.25,0,134,-1.99,69.21
24.1976,0.03,0.05,0,0.25,0,132.73,-1.99,69.21
24.2256,0.03,0.05,0,0.25,0,134.16,-2.12,57.15
24.2525,0.03,0.05,0,0.25,0,132.73,-2.12,57.15
24.2807,0.03,0.05,0,0.25,0,131.61,-2.15,46.36
24.3088,0.03,0.05,0,0.25,0,130.18,-2.07,36.88
24.3356,0.03,0.05,0,0.25,0,130.18,-2.07,36.88
24.3637,0.03,0.05,0,0.25,0,130.18,-2.06,32.93
24.3907,0.03,0.05,0,0.25,0,128.9,-2.06,32.93
24.4188,0.03,0.05,0,0.25,0,130.18,-2.06,19.49
24.4456,0.03,0.05,0,0.25,0,130.18,-2.06,19.49
24.4737,0.03,0.05,0,0.25,0,130.18,-2.14,12.12
24.5007,0.03,0.05,0,0.25,0,130.18,-2.14,12.12
24.5259,0.03,0.05,0,0.24,0,128.74,-2.15,9.98
24.55,0.03,0.05,0,0.22,0,113.87,-2.15,9.98
24.5753,0.03,0.05,0,0.22,0,96.02,-1.99,9.31
24.5993,0.03,0.05,0,0.22,0,77.97,-1.99,9.31
24.6245,0.03,0.05,0,0.22,0,57.58,-1.96,9.18
24.6499,0.03,0.05,0,0.22,0,43.37,-1.95,8.74
24.6773,0.03,0.05,0,0.24,0.46,25.6,-1.95,8.74
24.7024,0.03,0.05,0,0.27,0,31.73,-1.95,7.91
24.7299,0.03,0.05,0,0.28,0.46,29.72,-1.95,7.91
24.7587,0.03,0.05,-0,0.28,0.77,15.8,-1.95,7.91
24.7873,0.03,0.05,-0,0.3,0.31,13.66,-1.95,7.99
24.8116,0.03,0.05,-0,0.31,0,13.34,-1.95,7.99
24.8368,0.03,0.05,-0,0.33,0,16.19,-1.95,7.68
24.8609,0.03,0.05,-0.01,0.33,0,11.49,-1.95,7.68
24.8861,0.03,0.05,-0,0.35,0,9.07,-1.79,7.29
24.9102,0.03,0.05,-0,0.37,0,11.36,-1.79,7.29
24.9355,0.03,0.05,0,0.37,0,11.54,-1.92,3.76
24.9595,0.03,0.05,-0,0.37,0,4.72,-1.92,3.76
24.9848,0.03,0.05,-0,0.39,0,5.6,-1.86,2.31
25.0088,0.03,0.05,-0,0.39,0,5.42,-1.86,2.31
25.0342,0.03,0.05,-0,0.4,0,8.05,-1.77,2.02
25.0582,0.03,0.05,-0,0.4,0,4.9,-1.77,2.02
25.0835,0.03,0.05,-0,0.42,0,6.3,-1.75,1.88
25.1087,0.03,0.05,0,0.44,0,9.63,-1.67,1.77
25.1329,0.03,0.05,-0,0.44,0,8.23,-1.67,1.77
25.1582,0.03,0.05,-0,0.44,0,4.38,-1.81,1.59
25.1824,0.03,0.05,-0,0.44,0,2.98,-1.81,1.59
25.2078,0.03,0.05,-0,0.44,0,1.93,-1.84,1.63
25.2319,0.03,0.05,-0,0.44,0,1.93,-1.84,1.63
25.2571,0.03,0.05,-0,0.45,0,1.23,-1.77,1.64
25.2813,0.03,0.05,-0.01,0.46,0,2.98,-1.77,1.64
25.3066,0.03,0.05,-0,0.46,0,2.28,-1.67,1.64
25.3306,0.03,0.05,-0,0.46,0,1.23,-1.67,1.64
25.3528,0.03,0.05,-0,0.46,0,0,-1.65,1.56
25.3768,0.03,0.05,-0,0.46,0,0.18,-1.65,1.56
25.4009,0.03,0.05,-0,0.46,0,0.35,-1.65,1.56
25.4261,0.03,0.05,-0,0.46,0,0,-1.73,1.46
25.45,0.03,0.05,-0,0.46,0,0,-1.73,1.46
25.472,0.03,0.05,-0,0.46,0,0,-1.74,1.44
25.4928,0.03,0.05,-0,0.46,0,0,-1.74,1.44
25.518,0.03,0.05,-0,0.46,0,0.35,-1.75,1.44
25.5421,0.03,0.05,-0,0.46,0,0.53,-1.75,1.44
25.5641,0.03,0.05,-0,0.46,0,0,-1.66,1.36
25.5848,0.03,0.05,-0,0.45,0,0,-1.66,1.36
25.6101,0.03,0.05,-0,0.45,0,0.18,-1.65,1.26
25.6309,0.03,0.05,-0,0.45,0,0,-1.65,1.26
25.6529,0.03,0.05,-0,0.46,0,0,-1.73,1.24
25.6769,0.03,0.05,-0,0.46,0,0.18,-1.73,1.24
25.701,0.03,0.05,-0,0.46,0,0.53,-1.73,1.24
25.7265,0.03,0.05,-0,0.46,0,0,-1.66,1.23
25.7504,0.03,0.05,-0,0.46,0,0,-1.66,1.23
25.7784,0.03,0.05,-0,0.46,0,0,-1.56,21.45
25.8102,0.03,0.05,-0,0.45,0.77,1.23,-1.63,47.84
25.8381,0.03,0.05,-0,0.45,0,3.33,-1.64,68.98
25.865,0.03,0.05,-0,0.45,0,5.08,-1.64,68.98
25.8964,0.03,0.05,-0,0.46,0.77,7.18,-1.64,88.41
25.9235,0.03,0.05,-0,0.45,0,9.81,-1.64,88.41
25.9516,0.03,0.05,-0,0.45,0,13.31,-1.64,116.22
25.9786,0.03,0.05,-0,0.46,0,18.04,-1.64,116.22
26.007,0.03,0.05,-0.01,0.46,0,21.19,-1.56,137.14
26.0352,0.03,0.05,-0,0.45,0,27.32,-1.54,143.96
26.0621,0.03,0.05,-0,0.45,0,33.1,-1.54,143.96
26.0904,0.03,0.05,-0,0.44,0,38.7,-1.62,149.43
26.1172,0.03,0.05,-0,0.44,0,43.96,-1.62,149.43
26.1453,0.03,0.05,-0,0.44,0,50.96,-1.64,159.97
26.1724,0.03,0.05,-0,0.44,0,57.62,-1.64,159.97
26.2006,0.03,0.05,-0,0.44,0,64.1,-1.64,171.78
26.2307,0.03,0.05,0,0.44,0.15,71.98,-1.64,171.78
26.2589,0.03,0.05,-0,0.44,0,77.41,-1.73,176.2
26.2869,0.03,0.05,-0,0.43,0,81.27,-1.66,178.06
26.315,0.03,0.05,0,0.41,0,79.09,-1.65,179.26
26.3421,0.03,0.05,-0,0.41,0,86.09,-1.65,179.26
26.3703,0.03,0.05,-0,0.4,0,88.45,-1.64,179.83
26.397,0.03,0.05,-0,0.4,0,94.19,-1.64,179.83
26.4253,0.03,0.05,-0,0.4,0,96.85,-1.64,180.52
26.4522,0.03,0.05,-0.01,0.4,0,105.27,-1.64,180.52
26.4805,0.03,0.05,-0.01,0.39,0,108.79,-1.64,181.31
26.5087,0.03,0.05,-0,0.37,0,106.73,-1.56,181.88
26.5356,0.03,0.05,-0,0.36,0,103.82,-1.56,181.88
26.5638,0.03,0.05,-0,0.34,0,106.96,-1.63,182.41
26.5908,0.03,0.05,-0,0.33,0,110.56,-1.63,182.41
26.6191,0.03,0.05,-0,0.32,0,113.6,-1.56,182.59
26.6461,0.03,0.05,-0,0.31,0,115.74,-1.56,182.59
26.6744,0.03,0.05,-0,0.3,0,116.1,-1.63,183.04
26.7014,0.03,0.05,-0,0.28,0,120.62,-1.63,183.04
26.7297,0.03,0.05,-0,0.27,0,117.45,-1.64,183.38
26.7578,0.03,0.05,-0,0.26,0,122.11,-1.56,183.61
26.788,0.03,0.05,0,0.25,0.31,124.37,-1.56,183.61
26.8163,0.03,0.05,0,0.23,0,123.1,-1.54,183.99
26.8433,0.03,0.05,0,0.22,0,121.38,-1.54,183.99
26.8714,0.03,0.05,0,0.22,0,122.02,-1.62,184.06
26.8983,0.03,0.05,0,0.21,0,120.9,-1.62,184.06
26.9264,0.03,0.05,0,0.21,0,120.74,-1.64,184.32
26.9534,0.03,0.05,0,0.21,0,120.9,-1.64,184.32
26.9817,0.03,0.05,0,0.21,0,119.3,-1.56,184.62
27.01,0.03,0.05,0,0.21,0,119.3,-1.54,184.76
27.038,0.03,0.05,0,0.21,0,119.3,-1.54,184.96
27.065,0.03,0.05,0.01,0.21,0,119.46,-1.54,184.96
27.0931,0.03,0.05,0,0.21,0,119.46,-1.62,185.08
27.1201,0.03,0.05,0,0.21,0,118.02,-1.62,185.08
27.1483,0.03,0.05,0,0.21,0,119.46,-1.56,184.77
27.1752,0.03,0.05,0,0.21,0,119.3,-1.56,184.77
27.2033,0.03,0.05,0.01,0.21,0,118.18,-1.46,180.77
27.2321,0.03,0.05,0,0.21,0,119.46,-1.53,170.27
27.259,0.03,0.05,0,0.21,0,119.3,-1.53,170.27
27.2904,0.03,0.05,0,0.21,0.92,119.3,-1.54,157.57
27.3175,0.03,0.05,0,0.21,0,119.46,-1.54,157.57
27.3489,0.03,0.05,0,0.21,0.46,118.18,-1.46,128.32
27.3758,0.03,0.05,0,0.21,0,118.18,-1.46,128.32
27.4039,0.03,0.05,0,0.21,0,118.02,-1.36,74.81
27.4321,0.03,0.05,0,0.21,0,118.18,-1.5,29.75
27.4589,0.03,0.05,0,0.21,0,118.18,-1.5,29.75
27.4905,0.03,0.05,0,0.21,0.92,118.02,-1.53,16.06
27.5186,0.03,0.05,0,0.21,0,118.18,-1.46,10.03
27.5455,0.03,0.05,0,0.21,0,118.18,-1.46,10.03
27.5708,0.03,0.05,0,0.21,0,117.86,-1.52,5.46
27.595,0.03,0.05,0,0.21,0,107.31,-1.52,5.46
27.6202,0.03,0.05,0,0.22,0,94.66,-1.62,3.97
27.6442,0.03,0.05,0,0.22,0,76.82,-1.62,3.97
27.6697,0.03,0.05,0,0.22,0,58.86,-1.72,3.34
27.6937,0.03,0.05,0,0.22,0,41.87,-1.72,3.34
27.7224,0.03,0.05,-0,0.24,0.92,29.08,-1.74,3.05
27.7497,0.03,0.05,-0,0.25,0.92,23.66,-1.74,3.05
27.7784,0.03,0.05,-0,0.26,0.46,21.87,-1.75,2.75
27.8074,0.03,0.05,-0,0.28,-0.15,18.72,-1.75,2.6
27.8314,0.03,0.05,-0,0.29,0,16.04,-1.75,2.6
27.8569,0.03,0.05,-0,0.31,0,12.97,-1.75,2.49
27.8809,0.03,0.05,-0,0.33,0,14.59,-1.75,2.49
27.9063,0.03,0.05,-0,0.35,0,14.45,-1.75,2.31
27.9304,0.03,0.05,-0,0.36,0,11.5,-1.75,2.31
27.9557,0.03,0.05,-0,0.37,0,9.77,-1.66,2.27
27.9798,0.03,0.05,-0,0.38,0,8.38,-1.66,2.27
28.0052,0.03,0.05,-0,0.39,0,9.62,-1.81,2.1
28.0292,0.03,0.05,-0.01,0.39,0,9.97,-1.81,2.1
28.0546,0.03,0.05,-0,0.4,0,7.53,-1.76,2.06
28.0786,0.03,0.05,-0,0.4,0,2.97,-1.76,2.06
28.1041,0.03,0.05,-0,0.41,0,4.03,-1.75,1.97
28.1281,0.03,0.05,-0,0.42,0,4.38,-1.75,1.97
28.1542,0.03,0.06,-0,0.42,0,3.85,-1.75,1.71
28.1783,0.03,0.05,-0,0.42,0,2.28,-1.75,1.71
28.2042,0.03,0.05,-0,0.43,0,3.33,-1.66,1.66
28.2294,0.03,0.05,-0,0.43,0,3.85,-1.81,1.56
28.2534,0.03,0.05,-0,0.44,0,3.5,-1.81,1.56
28.2792,0.03,0.05,-0,0.44,0,3.33,-1.84,1.46
28.3032,0.03,0.05,-0.02,0.45,0,3.5,-1.84,1.46
28.3292,0.03,0.05,-0,0.45,0,3.15,-1.85,1.2
28.3532,0.03,0.05,-0,0.45,0,2.1,-1.85,1.2
28.3789,0.03,0.05,-0,0.46,0,1.05,-1.85,1.06
28.403,0.03,0.05,-0,0.45,0,1.58,-1.85,1.06
28.4291,0.03,0.05,-0,0.45,0,2.1,-1.85,1.03
28.4531,0.03,0.05,-0,0.46,0,1.58,-1.85,1.03
28.4792,0.03,0.05,-0,0.46,0,0.88,-2.01,0.86
28.5032,0.03,0.05,-0,0.46,0,0.18,-2.01,0.86
28.5291,0.03,0.05,-0,0.46,0,0,-2.05,0.75
28.5498,0.03,0.05,-0,0.46,0,0,-2.05,0.75
28.5739,0.03,0.05,-0,0.46,0,0,-2.05,0.75
28.5991,0.03,0.05,-0,0.46,0,0,-2.05,0.64
28.6197,0.03,0.05,-0,0.46,0,0,-2.05,0.64
28.6451,0.03,0.05,-0,0.46,0,-0.18,-1.97,0.54
28.6692,0.03,0.05,-0,0.46,0,0,-1.97,0.54
28.6946,0.03,0.05,-0.01,0.46,0,0,-1.87,0.52
28.7199,0.03,0.05,-0,0.46,0,0,-1.94,0.35
28.7439,0.03,0.05,-0,0.46,0,0,-1.94,0.35
28.7719,0.03,0.05,-0,0.46,0,0,-2.11,19.14
28.7988,0.03,0.05,-0,0.46,0,0.7,-2.11,19.14
28.8267,0.03,0.05,-0,0.46,0,1.4,-2.31,46.07
28.8536,0.03,0.05,-0,0.46,0,3.5,-2.31,46.07
28.8818,0.03,0.05,-0,0.46,0,4.2,-2.35,67.31
28.9097,0.03,0.05,-0,0.46,0,4.9,-2.28,84.96
28.9367,0.03,0.05,-0,0.46,0,9.46,-2.28,84.96
28.965,0.03,0.05,-0,0.46,0,12.78,-2.51,98.1
28.9919,0.03,0.05,-0,0.46,0,16.81,-2.51,98.1
29.02,0.03,0.05,-0,0.45,0,19.62,-2.56,112.32
29.0469,0.03,0.05,-0,0.45,0,24.17,-2.56,112.32
29.0752,0.03,0.05,-0,0.45,0,28.55,-2.4,127.4
29.102,0.03,0.05,-0,0.45,0,33.98,-2.4,127.4
29.1305,0.03,0.05,-0,0.45,0,39.06,-2.21,138.56
29.1584,0.03,0.05,-0,0.45,0,45.19,-2.17,148.02
29.1854,0.03,0.05,-0,0.45,0,51.32,-2.17,148.02
29.2135,0.03,0.05,-0.01,0.45,0,57.09,-2.41,157.64
29.2407,0.03,0.05,-0.01,0.45,0,61.13,-2.41,157.64
29.2687,0.03,0.05,-0.01,0.45,0,66.2,-2.45,166.46
29.2957,0.03,0.05,-0,0.43,0,70.75,-2.45,166.46
29.3238,0.03,0.05,-0.01,0.42,0,72.82,-2.55,170.61
29.3508,0.03,0.05,-0.01,0.41,0,76.99,-2.55,170.61
29.3789,0.03,0.05,-0,0.42,0,84.71,-2.56,173.58
29.4072,0.03,0.05,-0.01,0.42,0,94.01,-2.4,175.41
29.4353,0.03,0.05,-0,0.42,0,96.57,-2.45,175.94
29.4624,0.03,0.05,-0.01,0.42,0,103.57,-2.45,175.94
29.4906,0.03,0.05,-0,0.42,0,110.22,-2.55,176.45
29.5175,0.03,0.05,-0,0.41,0,117.21,-2.55,176.45
29.5457,0.03,0.05,-0.02,0.4,0,122.78,-2.65,177.13
29.5727,0.03,0.05,-0,0.4,0,123.64,-2.65,177.13
29.6008,0.03,0.05,-0,0.39,0,127.91,-2.83,177.35
29.6279,0.03,0.05,-0.01,0.39,0,128.65,-2.83,177.35
29.6563,0.03,0.05,-0,0.36,0,119.34,-2.7,177.8
29.6844,0.03,0.05,-0,0.29,0,103.95,-2.84,178.14
29.7113,0.03,0.05,-0,0.25,0,95.34,-2.84,178.14
29.7395,0.03,0.05,-0,0.22,0,95.48,-2.79,178.54
29.7664,0.03,0.05,-0,0.2,0,92.36,-2.79,178.54
29.7944,0.03,0.05,0,0.18,0,93.73,-2.78,178.78
29.8213,0.03,0.05,0,0.18,0,98.23,-2.78,178.78
29.8494,0.03,0.05,-0,0.17,0,99.51,-2.53,179.32
29.8764,0.03,0.05,-0,0.16,0,103.07,-2.53,179.32
29.9045,0.03,0.05,-0,0.16,0,103.97,-2.48,179.84
29.9328,0.03,0.05,-0,0.16,0,103.31,-2.8,179.78
29.9609,0.03,0.05,-0,0.16,0,103.46,-2.7,180.1
29.9879,0.03,0.05,-0,0.16,0,103.62,-2.7,180.1
30.016,0.03,0.05,-0,0.16,0,102.19,-2.59,180.32
30.043,0.03,0.05,-0,0.16,0,102.34,-2.59,180.32
30.0743,0.03,0.05,-0,0.16,0.15,100.91,-2.57,180.62
30.1013,0.03,0.05,-0,0.16,0,99.64,-2.57,180.62
30.1295,0.03,0.05,-0,0.16,0,100.91,-2.57,181.09
30.1578,0.03,0.05,-0,0.15,0,98.36,-2.65,180.11
30.1847,0.03,0.05,-0,0.16,0,99.64,-2.65,180.11
30.2128,0.03,0.05,-0,0.15,0,99.64,-2.58,179.75
30.2399,0.03,0.05,-0,0.15,0,99.64,-2.58,179.75
30.2679,0.03,0.05,-0,0.15,0,99.64,-2.57,179.93
30.2949,0.03,0.05,-0,0.15,0,99.64,-2.57,179.93
30.3232,0.03,0.05,-0,0.15,0,99.64,-2.4,180.37
30.35,0.03,0.05,-0,0.15,0,99.64,-2.4,180.37
30.3781,0.03,0.05,-0,0.15,0,99.64,-2.37,177.59
30.4069,0.03,0.05,-0,0.15,0,99.64,-2.36,165.11
30.4339,0.03,0.05,-0,0.15,0,98.36,-2.36,165.11
30.462,0.03,0.05,-0,0.15,0,98.36,-2.36,143.22
30.4888,0.03,0.05,-0,0.15,0,99.64,-2.36,143.22
30.5169,0.03,0.05,-0,0.15,0,99.64,-2.28,77.05
30.5437,0.03,0.05,-0,0.15,0,99.64,-2.28,77.05
30.5718,0.03,0.05,-0,0.15,0,99.64,-2.18,20.92
30.5987,0.03,0.05,-0,0.15,0,99.64,-2.18,20.92
30.6239,0.03,0.05,-0,0.15,0,99.33,-2.08,7.72
30.6493,0.03,0.05,-0,0.15,0,87.43,-2.22,4.34
30.6734,0.03,0.05,-0,0.16,0,74.57,-2.22,4.34
30.6986,0.03,0.05,-0,0.16,0,55.54,-2.25,3.09
30.7226,0.03,0.05,-0,0.16,0,40.31,-2.25,3.09
30.748,0.03,0.05,-0,0.16,0,27.51,-2.18,2.67
30.7721,0.03,0.05,-0,0.16,0,20.84,-2.18,2.67
30.7975,0.03,0.05,-0,0.18,0,18.52,-2.16,2.34
30.8215,0.03,0.05,-0,0.18,0,11.63,-2.16,2.34
30.8468,0.03,0.05,-0,0.18,0,7.24,-1.99,2.28
30.8708,0.03,0.05,-0,0.19,0,6.44,-1.99,2.28
30.8962,0.03,0.05,-0,0.19,0,6.14,-2.12,2.02
30.9203,0.03,0.05,-0,0.19,0,12.79,-2.12,2.02
30.9457,0.03,0.05,-0.01,0.21,0,12.83,-2.15,1.8
30.9697,0.03,0.05,-0.01,0.21,0,8.79,-2.15,1.8
30.9949,0.03,0.05,-0,0.22,0,6.61,-1.99,1.76
31.0191,0.03,0.05,-0,0.25,0,8.52,-1.99,1.76
31.0445,0.03,0.05,-0.02,0.26,0,11.83,-1.88,1.75
31.0686,0.03,0.05,-0.01,0.26,0,8.57,-1.88,1.75
31.094,0.03,0.05,-0,0.26,0,5.15,-1.77,1.83
31.1194,0.03,0.05,-0,0.26,0,2.75,-1.92,1.6
31.1437,0.03,0.05,-0.01,0.26,0,1.2,-1.92,1.6
31.1689,0.03,0.05,-0.01,0.26,0,0.51,-1.86,1.55
31.1929,0.03,0.05,-0.01,0.26,0,1.03,-1.86,1.55
31.2181,0.03,0.05,-0,0.26,0,2.24,-1.77,1.54
31.2422,0.03,0.05,-0,0.26,0,1.72,-1.77,1.54
31.2676,0.03,0.05,-0,0.27,0,0.86,-1.75,1.62
31.2916,0.03,0.05,-0,0.27,0,1.55,-1.75,1.62
31.3169,0.03,0.05,-0.01,0.27,0,1.03,-1.75,1.64
31.3411,0.03,0.05,-0.01,0.27,0,0.69,-1.75,1.64
31.3665,0.03,0.05,-0.01,0.27,0,1.03,-1.83,1.48
31.3905,0.03,0.05,-0,0.27,0,1.03,-1.83,1.48
31.4158,0.03,0.05,-0,0.27,0,0.52,-1.76,1.45
31.4398,0.03,0.05,-0,0.28,0,0,-1.76,1.45
31.465,0.03,0.05,-0.01,0.27,0,0,-1.67,1.52
31.489,0.03,0.05,-0,0.28,0,0,-1.67,1.52
31.5144,0.03,0.05,-0.01,0.27,0,0,-1.65,1.45
31.5383,0.03,0.05,-0.01,0.28,0,0,-1.65,1.45
31.5636,0.03,0.05,-0.01,0.28,0,0,-1.64,1.52
31.5876,0.03,0.05,-0.01,0.29,0,0,-1.64,1.52
31.6129,0.03,0.05,-0,0.29,0,0,-1.64,1.37
31.6369,0.03,0.05,-0.01,0.29,0,0,-1.64,1.37
31.662,0.03,0.05,-0.01,0.29,0,0,-1.73,1.26
31.686,0.03,0.05,-0.01,0.29,0,0,-1.73,1.26
31.7113,0.03,0.05,-0,0.29,0,0,-1.74,1.24
31.7352,0.03,0.05,-0,0.29,0,0,-1.74,1.24
31.7605,0.03,0.05,-0.01,0.29,0,0,-1.58,1.4
31.7845,0.03,0.05,-0.01,0.29,0,0,-1.58,1.4
31.8096,0.03,0.05,-0,0.29,0,0,-1.63,1.51
31.8348,0.03,0.05,-0.01,0.29,0,0,-1.72,1.29
31.8589,0.03,0.05,-0.01,0.29,0,0,-1.72,1.29
31.8842,0.03,0.05,-0,0.29,0,0,-1.66,1.33
31.9083,0.03,0.05,-0.01,0.29,0,0,-1.66,1.33
31.9335,0.03,0.05,-0.01,0.29,0,0,-1.56,1.42
31.9576,0.03,0.05,-0.01,0.29,0,0,-1.56,1.42
31.9828,0.03,0.05,-0.01,0.29,0,0,-1.63,1.43
32.0069,0.03,0.05,-0.01,0.29,0,0,-1.63,1.43
32.0321,0.03,0.05,-0.01,0.29,0,0,-1.56,1.52
32.0561,0.03,0.05,-0.01,0.29,0,0,-1.56,1.52
32.0813,0.03,0.05,-0.01,0.29,0,0,-1.63,1.29
32.1054,0.03,0.05,-0.01,0.29,0,0,-1.63,1.29
32.1308,0.03,0.05,-0.01,0.29,0,0,-1.64,1.33
32.1548,0.03,0.05,-0.01,0.29,0,0,-1.64,1.33
32.18,0.03,0.05,-0.01,0.29,0,0,-1.48,1.5
32.2041,0.03,0.05,-0.01,0.29,0,1.21,-1.48,1.5
32.2294,0.03,0.05,-0.01,0.29,0,0,-1.53,1.53
32.2501,0.03,0.05,-0.01,0.29,0,0,-1.53,1.53
32.2709,0.03,0.05,-0.01,0.29,0,0,-1.53,1.53
32.2964,0.03,0.05,-0.01,0.29,0,0,-1.46,1.54
32.3215,0.03,0.05,-0.01,0.29,0,0,-1.52,1.46
32.3454,0.03,0.05,-0.01,0.29,0,0,-1.52,1.46
32.3706,0.03,0.05,-0.01,0.29,0,0,-1.62,1.44
32.3949,0.03,0.05,-0.01,0.29,0,0,-1.62,1.44
32.42,0.03,0.05,-0.01,0.29,0,0,-1.47,1.44
32.4441,0.03,0.05,-0.01,0.29,0,0,-1.47,1.44
32.4694,0.03,0.05,-0.01,0.29,0,0,-1.45,1.52
32.4968,0.03,0.05,-0.01,0.29,0.77,0,-1.45,1.52
32.5252,0.03,0.05,-0.01,0.29,0.77,0,-1.52,1.45
32.5494,0.03,0.05,-0.01,0.29,0,0,-1.52,1.45
32.5779,0.03,0.05,-0.01,0.29,-0.15,0,-1.54,1.28
32.6038,0.03,0.05,-0.01,0.29,0,0,-1.54,1.24
32.6311,0.03,0.05,-0.01,0.29,0,0,-1.54,1.24
32.6598,0.03,0.05,-0.01,0.29,0.31,0,-1.54,1.23
32.6871,0.03,0.05,-0.01,0.29,-0.15,0,-1.54,1.23
32.7123,0.03,0.05,-0.01,0.29,0,0,-1.54,1.15
32.7364,0.03,0.05,-0.01,0.29,0,0,-1.54,1.15
32.7616,0.03,0.05,-0.01,0.29,0,0,-1.46,1.22
32.7854,0.03,0.05,-0.01,0.29,0,0,-1.46,1.22
32.8106,0.03,0.05,-0.01,0.29,0,0,-1.52,1.31
32.8347,0.03,0.05,-0.01,0.29,0,0,-1.52,1.31
32.8599,0.03,0.05,-0.01,0.29,0,0,-1.54,1.33
32.884,0.03,0.05,-0.01,0.29,0,0,-1.54,1.33
32.9092,0.03,0.05,-0.01,0.29,0,1.21,-1.46,1.33
32.9333,0.03,0.05,-0.01,0.29,0,1.21,-1.46,1.33
32.9586,0.03,0.05,-0.01,0.29,0,0.69,-1.36,1.42
32.9826,0.03,0.05,-0,0.29,0,0.17,-1.36,1.42
33.0081,0.03,0.05,-0.01,0.29,0,-0.17,-1.5,1.27
33.0334,0.03,0.05,-0.01,0.29,0,1.21,-1.45,1.32
33.0574,0.03,0.05,-0.01,0.3,0,1.04,-1.45,1.32
33.0826,0.03,0.05,-0.01,0.31,0,1.73,-1.44,1.33
33.1068,0.03,0.05,-0.01,0.31,0,4.68,-1.44,1.33
33.1322,0.03,0.05,-0.01,0.31,0,3.98,-1.44,1.33
33.1563,0.03,0.05,-0.01,0.32,0,3.29,-1.44,1.33
33.1817,0.03,0.05,-0.01,0.33,0,2.95,-1.44,1.42
33.2057,0.03,0.05,-0.01,0.34,0,5.39,-1.44,1.42
33.2311,0.03,0.05,-0.01,0.35,0,5.56,-1.52,1.19
33.2552,0.03,0.05,-0.01,0.35,0,6.97,-1.52,1.19
33.2805,0.03,0.05,-0.01,0.36,0,7.15,-1.45,1.22
33.3045,0.03,0.05,-0.01,0.36,0,5.76,-1.45,1.22
33.33,0.03,0.05,-0.01,0.37,0,4.36,-1.44,1.31
33.354,0.03,0.05,-0.01,0.38,0,3.84,-1.44,1.31
33.3794,0.03,0.05,-0.01,0.38,0,2.27,-1.52,1.33
33.4034,0.03,0.05,-0.01,0.39,0,3.32,-1.52,1.33
33.4288,0.03,0.05,-0,0.4,0,8.22,-1.45,1.33
33.4528,0.03,0.05,-0.01,0.4,0,7.87,-1.45,1.33
33.4787,0.03,0.05,-0.01,0.4,0,5.6,-1.52,1.17
33.5042,0.03,0.05,-0.01,0.41,0,3.15,-1.54,1.22
33.5282,0.03,0.05,-0.01,0.42,0,0.17,-1.54,1.22
33.554,0.03,0.05,-0.01,0.43,0,6.3,-1.46,1.23
33.578,0.03,0.05,-0.01,0.44,0,7.36,-1.46,1.23
33.6039,0.03,0.05,-0.01,0.44,0,4.38,-1.44,1.31
33.6281,0.03,0.05,-0.01,0.44,0,1.93,-1.44,1.31
33.6539,0.03,0.05,-0.01,0.45,0,1.93,-1.44,1.5
33.678,0.03,0.05,-0.01,0.45,0,4.73,-1.44,1.5
33.704,0.03,0.05,-0.01,0.46,0,3.85,-1.44,1.37
33.7281,0.03,0.05,-0.01,0.45,0,3.15,-1.44,1.37
33.7541,0.03,0.05,-0.01,0.45,0,2.98,-1.44,1.42
33.7782,0.03,0.05,-0.01,0.46,0,2.1,-1.44,1.42
33.8041,0.03,0.05,-0.01,0.46,0,1.05,-1.44,1.44
33.8281,0.03,0.05,-0.01,0.46,0,1.4,-1.44,1.44
33.854,0.03,0.05,-0.01,0.46,0,0.88,-1.36,1.52
33.8783,0.03,0.05,-0.01,0.46,0,0.35,-1.36,1.52
33.9044,0.03,0.05,-0.01,0.46,0,-0.18,-1.34,1.62
33.9281,0.03,0.05,-0.01,0.46,0,0,-1.34,1.62
33.9539,0.03,0.05,-0.01,0.46,0,0,-1.5,1.39
33.9779,0.03,0.05,-0.01,0.46,0,1.23,-1.5,1.39
34.0041,0.03,0.05,-0.01,0.47,0,2.28,-1.53,1.35
34.0281,0.03,0.05,-0.01,0.47,0,1.75,-1.53,1.35
34.054,0.03,0.05,-0.01,0.47,0,2.1,-1.46,3.39
34.078,0.03,0.05,-0.01,0.47,0,1.4,-1.46,3.39
34.1036,0.03,0.05,-0.01,0.47,0,0,-1.44,16.46
34.1304,0.03,0.05,-0.01,0.47,0,1.4,-1.44,16.46
34.1583,0.03,0.05,-0.01,0.47,0,1.75,-1.36,30.41
34.1852,0.03,0.05,-0.01,0.47,0,4.2,-1.36,30.41
34.2131,0.03,0.05,-0.01,0.47,0,4.2,-1.42,42.16
34.2413,0.03,0.05,-0.01,0.48,0,7,-1.43,62.09
34.2682,0.03,0.05,-0.01,0.48,0,9.45,-1.43,62.09
34.2961,0.03,0.05,-0.01,0.48,0,12.08,-1.52,78
34.3231,0.03,0.05,-0.01,0.48,0,15.4,-1.52,78
34.3512,0.03,0.05,-0.01,0.47,0,16.11,-1.45,94.9
34.3782,0.03,0.05,-0.01,0.48,0,22.23,-1.45,94.9
34.4064,0.03,0.05,-0.01,0.47,0,24.68,-1.44,120.47
34.4345,0.03,0.05,-0.01,0.47,0,29.93,-1.52,136.35
34.4614,0.03,0.05,-0.01,0.47,0,35.53,-1.52,136.35
34.4895,0.03,0.05,-0.01,0.47,0,41.13,-1.45,147.33
34.5165,0.03,0.05,-0.01,0.47,0,47.26,-1.45,147.33
34.5448,0.03,0.05,-0.01,0.47,0,53.21,-1.52,155.69
34.5717,0.03,0.05,0,0.47,0,59.69,-1.52,155.69
34.5998,0.03,0.05,-0.01,0.47,0,66.85,-1.62,164.1
34.6268,0.03,0.05,-0.01,0.47,0,71.25,-1.62,164.1
34.655,0.03,0.05,-0.01,0.47,0,76.69,-1.47,171.95
34.6832,0.03,0.05,-0.01,0.46,0,79.34,-1.61,174.91
34.7115,0.03,0.05,-0,0.44,0,74.91,-1.64,176.41
34.7385,0.03,0.05,-0.01,0.41,0,74.62,-1.64,176.41
34.7666,0.03,0.05,-0.01,0.34,0,59.48,-1.64,177.37
34.7938,0.03,0.05,-0.01,0.3,0,59.32,-1.64,177.37
34.8219,0.03,0.05,-0.01,0.3,0,60.2,-1.73,180.03
34.8488,0.03,0.05,-0.01,0.28,0,61.53,-1.73,180.03
34.877,0.03,0.05,-0.01,0.26,0,60.06,-1.82,187.05
34.9039,0.03,0.05,-0.01,0.25,0,66.51,-1.82,187.05
34.932,0.03,0.05,-0.01,0.24,0,68.89,-1.84,190.67
34.9604,0.03,0.05,-0.01,0.24,0,73.16,-1.85,193.45
34.9871,0.03,0.05,-0.01,0.23,0,78.49,-1.85,193.45
35.0154,0.03,0.05,-0.01,0.23,0,83.43,-1.93,195.16
35.0424,0.03,0.05,-0.01,0.22,0,88.81,-1.93,195.16
35.0737,0.03,0.05,-0.01,0.2,0.15,92.39,-2.03,198.7
35.1007,0.03,0.05,-0,0.19,0,97.76,-2.03,198.7
35.1288,0.03,0.05,-0,0.18,0,96.11,-2.05,203.77
35.157,0.03,0.05,-0,0.18,0,101.86,-2.05,207
35.1839,0.03,0.05,-0,0.17,0,104.36,-2.05,207
35.212,0.03,0.05,-0,0.17,0,104.93,-1.97,209.37
35.239,0.03,0.05,-0,0.17,0,107.14,-1.97,209.37
35.2673,0.03,0.05,-0,0.17,0,107.46,-1.96,210.59
35.2942,0.03,0.05,-0,0.17,0,107.46,-1.96,210.59
35.3225,0.03,0.05,-0,0.17,0,107.46,-2.12,211.08
35.3495,0.03,0.05,-0,0.17,0,107.46,-2.12,211.08
35.3778,0.03,0.05,-0,0.17,0,107.46,-2.15,211.5
35.4069,0.03,0.05,0,0.17,0,107.46,-2.16,211.92
35.4353,0.03,0.05,-0,0.17,0,107.46,-2.24,212.25
35.462,0.03,0.05,-0,0.17,0,107.46,-2.24,212.25
35.4904,0.03,0.05,-0,0.17,0,107.46,-2.26,212.39
35.5174,0.03,0.05,-0,0.17,0,107.46,-2.26,212.39
35.5455,0.03,0.05,-0,0.17,0,107.46,-2.18,210.62
35.5724,0.03,0.05,0,0.17,0,107.46,-2.18,210.62
35.6007,0.03,0.05,-0,0.17,0,107.46,-2.16,152.74
35.6277,0.03,0.05,-0,0.17,0,107.46,-2.16,152.74
35.656,0.03,0.05,-0,0.17,0,107.46,-2.24,56.6
35.6841,0.03,0.05,-0,0.17,0,106.18,-2.26,16.58
35.7111,0.03,0.05,-0,0.17,0,107.46,-2.26,16.58
35.7364,0.03,0.05,-0.02,0.17,0,107.3,-2.26,6.36
35.7605,0.03,0.05,-0,0.17,0,95.78,-2.26,6.36
35.7857,0.03,0.05,-0,0.17,0,75.75,-2.34,3.57
35.8132,0.03,0.05,-0,0.17,0.77,56.22,-2.34,3.57
35.8418,0.03,0.05,-0,0.17,0.77,38.47,-2.44,2.52
35.8691,0.03,0.05,-0,0.18,0.31,29.48,-2.44,2.52
35.8946,0.03,0.04,-0,0.19,0,22.45,-2.46,1.9
35.9199,0.03,0.04,-0,0.19,0,13.96,-2.55,1.45
35.9442,0.03,0.04,-0.01,0.19,0,10.08,-2.55,1.45
35.9694,0.03,0.04,-0,0.2,0,9.99,-2.56,1.11
35.9934,0.03,0.04,-0,0.2,0,9.02,-2.56,1.11
36.0186,0.03,0.04,-0.01,0.21,0,7.55,-2.4,1.04
36.0427,0.03,0.04,-0,0.21,0,9.11,-2.4,1.04
36.068,0.03,0.04,-0,0.22,0,6.41,-2.37,0.95
36.0921,0.03,0.04,-0,0.23,0,4.23,-2.37,0.95
36.1174,0.03,0.04,-0,0.23,0,7.83,-2.45,0.68
36.1414,0.03,0.04,-0,0.24,0,6.47,-2.45,0.68
36.1668,0.03,0.04,-0,0.23,0,2.21,-2.46,0.38
36.1909,0.03,0.04,-0,0.24,0,2.56,-2.46,0.38
36.2162,0.03,0.04,-0,0.24,0,3.24,-2.55,0.32
36.2402,0.03,0.04,-0,0.24,0,4.62,-2.55,0.32
36.2655,0.03,0.04,-0,0.25,0,5.49,-2.56,0.31
36.2896,0.03,0.04,-0,0.26,0,5.15,-2.56,0.31
36.315,0.03,0.05,-0,0.27,0,5.16,-2.4,0.47
36.3423,0.03,0.05,-0,0.28,0.92,5.51,-2.4,0.47
36.3711,0.03,0.05,-0.01,0.29,1.7,9.17,-2.62,-0.32
36.3986,0.03,0.05,-0,0.31,1.23,7.97,-2.62,-0.32
36.427,0.03,0.05,-0,0.32,0.62,8.68,-2.66,-0.39
36.4546,0.03,0.06,-0,0.34,0.93,10.27,-2.66,-0.39
36.4832,0.03,0.06,-0,0.35,0.62,8.71,-2.75,-0.41
36.5119,0.03,0.06,-0,0.37,0.15,11.7,-2.69,-0.41
36.5359,0.03,0.06,-0,0.37,0,6.63,-2.69,-0.41
36.5613,0.03,0.06,0,0.38,0,1.92,-2.59,-0.16
36.5854,0.03,0.06,-0,0.38,0,2.62,-2.59,-0.16
36.6107,0.03,0.06,-0,0.38,0,2.97,-2.74,-0.53
36.636,0.03,0.06,-0,0.39,0,5.42,-2.68,-0.6
36.66,0.03,0.06,-0,0.39,0,5.42,-2.68,-0.6
36.6854,0.03,0.06,-0,0.39,0,4.37,-2.67,-0.45
36.7095,0.03,0.06,-0,0.4,0,3.68,-2.67,-0.45
36.7347,0.03,0.06,-0,0.4,0,3.5,-2.67,-0.25
36.7588,0.03,0.06,-0,0.41,0,1.05,-2.67,-0.25
36.7841,0.03,0.06,-0,0.42,0,2.1,-2.59,-0.13
36.8085,0.03,0.06,-0,0.43,0,4.38,-2.59,-0.13
36.8336,0.03,0.06,-0,0.43,0,3.33,-2.65,-0.36
36.8578,0.03,0.06,-0,0.44,0,6.31,-2.65,-0.36
36.8832,0.03,0.06,-0,0.45,0,6.31,-2.59,-0.32
36.9074,0.03,0.06,-0,0.46,0,7.35,-2.59,-0.32
36.9327,0.03,0.06,-0,0.45,0,2.8,-2.41,-0.31
36.9601,0.03,0.06,-0,0.46,0.93,3.5,-2.41,-0.31
36.989,0.03,0.06,-0.01,0.46,0.93,4.03,-2.29,-0.06
37.0162,0.03,0.06,-0,0.47,0.47,3.5,-2.29,-0.06
37.0449,0.03,0.06,-0,0.47,-0.16,0.88,-2.27,0.15
37.0692,0.03,0.06,-0,0.47,0,-0.18,-2.27,0.15
37.0946,0.03,0.06,-0,0.48,0,2.28,-2.43,-0.22
37.12,0.03,0.06,-0,0.48,0,0.88,-2.38,-0.21
37.144,0.03,0.06,-0.01,0.48,0,2.28,-2.38,-0.21
37.1694,0.03,0.06,-0,0.48,0,3.32,-2.28,-0.12
37.1935,0.03,0.06,-0,0.48,0,1.23,-2.28,-0.12
37.2186,0.03,0.06,-0,0.49,0,2.27,-2.18,-0.11
37.2428,0.03,0.06,-0,0.49,0,1.05,-2.18,-0.11
37.2682,0.03,0.06,-0.01,0.49,0,0.17,-2.08,-0.02
37.2888,0.03,0.06,-0,0.49,0,0,-2.08,-0.02
37.3108,0.03,0.06,-0,0.49,0,0,-2.39,1.97
37.3316,0.03,0.06,-0.01,0.49,0,0,-2.39,1.97
37.3597,0.03,0.06,-0.01,0.49,0,3.32,-2.37,20.03
37.3867,0.03,0.06,-0.01,0.5,0,6.12,-2.37,20.03
37.4146,0.03,0.06,-0.01,0.49,0,7.86,-2.12,41.64
37.4416,0.03,0.06,-0.01,0.49,0,4.02,-2.12,41.64
37.4696,0.03,0.06,-0,0.49,0,5.6,-2.07,57.47
37.4966,0.03,0.06,-0.01,0.49,0,7.87,-2.07,57.47
37.5245,0.03,0.06,-0.01,0.49,0,10.15,-2.14,64.33
37.5516,0.03,0.06,-0.01,0.49,0,13.64,-2.14,64.33
37.5797,0.03,0.06,-0.01,0.49,0,15.05,-2.24,71.95
37.608,0.03,0.06,-0.01,0.49,0,16.8,-2.17,90.57
37.6348,0.03,0.06,-0,0.49,0,20.3,-2.17,90.57
37.663,0.03,0.06,-0.01,0.49,0,23.98,-2,111.22
37.6899,0.03,0.06,-0.01,0.49,0,28.53,-2,111.22
37.7181,0.03,0.06,-0.01,0.49,0,33.08,-1.96,134.42
37.745,0.03,0.06,-0.01,0.49,0,39.89,-1.96,134.42
37.7733,0.03,0.06,-0.01,0.48,0,45.32,-1.95,149.82
37.8002,0.03,0.06,-0.01,0.48,0,50.4,-1.95,149.82
37.8283,0.03,0.06,-0.01,0.48,0,55.31,-1.95,159.48
37.8566,0.03,0.06,-0.01,0.48,0,64.21,-1.87,172.26
37.8846,0.03,0.05,-0.01,0.48,0,70.35,-1.85,182.7
37.9117,0.03,0.05,0,0.48,0,77.53,-1.85,182.7
37.9399,0.03,0.05,-0,0.48,0,83.67,-1.85,193.66
37.9668,0.03,0.05,-0.01,0.47,0,83.72,-1.85,193.66
37.995,0.03,0.05,-0.01,0.45,0,80.86,-2.01,200.71
38.0219,0.03,0.05,-0,0.43,0,80.89,-2.01,200.71
38.05,0.03,0.05,-0,0.4,0,81.73,-1.96,206.55
38.0766,0.03,0.05,-0,0.38,0,84.11,-1.96,206.55
38.1049,0.03,0.05,-0,0.35,0,81.64,-1.95,212.9
38.1333,0.03,0.05,-0,0.31,0,83.57,-1.95,218.52
38.1602,0.03,0.05,-0.01,0.29,0,78.7,-1.95,218.52
38.1883,0.03,0.05,-0,0.27,0,80.96,-1.87,222.53
38.2152,0.03,0.05,-0.02,0.26,0,86.23,-1.87,222.53
38.2434,0.03,0.05,-0,0.25,0,88.41,-2.02,224.31
38.2705,0.03,0.05,-0,0.25,0,94.82,-2.02,224.31
38.2986,0.03,0.05,-0,0.24,0,99.46,-1.96,225.98
38.3302,0.04,0.05,-0,0.23,0.15,107.5,-1.95,227.47
38.3584,0.03,0.05,-0,0.22,0,112.41,-1.95,228.42
38.3854,0.03,0.05,-0,0.22,0,118.92,-1.95,228.42
38.4137,0.03,0.05,-0,0.21,0,114.99,-1.87,229.27
38.4406,0.03,0.05,-0,0.21,0,114.98,-1.87,229.27
38.472,0.03,0.05,-0,0.21,0.15,115.46,-1.85,229.61
38.4989,0.03,0.05,-0,0.21,0,118.18,-1.85,229.61
38.5272,0.03,0.05,-0,0.21,0,118.18,-1.85,230.41
38.5542,0.03,0.05,-0,0.21,0,115.46,-1.85,230.41
38.5856,0.03,0.05,-0,0.21,0.77,115.46,-1.77,231.07
38.6137,0.03,0.05,-0,0.2,0,112.73,-1.59,231.53
38.6407,0.03,0.05,-0,0.21,0,115.46,-1.59,231.53
38.6689,0.03,0.05,-0,0.21,0,114.02,-1.63,232.03
38.696,0.03,0.05,-0,0.21,0,114.02,-1.63,232.03
38.7242,0.03,0.05,-0,0.21,0,114.02,-1.72,232.29
38.7511,0.03,0.05,-0,0.21,0,114.02,-1.72,232.29
38.7792,0.03,0.05,-0,0.21,0,114.02,-1.66,232.59
38.8076,0.03,0.05,-0,0.21,0,114.02,-1.65,232.98
38.8345,0.03,0.05,-0,0.21,0,114.02,-1.65,232.98
38.8626,0.03,0.05,-0.02,0.21,0,114.02,-1.64,224.27
38.8896,0.03,0.05,0,0.21,0,114.02,-1.64,224.27
38.9178,0.03,0.05,-0,0.21,0,114.02,-1.64,180.2
38.9448,0.03,0.05,-0,0.21,0,114.02,-1.64,180.2
38.9762,0.03,0.05,-0,0.21,0.77,114.02,-1.64,101.29
39.0031,0.03,0.05,-0,0.21,0,114.02,-1.64,101.29
39.0312,0.03,0.05,-0,0.21,0,114.02,-1.64,32.5
39.0593,0.03,0.05,-0,0.21,0,114.02,-1.73,11.43
39.0848,0.03,0.05,-0,0.21,0,113.7,-1.66,6.31
39.1122,0.03,0.05,-0,0.21,0.77,101.18,-1.66,6.31
39.1375,0.03,0.05,-0,0.21,0,89.29,-1.73,4.8
39.165,0.03,0.05,-0,0.21,0.46,64.62,-1.73,4.8
39.1936,0.03,0.05,-0,0.21,0.77,49.31,-1.66,4.16
39.2211,0.03,0.05,-0,0.22,0.31,31.2,-1.66,4.16
39.2463,0.03,0.05,-0,0.23,0,22.65,-1.65,3.63
39.2737,0.03,0.05,-0,0.24,0.77,19.88,-1.65,3.63
39.3024,0.03,0.05,-0,0.25,0.92,13.86,-1.64,3.44
39.3298,0.03,0.05,-0,0.26,0.31,13.46,-1.64,3.44
39.3553,0.03,0.05,-0,0.27,0,16.13,-1.64,3.23
39.3807,0.03,0.05,-0,0.28,0,13.24,-1.64,3.19
39.4049,0.03,0.05,-0,0.3,0,11.04,-1.64,3.19
39.4301,0.03,0.05,-0,0.3,0,10.9,-1.64,2.86
39.4542,0.03,0.05,-0,0.31,0,7.44,-1.64,2.86
39.4795,0.03,0.05,-0.01,0.31,0,1.04,-1.64,2.79
39.508,0.03,0.05,-0,0.32,0.77,5.9,-1.73,2.69
39.5354,0.03,0.05,-0,0.32,1.55,7.99,-1.73,2.69
39.5639,0.03,0.05,-0,0.33,0.15,5.91,-1.66,2.68
39.588,0.03,0.05,-0,0.33,0,4.35,-1.66,2.68
39.6131,0.03,0.05,-0,0.34,0,3.66,-1.56,2.59
39.6372,0.03,0.05,-0,0.34,0,2.44,-1.56,2.59
39.6626,0.03,0.05,-0,0.34,0,-0.17,-1.63,2.41
39.6832,0.03,0.05,-0,0.34,0,0,-1.63,2.41
39.7052,0.03,0.05,-0,0.34,0,0,-1.72,2.37
39.726,0.03,0.05,-0,0.34,0,0,-1.72,2.37
39.7499,0.03,0.05,-0,0.34,0,1.22,-1.72,2.37
39.7751,0.03,0.05,-0,0.34,0,0,-1.66,2.2
39.7992,0.03,0.05,-0,0.34,0.15,0,-1.66,2.2
39.821,0.03,0.05,-0,0.34,0,0,-1.56,2.25
39.8451,0.03,0.05,-0,0.35,0,1.39,-1.56,2.25
39.8703,0.03,0.05,-0.01,0.35,0,0.35,-1.46,2.26
39.8946,0.03,0.05,-0.01,0.35,0,-0.17,-1.46,2.26
39.9165,0.03,0.05,-0,0.35,0,0,-1.61,2.01
39.9374,0.03,0.05,-0,0.35,0,0,-1.61,2.01
39.9626,0.03,0.05,-0,0.35,0,0.35,-1.55,1.96
39.9867,0.03,0.05,-0,0.35,0,0.52,-1.55,1.96
40.0086,0.03,0.05,-0,0.34,0,0,-1.46,2.04
40.0293,0.03,0.05,-0,0.34,0,0,-1.46,2.04
40.0513,0.03,0.05,-0,0.34,0,0,-1.52,1.97
40.0721,0.03,0.05,-0,0.34,0,0,-1.52,1.97
40.0929,0.03,0.05,-0,0.35,0,0,-1.52,1.97
40.1181,0.03,0.05,-0,0.35,0,0.87,-1.46,1.87
40.142,0.03,0.05,-0,0.35,0,0,-1.46,1.87
40.164,0.03,0.05,-0,0.35,0,0,-1.52,1.94
40.1848,0.03,0.05,-0,0.35,0,0,-1.52,1.94
40.21,0.03,0.05,-0,0.35,0,0,-1.54,1.87
40.2353,0.03,0.05,-0,0.35,0,0,-1.46,1.77
40.2593,0.03,0.05,-0,0.35,0,0,-1.46,1.77
40.2845,0.03,0.05,-0,0.34,0,0,-1.44,1.83
40.3086,0.03,0.05,-0,0.34,0,0,-1.44,1.83
40.3306,0.03,0.05,-0,0.34,0,0,-1.44,1.85
40.3512,0.03,0.05,-0,0.34,0,0,-1.44,1.85
40.372,0.03,0.05,-0,0.34,0,0,-1.44,1.85
40.394,0.03,0.05,-0,0.34,0,0,-1.52,1.85
40.4148,0.03,0.05,-0,0.34,0,0,-1.52,1.85
40.4368,0.03,0.05,-0,0.34,0,0,-1.45,1.68
40.4607,0.03,0.05,-0,0.34,0,0,-1.45,1.68
40.4861,0.03,0.05,-0,0.34,0,0.17,-1.52,1.9
40.5069,0.03,0.05,-0,0.34,0,0,-1.52,1.9
40.5321,0.03,0.05,-0,0.34,0,0,-1.46,2.85
40.5529,0.03,0.05,-0,0.34,0,0,-1.46,2.85
40.5788,0.03,0.05,-0,0.34,0,0,-1.52,3.61
40.6029,0.03,0.05,-0.01,0.35,0,1.39,-1.52,3.61
40.6289,0.03,0.05,-0,0.35,0,1.04,-1.54,3.84
40.6495,0.03,0.05,-0.01,0.34,0,0,-1.54,3.84
40.6704,0.03,0.05,-0,0.34,0,0,-1.54,3.84
40.6924,0.03,0.05,-0,0.34,0,0,-1.46,7.51
40.7172,0.03,0.05,-0,0.34,0,0,-1.52,11.86
40.7409,0.03,0.05,-0,0.34,0,0,-1.52,11.86
40.7656,0.03,0.05,-0,0.34,0,0,-1.46,12.97
40.7924,0.03,0.05,-0,0.34,0,0.52,-1.46,12.97
40.8204,0.03,0.05,-0,0.34,0,0.87,-1.52,11.55
40.8471,0.03,0.05,-0.01,0.34,0,0.17,-1.52,11.55
40.8724,0.03,0.05,-0,0.34,0,1.39,-1.54,8.47
40.8966,0.03,0.05,-0,0.34,0,0,-1.54,8.47
40.9184,0.03,0.05,-0,0.34,0,0,-1.46,8.6
40.9392,0.03,0.05,-0,0.34,0,0,-1.46,8.6
40.9674,0.03,0.05,-0,0.34,0,1.04,-1.52,11.75
40.9943,0.03,0.05,-0,0.34,0,0.35,-1.52,11.75
41.0223,0.03,0.05,-0,0.34,0,1.56,-1.54,13.03
41.0491,0.03,0.05,-0,0.34,0,0.87,-1.54,13.03
41.0758,0.03,0.05,-0,0.34,0,1.22,-1.54,13.03
41.1027,0.03,0.05,-0,0.34,0,2.61,-1.54,13.03
41.1294,0.03,0.05,-0,0.34,0,2.08,-1.54,13.03
41.1562,0.03,0.05,-0,0.34,0,2.43,-1.54,13.03
41.183,0.03,0.05,-0,0.34,0,3.82,-1.54,13.03
41.2098,0.03,0.05,-0,0.34,0,4.17,-1.54,13.03
