t,aa0,fe0,aa1,fe1,ctq0,ctq1,dtq0,dtq1
1599.16,0.01,0.04,-0,0,0,0,-9.35,-14.55
1599.16,0,0,0,0,3.63847e-41,0,7.42688e-44,0
1599.16,0,4.58925e-41,0,0,3.63847e-41,0,5.1848e-44,0
1599.16,0,0.02,-0.02,0.06,0,0,0,0
1599.17,0,0.02,-0.02,0.06,0,0,0,0
1599.2,0,0.02,-0.02,0.06,0,0,0,0
1599.22,0,0.02,-0.02,0.06,0,0,0,0
1599.24,0,0.02,-0.02,0.06,0,0,0,0
1599.27,0,0.02,-0.02,0.06,0,0,0,0
1599.29,0,0.02,-0.02,0.06,0,0,0,0
1599.32,0,0.02,-0.02,0.06,0,0,0,0
1599.34,0,0.02,-0.02,0.06,0,0,0,0
1599.36,0,0.02,-0.02,0.06,0,0,0,0
1599.39,0,0.02,-0.02,0.06,0,0,0,0
1599.41,0,0.02,-0.02,0.06,0,0,0,0
1599.43,0,0.02,-0.02,0.06,0,0,0,0
1599.46,0,0.02,-0.02,0.06,0,0,0,0
1599.48,0,0.02,-0.02,0.06,0,0,0,0
1599.51,0,0.02,-0.02,0.06,0,0,0,0
1599.53,0,0.02,-0.02,0.06,0,0,0,0
1599.55,0,0.02,-0.02,0.06,0,0,0,0
1599.58,0,0.02,-0.02,0.06,0,0,0,0
1599.6,0,0.02,-0.02,0.06,0,0,0,0
1599.63,0,0.02,-0.02,0.06,0,0,0,0
1599.65,0,0.02,-0.02,0.06,0,0,0,0
1599.67,0,0.02,-0.02,0.06,0,0,0,0
1599.7,-0,0.02,-0.02,0.06,0,0,0,0
1599.72,0,0.02,-0.02,0.06,0,0,0,0
1599.75,0,0.02,-0.02,0.06,0,0,0,0
1599.77,0,0.02,-0.02,0.06,0,0,0,0
1599.79,0,0.02,-0.02,0.06,0,0,0,0
1599.82,0,0.02,-0.02,0.06,0,0,0,0
1599.84,0,0.02,-0.02,0.06,0,0,0,0
1599.87,0,0.02,-0.02,0.06,0,0,0,0
1599.89,0,0.02,-0.02,0.06,0,0,0,0
1599.91,0,0.02,-0.02,0.06,0,0,0,0
1599.94,0,0.02,-0.02,0.06,0,0,0,0
1599.96,0,0.02,-0.02,0.06,0,0,0,0
1599.99,0,0.02,-0.02,0.06,0,0,0,0
1600.01,0,0.02,-0.02,0.06,0,0,0,0
1600.03,0,0.02,-0.02,0.06,0,0,0,0
1600.06,0,0.02,-0.02,0.06,0,0,0,0
1600.08,0,0.02,-0.02,0.06,0,0,0,0
1600.1,0,0.02,-0.02,0.06,0,0,0,0
1600.13,0,0.02,-0.02,0.06,0,0,0,0
1600.15,0,0.02,-0.02,0.06,0,0,0,0
1600.18,0,0.02,-0.02,0.06,0,0,0,0
1600.2,0,0.02,-0.02,0.06,0,0,0,0
1600.22,0,0.02,-0.02,0.06,0,0,0,0
1600.25,0,0.02,-0.02,0.06,0,0,0,0
1600.27,0,0.02,-0.02,0.06,0,0,0,0
1600.3,0,0.02,-0.02,0.06,0,0,0,0
1600.32,0,0.02,-0.02,0.06,0,0,0,0
1600.34,0,0.02,-0.02,0.06,0,0,0,0
1600.37,0,0.02,-0.02,0.06,0,0,0,0
1600.39,0,0.02,-0.02,0.06,0,0,0,0
1600.42,0,0.02,-0.02,0.06,0,0,0,0
1600.44,0,0.02,-0.02,0.06,0,0,0,0
1600.46,0,0.02,-0.02,0.06,0,0,0,0
1600.49,0,0.02,-0.02,0.06,0,0,0,0
1600.51,0,0.02,-0.02,0.06,0,0,0,0
1600.54,0,0.02,-0.02,0.06,0,0,0,0
1600.56,0,0.02,-0.02,0.06,0,0,0,0
1600.58,0,0.02,-0.02,0.06,0,0,0,0
1600.61,0,0.02,-0.02,0.06,0,0,0,0
1600.63,0,0.02,-0.02,0.06,0,0,0,0
1600.66,0,0.02,-0.02,0.06,0,0,0,0
1600.68,0,0.02,-0.02,0.06,0,0,0,0
1600.7,0,0.02,-0.02,0.06,0,0,0,0
1600.73,0,0.02,-0.02,0.06,0,0,0,0
1600.75,0,0.02,-0.02,0.06,0,0,0,0
1600.78,0,0.02,-0.02,0.06,0,0,0,0
1600.8,0,0.02,-0.02,0.06,0,0,0,0
1600.82,0,0.02,-0.02,0.06,0,0,0,0
1600.85,0,0.02,-0.02,0.06,0,0,0,0
1600.87,0,0.02,-0.02,0.06,0,0,0,0
1600.89,0,0.02,-0.02,0.06,0,0,0,0
1600.92,0,0.02,-0.02,0.06,0,0,0,0
1600.94,0,0.02,-0.02,0.06,0,0,0,0
1600.97,0,0.02,-0.02,0.06,0,0,0,0
1600.99,0,0.02,-0.02,0.06,0,0,0,0
1601.01,0,0.02,-0.02,0.06,0,0,0,0
1601.04,0,0.02,-0.02,0.06,0,0,0,0
1601.06,0,0.02,-0.02,0.06,0,0,0,0
1601.09,0,0.02,-0.02,0.06,0,0,0,0
1601.11,0,0.02,-0.02,0.06,0,0,0,0
1601.13,0,0.02,-0.02,0.06,0,0,0,0
1601.16,0,0.02,-0.02,0.06,0,0,0,0
1601.18,0,0.02,-0.02,0.06,0,0,0,0
1601.21,0,0.02,-0.02,0.06,0,0,0,0
1601.23,0,0.02,-0.02,0.06,0,0,0,0
1601.26,0,0.02,-0.02,0.06,2.26,0,0,0
1601.28,0,0.02,-0.02,0.06,2.08,0,0,0
1601.31,0,0.02,-0.02,0.06,1.04,0,0,0
1601.34,0,0.02,-0.02,0.06,0.35,0,0,0
1601.36,0,0.02,-0.02,0.06,0,0,0,0
1601.39,0,0.02,-0.02,0.06,0,0,0,0
1601.41,-0,0.02,-0.02,0.06,0,0,0,0
1601.43,0,0.02,-0.02,0.06,0,0,0,0
1601.46,0,0.02,-0.02,0.06,0,0,0,0
1601.48,0,0.02,-0.02,0.06,0,0,0,0
1601.51,0,0.02,-0.02,0.06,0,0,0,0
1601.53,0,0.02,-0.02,0.06,0,0,0,0
1601.55,0,0.02,-0.02,0.06,0,0,0,0
1601.58,0,0.02,-0.02,0.06,0,0,0,0
1601.6,0,0.02,-0.02,0.06,0,0,0,0
1601.63,0,0.02,-0.02,0.06,0,0,0,0
1601.65,0,0.02,-0.02,0.06,0,0,0,0
1601.68,0,0.02,-0.02,0.06,1.04,0,0,0
1601.7,0,0.02,-0.02,0.06,0,0,0,0
1601.72,0,0.02,-0.02,0.06,0,0,0,0
1601.75,0,0.02,-0.02,0.06,0,0,0,0
1601.77,0,0.02,-0.02,0.06,0,0,0,0
1601.8,0,0.02,-0.02,0.06,0,0,0,0
1601.82,0,0.02,-0.02,0.06,0,0,0,0
1601.84,0,0.02,-0.02,0.06,0,0,0,0
1601.87,0,0.02,-0.02,0.06,0,0,0,0
1601.89,0,0.02,-0.02,0.06,0,0,0,0
1601.91,0,0.02,-0.02,0.06,0,0.17,0,0
1601.94,0,0.02,-0.02,0.06,0,0.17,0,0
1601.96,0,0.02,-0.02,0.06,0,0,0,0
1601.98,0,0.02,-0.02,0.06,0,0,0,0
1602.01,0,0.02,-0.02,0.06,0,0,0,0
1602.03,0,0.02,-0.02,0.06,0,0,0,0
1602.06,0,0.02,-0.02,0.06,0,0,0,0
1602.08,0,0.02,-0.02,0.06,0,0,0,0
1602.1,0,0.02,-0.02,0.06,0,0,0,0
1602.13,0,0.02,-0.02,0.06,0,0,0,0
1602.15,0,0.02,-0.02,0.06,0,0,0,0
1602.18,0,0.02,-0.02,0.06,0,0,0,0
1602.2,0,0.02,-0.02,0.06,0,0,0,0
1602.22,0,0.02,-0.02,0.06,0,0,0,0
1602.25,0,0.02,-0.02,0.06,0,0,0,0
1602.27,0,0.02,-0.02,0.06,0,0,0,0
1602.3,0,0.02,-0.02,0.06,0.52,0,0,0
1602.33,0,0.02,-0.02,0.06,0,0,0,0
1602.35,-0,0.02,-0.02,0.06,0,0,0,0
1602.37,0,0.02,-0.02,0.06,0,0,0,0
1602.4,0,0.02,-0.02,0.06,0,0,0,0
1602.43,0,0.02,-0.02,0.06,0,0,0,0
1602.46,0,0.02,-0.02,0.06,0,0,0,0
1602.48,0,0.02,-0.02,0.06,0,0,0,0
1602.51,0,0.02,-0.02,0.06,0,0,0,0
1602.54,0,0.02,-0.02,0.06,0,0,0,0
1602.56,0,0.02,-0.02,0.06,0,0,0,0
1602.59,0,0.02,-0.02,0.06,0,0,0,0
1602.62,0,0.02,-0.02,0.06,0,0,0,0
1602.65,0,0.02,-0.02,0.06,0,0,0,0
1602.67,0,0.02,-0.02,0.06,0,0,0,0
1602.7,0,0.02,-0.02,0.06,0,0,0,0
1602.73,0,0.02,-0.02,0.06,0,0,0,0
1602.75,-0,0.02,-0.02,0.06,0,0,0,0
1602.78,0,0.01,-0.02,0.06,0,0,0,0
1602.8,0,0.01,-0.02,0.06,0,0,0,0
1602.83,0,0.01,-0.02,0.06,0,0,0,0
1602.85,0,0.02,-0.02,0.06,0.52,0,0,0
1602.88,0,0.02,-0.02,0.06,0.87,0,0,0
1602.91,0,0.02,-0.02,0.06,0.35,0,0,0
1602.94,0,0.02,-0.02,0.06,0,0,0,0
1602.96,0,0.02,-0.02,0.06,0,0,0,0
1602.99,0,0.02,-0.02,0.06,0,0,0,0
1603.02,0,0.02,-0.02,0.06,0,0,0,0
1603.04,0,0.02,-0.02,0.06,0,0,0,0
1603.07,0,0.02,-0.02,0.06,0,0,0,0
1603.1,0,0.02,-0.02,0.06,0,0,0,0
1603.12,0,0.01,-0.02,0.06,0,0,0,0
1603.15,0,0.01,-0.02,0.06,0,0,0,0
1603.17,0,0.01,-0.02,0.06,0,0,0,0
1603.19,0,0.01,-0.02,0.06,0,0,0,0
1603.22,0,0.01,-0.02,0.06,0,0,0,0
1603.24,0,0.01,-0.02,0.06,0,0,0,0
1603.27,0,0.01,-0.02,0.06,0,0,0,0
1603.29,0,0.01,-0.02,0.06,0,0,0,0
1603.31,0,0.01,-0.02,0.06,0,0,0,0
1603.34,0,0.01,-0.02,0.06,0,0,0,0
1603.36,0,0.01,-0.02,0.06,0,0,0,0
1603.39,0,0.01,-0.02,0.06,0,0,0,0
1603.41,0,0.01,-0.02,0.06,0,0,0,0
1603.43,0,0.01,-0.02,0.06,0,0,0,0
1603.46,0,0.01,-0.02,0.06,0,0,0,0
1603.48,0,0.01,-0.02,0.06,0,0,0,0
1603.51,0,0.01,-0.02,0.06,0,0,0,0
1603.53,0,0.01,-0.02,0.06,0,0,0,0
1603.55,0,0.01,-0.02,0.06,0,0,0,0
1603.58,0,0.01,-0.02,0.06,0,0,0,0
1603.6,0,0.01,-0.02,0.06,0,0,0,0
1603.62,0,0.01,-0.02,0.06,0,0,0,0
1603.65,0,0.01,-0.02,0.06,0,0,0,0
1603.67,0,0.01,-0.02,0.06,0,0,0,0
1603.7,0,0.01,-0.02,0.06,0,0,0,0
1603.72,0,0.01,-0.02,0.06,0,0,0,0
1603.74,0,0.01,-0.02,0.06,0,0,0,0
1603.77,0,0.01,-0.02,0.06,0,0,0,0
1603.79,0,0.01,-0.02,0.06,0,0,0,0
1603.82,0,0.01,-0.02,0.06,0,0,0,0
1603.84,0,0.01,-0.02,0.06,0,0,0,0
1603.86,0,0.01,-0.02,0.06,0,0,0,0
1603.89,0,0.01,-0.02,0.06,0,0,0,0
1603.91,0,0.01,-0.02,0.06,0,0,0,0
1603.94,0,0.01,-0.02,0.06,0,0,0,0
1603.96,0,0.01,-0.02,0.06,0,0,0,0
1603.98,0,0.01,-0.02,0.06,0.35,0,0,0
1604.01,0,0.01,-0.02,0.06,0,0,0,0
1604.03,0,0.01,-0.02,0.06,0,0,0,0
1604.05,0,0.01,-0.02,0.06,0,0,0,0
1604.07,0,0.01,-0.02,0.06,0,0.7,0,0
1604.1,0,0.01,-0.02,0.06,0,-0.17,0,0
1604.12,0,0.01,-0.02,0.06,0,0,0,0
1604.14,0,0.01,-0.02,0.06,0,0,0,0
1604.17,0,0.01,-0.02,0.06,0.17,0,0,0
1604.19,0,0.01,-0.02,0.06,0,0,0,0
1604.21,0,0.01,-0.02,0.06,0,0,0,0
1604.24,-0,0.01,-0.02,0.06,0,0,0,0
1604.26,-0,0.01,-0.02,0.06,0,0,0,0
1604.29,0,0.01,-0.02,0.06,0,0,0,0
1604.31,0,0.01,-0.02,0.06,0,0,0,0
1604.33,0,0.01,-0.02,0.06,0,0,0,0
1604.36,0,0.01,-0.02,0.06,0,0,0,0
1604.38,0,0.01,-0.02,0.06,1.04,0,0,0
1604.41,0,0.01,-0.02,0.06,0,0,0,0
1604.43,0,0.01,-0.02,0.06,0,0,0,0
1604.46,0,0.01,-0.02,0.06,0,0,0,0
1604.48,0,0.01,-0.02,0.06,0,0,0,0
1604.5,0,0.01,-0.02,0.06,0,0,0,0
1604.53,0,0.01,-0.02,0.06,0,0,0,0
1604.55,-0,0.01,-0.02,0.06,0,0,0,0
1604.58,0,0.01,-0.02,0.06,0,0,0,0
1604.6,0,0.01,-0.02,0.06,0,0,0,0
1604.62,0,0.01,-0.02,0.06,0,0,0,0
1604.65,0,0.01,-0.02,0.06,0,0,0,0
1604.67,0,0.01,-0.02,0.06,0,0,0,0
1604.7,0,0.01,-0.02,0.06,0,0,0,0
1604.72,0,0.01,-0.02,0.06,0,0,0,0
1604.74,0,0.01,-0.02,0.06,0,0,0,0
1604.76,0,0.01,-0.02,0.06,0,0,0,0
1604.79,0,0.01,-0.02,0.06,0,0.17,0,0
1604.81,0,0.01,-0.02,0.06,0,0,0,0
1604.83,0,0.01,-0.02,0.06,0,0,0,0
1604.85,0,0.01,-0.02,0.06,0,0,0,0
1604.87,0,0.01,-0.02,0.06,0,0,0,0
1604.89,0,0.01,-0.02,0.06,0,0,0,0
1604.92,0,0.01,-0.02,0.06,0,0.69,0,0
1604.94,0,0.01,-0.02,0.06,0,1.04,0,0
1604.96,0,0.01,-0.02,0.06,0,0,0,0
1604.98,-0,0.01,-0.02,0.06,0,0,0,0
1605,0,0.01,-0.02,0.06,0,0,0,0
1605.03,0,0.01,-0.02,0.06,0,0,0,0
1605.05,0,0.01,-0.02,0.06,0,0,0,0
1605.07,0,0.01,-0.02,0.06,0,0,0,0
1605.09,0,0.01,-0.02,0.06,0,0,0,0
1605.12,0,0.01,-0.02,0.06,0,0,0,0
1605.14,0,0.01,-0.02,0.06,0,0,0,0
1605.17,0,0.01,-0.02,0.06,0,0,0,0
1605.19,0,0.01,-0.02,0.06,0,0,0,0
1605.21,0,0.01,-0.02,0.06,0,0,0,0
1605.24,0,0.01,-0.02,0.06,0,0,0,0
1605.26,0,0.01,-0.02,0.06,0,0,0,0
1605.29,0,0.01,-0.02,0.06,0,0,0,0
1605.31,0,0.01,-0.02,0.06,0,0,0,0
1605.33,0,0.01,-0.02,0.06,0,0,0,0
1605.36,0,0.01,-0.02,0.06,0,0,0,0
1605.38,0,0.01,-0.02,0.06,0,0,0,0
1605.41,0,0.01,-0.02,0.06,0,1.22,0,0
1605.43,0,0.01,-0.02,0.06,0,0,-6.82,-10.6
1605.45,0,0.01,-0.02,0.06,0,0,-6.82,-10.6
1605.47,0,0.01,-0.02,0.06,0,0,-7.53,-11.82
1605.5,0,0.01,-0.02,0.06,0,0,-7.53,-11.82
1605.52,0,0.01,-0.02,0.06,0,0,-7.5,-11.98
1605.55,0,0.01,-0.02,0.06,0,0,-7.5,-11.98
1605.57,0,0.01,-0.02,0.06,0,0,-7.5,-12.17
1605.6,0,0.01,-0.02,0.06,0,0,-7.5,-12.17
1605.62,0,0.01,-0.02,0.06,0,0,-8.07,-12.71
1605.65,0,0.01,-0.02,0.06,0,0,-7.7,-11.99
1605.67,0,0.01,-0.02,0.06,0,0,-7.7,-11.99
1605.7,0,0.01,-0.02,0.06,0,0,-7.21,-11.52
1605.72,0,0.01,-0.02,0.06,0,0,-7.21,-11.52
1605.75,0,0.01,-0.02,0.06,0,0,-6.87,-11.26
1605.77,0,0.01,-0.02,0.06,0,0,-6.87,-11.26
1605.8,0,0.01,-0.02,0.06,0,0,-6.88,-11.46
1605.82,0,0.01,-0.02,0.06,0,0,-6.88,-11.46
1605.84,0,0.01,-0.02,0.06,0,0,-7.54,-12.15
1605.87,0,0.01,-0.02,0.06,0,0,-7.54,-12.15
1605.89,0,0.01,-0.02,0.06,0,0,-7.1,-11.8
1605.92,0,0.01,-0.02,0.06,0,0,-7.1,-11.8
1605.94,0,0.01,-0.02,0.06,0,0,-6.76,-11.32
1605.97,0,0.01,-0.02,0.06,0,0,-6.76,-11.32
1605.99,0,0.01,-0.02,0.06,0,0,-6.61,-11.39
1606.01,0,0.01,-0.02,0.06,0,0,-6.61,-11.39
1606.04,0,0.01,-0.02,0.06,0,0.35,-6.34,-10.99
1606.06,0,0.01,-0.02,0.06,0,0,-6.34,-10.99
1606.09,0,0.01,-0.02,0.06,0,0,-6.94,-11.4
1606.11,0,0.01,-0.02,0.06,0,0,-6.94,-11.4
1606.14,0,0.01,-0.02,0.06,0,0,-6.65,-11.32
1606.16,0,0.01,-0.02,0.06,0,0,-6.65,-11.32
1606.19,0,0.01,-0.02,0.06,0,1.22,-6.59,-11.14
1606.21,0,0.01,-0.02,0.06,0,1.22,-6.59,-11.14
1606.24,0,0.01,-0.02,0.06,0,0.69,-6.41,-10.69
1606.26,0,0.01,-0.02,0.06,0,0.17,-6.41,-10.69
1606.29,0,0.01,-0.02,0.06,0,1.04,-6.3,-10.6
1606.31,0,0.01,-0.02,0.06,0,0,-6.3,-10.6
1606.33,0,0.01,-0.02,0.06,0,0,-6.44,-10.91
1606.36,0,0.01,-0.02,0.07,0,0.7,-6.44,-10.91
1606.38,0,0.01,-0.02,0.07,0,1.04,-6.38,-10.81
1606.41,0,0.01,-0.02,0.07,0,0.52,-6.38,-10.81
1606.43,-0,0.01,-0.02,0.07,0,4.7,-5.96,-10.3
1606.45,0,0.01,-0.02,0.07,0,0,-5.96,-10.3
1606.47,0,0.01,-0.02,0.07,0,0,-5.63,-9.54
1606.49,0,0.01,-0.02,0.07,0,0,-5.63,-9.54
1606.52,0,0.01,-0.02,0.07,0,0.17,-5.73,-9.39
1606.54,0,0.01,-0.02,0.07,0,0.87,-5.73,-9.39
1606.57,0,0.01,-0.02,0.07,0,3.31,-5.91,-10.1
1606.59,0,0.01,-0.02,0.07,0,1.74,-5.91,-10.1
1606.62,0,0.01,-0.02,0.07,0,1.57,-5.7,-9.83
1606.64,0,0.01,-0.02,0.08,0,2.09,-5.7,-9.83
1606.67,0,0.01,-0.01,0.09,0,3.84,-5.74,-9.44
1606.69,0,0.01,-0.02,0.1,0,4.36,-5.74,-9.44
1606.72,0,0.01,-0.02,0.11,0,3.84,-5.5,-9.12
1606.74,0,0.01,-0.02,0.11,0,1.05,-5.5,-9.12
1606.77,0,0.01,-0.02,0.11,1.04,0,-5.62,-9.38
1606.79,0,0.01,-0.02,0.14,2.08,8.92,-5.62,-9.38
1606.82,0,0.01,-0.02,0.16,0,12.25,-5.56,-9.27
1606.85,0,0.01,-0.02,0.17,0,7,-5.47,-9.17
1606.87,0,0.01,-0.02,0.19,0,6.83,-5.47,-9.17
1606.9,0,0.01,-0.02,0.2,0,13.13,-5.61,-9.23
1606.92,0,0.01,-0.03,0.21,0,12.61,-5.61,-9.23
1606.95,0,0.01,-0.02,0.21,0,9.63,-5.23,-8.75
1606.97,0,0.01,-0.02,0.23,0,7.53,-5.23,-8.75
1607,0,0.01,-0.02,0.23,0,4.38,-5.07,-8.57
1607.02,0,0.01,-0.02,0.24,0.17,4.02,-5.07,-8.57
1607.05,0,0.01,-0.02,0.26,0,9.61,-5.37,-9.03
1607.07,0,0.01,-0.02,0.28,0,11.34,-5.37,-9.03
1607.1,-0,0.01,-0.02,0.29,0,9.24,-5.35,-9.2
1607.12,0,0.01,-0.02,0.3,0,6.62,-5.35,-9.2
1607.15,0,0.01,-0.02,0.31,0,8.86,-5.18,-8.83
1607.17,0,0.01,-0.02,0.33,0,10.06,-5.18,-8.83
1607.2,0,0.01,-0.02,0.34,0,7.46,-5.14,-8.83
1607.22,0,0.01,-0.02,0.34,0,6.24,-5.14,-8.83
1607.25,0,0.01,-0.02,0.35,1.04,3.29,-5.06,-8.83
1607.28,0,0.01,-0.02,0.36,1.04,4.49,-5.06,-8.83
1607.31,0,0.01,-0.02,0.38,0.35,9.64,-5.43,-9.62
1607.33,0,0.01,-0.02,0.4,-0.17,9.62,-5.43,-9.62
1607.36,0,0.01,-0.01,0.42,0,11.62,-5.44,-9.48
1607.38,0,0.01,-0.02,0.42,0,9.39,-5.36,-9.62
1607.41,0,0.02,-0.02,0.43,2.42,4.61,-5.36,-9.62
1607.44,0,0.02,-0.02,0.46,1.9,7.64,-5.43,-9.81
1607.47,0,0.02,-0.02,0.47,2.25,10.14,-5.43,-9.81
1607.5,0,0.02,-0.02,0.49,2.43,10.44,-5.52,-9.69
1607.52,0,0.02,-0.02,0.5,0,10.72,-5.54,-9.58
1607.55,0,0.02,-0.02,0.52,-0.35,11.16,-5.54,-9.58
1607.58,0,0.02,-0.02,0.52,0.17,7.98,-5.46,-9.39
1607.61,0,0.02,-0.01,0.53,-0.35,4.65,-5.46,-9.39
1607.63,0,0.02,-0.02,0.55,0,5.13,-5.2,-9.19
1607.66,0,0.02,-0.02,0.56,0,4.46,-5.15,-2.09
1607.69,0,0.02,-0.02,0.57,0,6.08,-5.15,-2.09
1607.72,0,0.02,-0.02,0.58,0,5.74,-5.14,28.43
1607.75,0,0.02,-0.02,0.6,1.04,12.05,-5.14,28.43
1607.78,-0,0.02,-0.02,0.6,1.04,12.87,-5.3,48.58
1607.81,0,0.02,-0.02,0.61,0.35,17.83,-5.3,48.58
1607.84,0,0.02,-0.02,0.63,0,24.89,-5.17,75.46
1607.87,0,0.02,-0.02,0.62,0,23.63,-4.98,119.87
1607.9,0,0.02,-0.02,0.63,0,32.17,-4.98,119.87
1607.92,0,0.02,-0.02,0.62,0,34.1,-4.94,146.42
1607.95,0,0.02,-0.02,0.62,0,40.08,-4.94,146.42
1607.98,0,0.01,-0.02,0.62,0,45.74,-5.01,175.56
1608.01,0,0.02,-0.02,0.62,0,53.33,-5.19,193.22
1608.04,0,0.01,-0.02,0.63,0,61.8,-5.19,193.22
1608.06,0,0.01,-0.02,0.62,0,68.69,-5.39,202.02
1608.09,0,0.01,-0.02,0.62,0,77.78,-5.27,205.91
1608.12,0,0.01,-0.02,0.62,0,86.17,-5.27,205.91
1608.15,-0,0.01,-0.02,0.63,0,96.83,-5.08,207.43
1608.17,0,0.01,-0.02,0.59,0,93.68,-5.08,207.43
1608.2,0,0.01,-0.02,0.56,0,94.67,-5.04,208.39
1608.23,0,0.01,-0.02,0.47,0,82.59,-5.04,208.39
1608.26,0,0.01,-0.02,0.44,0,84.67,-5.36,208.17
1608.28,0,0.01,-0.02,0.38,0,77.64,-5.36,208.17
1608.31,0,0.01,-0.02,0.31,0.52,74.11,-5.35,208.78
1608.35,0,0.01,-0.02,0.26,0.87,66.88,-5.26,209.32
1608.38,0,0.01,-0.02,0.23,0.17,73.03,-5.26,209.32
1608.4,0,0.01,-0.02,0.19,0,68.43,-5.16,209.67
1608.43,0,0.01,-0.02,0.16,1.04,66.14,-5.16,209.67
1608.47,0,0.01,-0.02,0.12,0.87,63.52,-5.06,209.91
1608.49,0,0.01,-0.02,0.1,0,66.97,-4.96,210.12
1608.52,0,0.01,-0.02,0.09,0,68.51,-4.96,210.12
1608.55,0,0.01,-0.02,0.08,0,72.93,-5.1,210.16
1608.58,0,0.01,-0.02,0.05,0,71.72,-5.1,210.16
1608.6,0,0.01,-0.02,0.04,0,72.45,-4.96,210.33
1608.63,0,0.01,-0.02,0.03,0,79.57,-4.96,210.33
1608.66,0,0.01,-0.02,0.02,0,81.41,-4.69,210.7
1608.69,0,0.01,-0.02,0,0,84.11,-4.64,210.44
1608.72,0,0.01,-0.02,0,0,88.68,-4.64,210.44
1608.74,0,0.01,-0.02,0,0,93.15,-4.95,210.47
1608.77,0,0.01,-0.02,0,0,96.63,-4.77,210.97
1608.8,0,0.01,-0.02,0,0,98.24,-4.77,210.97
1608.83,0,0.01,-0.01,0,0,104.81,-4.65,182.47
1608.85,0,0.01,-0.01,0,0,107.69,-4.65,182.47
1608.88,0,0.01,-0,0,0,109.72,-4.55,63.37
1608.91,0,0.01,-0.01,0,0,105.71,-4.55,63.37
1608.94,0,0.01,-0.01,0,0,107.14,-4.53,24.51
1608.96,0,0.01,-0.01,0,0,105.87,-4.77,2.27
1608.99,0,0.01,-0.01,0,0,93.6,-4.77,2.27
1609.01,0,0.01,-0.01,0,0,78.52,-4.82,-3.24
1609.04,0,0.01,-0.01,0,0,62.12,-4.82,-3.24
1609.06,0,0.01,-0.01,0,0,42.85,-4.74,-4.76
1609.09,0,0.01,-0.02,0,0,26.4,-4.74,-4.76
1609.11,0,0.01,-0.02,0,0,17.77,-4.48,-5.06
1609.13,-0,0.01,-0.02,0,0,12.34,-4.48,-5.06
1609.16,0,0.01,-0.02,0,0,8.48,-4.92,-5.45
1609.18,0,0.01,-0.02,0,0,6.05,-4.92,-5.45
1609.21,0,0.01,-0.02,0,0,5.42,-4.85,-6.02
1609.23,0,0.01,-0.02,0,0,4.44,-4.83,-6.13
1609.26,0,0.01,-0.02,0,0,2.47,-4.83,-6.13
1609.28,0,0.01,-0.01,0,0,3.47,-4.58,-6.32
1609.31,0,0.01,-0.02,0,0,2.81,-4.58,-6.32
1609.33,0,0.01,-0.02,0,0,1.32,-4.7,-6.44
1609.36,0,0.01,-0.02,0,0,0.5,-4.7,-6.44
1609.38,0,0.01,-0.02,0,0,0,-4.8,-6.71
1609.41,0,0.01,-0.02,0,0,0,-4.8,-6.71
1609.43,0,0.01,-0.02,0,0,0,-4.74,-6.85
1609.46,0,0.01,-0.02,0,0,0,-4.74,-6.85
1609.48,0,0.01,-0.02,0,0,0.99,-4.65,-6.71
1609.51,0,0.01,-0.02,0,0,0.99,-4.65,-6.71
1609.53,0,0.01,-0.02,0,0,0.5,-4.46,-6.36
1609.56,0,0.01,-0.02,0,0,0,-4.46,-6.36
1609.58,0,0.01,-0.02,0,0,0,-4.46,-6.36
1609.61,0,0.01,-0.02,0,1.04,0.33,-4.67,-6.53
1609.64,0,0.01,-0.02,0,1.04,-0.17,-4.67,-6.53
1609.66,0,0.01,-0.02,0,0.35,1.16,-5.04,-7.39
1609.69,0,0.01,-0.02,0,-0.17,1.99,-4.94,-7.49
1609.72,0,0.01,-0.02,0,0,2.66,-4.94,-7.49
1609.74,0,0.01,-0.02,0,0,4.01,-5.1,-7.74
1609.77,0,0.01,-0.02,0,0,8.59,-5.1,-7.74
1609.79,0,0.01,-0.02,0,0,8.1,-5.29,-8.04
1609.82,-0,0.01,-0.02,0,0.87,4.39,-5.29,-8.04
1609.85,0,0.01,-0.02,0.02,0.87,9.37,-5.58,-8.26
1609.87,0,0.01,-0.02,0.04,0.35,14.76,-5.58,-8.26
1609.9,0,0.01,-0.02,0.06,1.04,13.25,-5.72,-8.64
1609.93,0,0.02,-0.02,0.07,3.3,9.31,-5.5,-8.55
1609.96,0,0.02,-0.02,0.09,1.56,13.88,-5.5,-8.55
1609.98,0,0.01,-0.03,0.11,0,17.94,-5.62,-8.28
1610.01,0,0.01,-0.02,0.12,0,15.35,-5.4,-8.23
1610.03,0,0.01,-0.02,0.13,0,11.35,-5.4,-8.23
1610.06,-0,0.01,-0.02,0.16,0,12.94,-5.85,-8.8
1610.08,0,0.01,-0.02,0.17,0,11.37,-5.85,-8.8
1610.11,0,0.02,-0.02,0.19,1.04,12.78,-5.94,-8.66
1610.14,0,0.02,-0.02,0.21,0,17.34,-5.94,-8.66
1610.17,0,0.02,-0.03,0.22,0.52,15.93,-5.95,-8.88
1610.19,0,0.02,-0.02,0.23,0,10.85,-5.95,-8.88
1610.22,0,0.02,-0.02,0.26,0.52,11.36,-5.63,-8.43
1610.25,0,0.02,-0.02,0.28,3.12,12.39,-5.63,-8.43
1610.27,-0,0.02,-0.02,0.29,1.21,9.59,-5.97,-9.08
1610.3,0,0.02,-0.02,0.31,0,12,-5.97,-9.08
1610.32,0,0.02,-0.02,0.32,0,9.91,-6.04,-9.38
1610.35,0,0.02,-0.02,0.33,0.17,8.33,-6.04,-9.38
1610.38,0,0.02,-0.02,0.35,0,9.35,-6.39,-9.68
1610.4,0,0.02,-0.02,0.36,0,6.4,-6.29,-9.83
1610.43,0,0.02,-0.02,0.37,0,7.42,-6.29,-9.83
1610.45,0,0.02,-0.02,0.38,0,7.58,-6.44,-10.02
1610.48,0,0.02,-0.02,0.39,0,5.86,-6.44,-10.02
1610.5,0,0.02,-0.02,0.41,0,9.26,-6.3,-10.14
1610.53,0,0.02,-0.02,0.42,0,11.61,-6.3,-10.14
1610.55,0,0.02,-0.02,0.43,0,9.72,-6.52,-10.66
1610.58,0,0.02,-0.02,0.44,0,5.45,-6.52,-10.66
1610.6,0,0.02,-0.02,0.46,0,6.28,-7.06,-11.25
1610.62,0,0.02,-0.02,0.49,0,13.96,-7.06,-11.25
1610.65,0,0.02,-0.02,0.5,0,12.26,-7.08,-11.21
1610.67,0,0.02,-0.02,0.5,0,4.54,-7.08,-11.21
1610.7,0,0.02,-0.02,0.52,0.17,8.34,-7.5,-11.53
1610.73,0,0.02,-0.02,0.52,0,8.33,-7.5,-11.53
1610.75,0,0.02,-0.02,0.54,0,6.81,-7.58,-11.84
1610.78,0,0.02,-0.02,0.54,0,5.96,-7.58,-11.84
1610.8,0,0.02,-0.02,0.55,0,4.63,-7.6,-12.06
1610.83,0,0.02,-0.02,0.56,0,4.62,-7.6,-12.06
1610.85,-0,0.02,-0.02,0.56,0,2.97,-7.85,-2.33
1610.88,0,0.02,-0.02,0.57,0,2.31,-7.85,-2.33
1610.9,0,0.02,-0.02,0.58,0,4.1,-7.57,33.14
1610.93,0,0.02,-0.02,0.59,0,4.76,-7.57,33.14
1610.96,0,0.02,-0.02,0.59,0,7.7,-7.59,65.96
1610.99,0,0.02,-0.02,0.59,0,10.65,-7.93,92.41
1611.01,0,0.02,-0.02,0.59,0,13.29,-7.93,92.41
1611.04,0,0.02,-0.02,0.59,0,17.69,-8,126.14
1611.07,0,0.02,-0.02,0.61,0,28.58,-8,126.14
1611.1,0,0.02,-0.02,0.61,0,33.45,-8.09,146.03
1611.13,0,0.02,-0.02,0.61,0,38.87,-8.11,168.91
1611.15,0,0.02,-0.02,0.6,0,44.79,-8.11,168.91
1611.18,0,0.02,-0.02,0.59,0,50.15,-8.28,186.55
1611.21,0,0.02,-0.02,0.59,0,57.82,-8.28,186.55
1611.24,0,0.02,-0.02,0.59,0,63.4,-8.97,193.7
1611.26,0,0.02,-0.02,0.59,0,70.54,-8.7,197.34
1611.29,0,0.02,-0.02,0.58,0,79.24,-8.7,197.34
1611.33,0,0.02,-0.02,0.58,1.04,86.58,-9.14,197.74
1611.36,0,0.02,-0.02,0.58,0,95.62,-9.14,197.74
1611.38,-0.01,0.02,-0.02,0.54,0,93.53,-9.14,198.89
1611.41,0,0.02,-0.02,0.48,0,89.46,-8.48,200.6
1611.44,0,0.01,-0.02,0.38,0,71.01,-8.48,200.6
1611.47,0,0.02,-0.02,0.32,0,69.14,-8.93,200.61
1611.49,0,0.02,-0.02,0.26,0,59.69,-8.93,200.61
1611.52,0,0.01,-0.02,0.2,0,55.16,-9.1,200.95
1611.55,0,0.01,-0.02,0.16,0,45.89,-9.1,200.95
1611.58,0,0.01,-0.02,0.13,0,46.8,-9.13,201.09
1611.61,0,0.01,-0.02,0.1,0,50.68,-9.3,200.96
1611.63,0,0.01,-0.02,0.09,0,49.32,-9.3,200.96
1611.66,0,0.01,-0.02,0.08,1.04,54.51,-9.5,201.1
1611.69,0,0.01,-0.02,0.08,0,59.31,-9.13,202.11
1611.72,0,0.01,-0.02,0.07,0,68.64,-9.13,202.11
1611.75,0,0.01,-0.02,0.05,0,65.86,-8.81,202.81
1611.77,0,0.01,-0.02,0.04,0,68.07,-8.81,202.81
1611.8,0,0.01,-0.01,0.03,0,73.4,-8.58,203.19
1611.83,0,0.01,-0.02,0.02,0,80.15,-8.58,203.19
1611.86,0,0.01,-0.02,0.01,0,82.1,-8.78,203.27
1611.88,0,0.01,-0.02,0,0,85.09,-8.78,203.27
1611.91,0,0.01,-0.02,0,0,88.98,-8.58,203.61
1611.94,0,0.01,-0.02,0,0,96.14,-8.29,203.93
1611.97,0,0.01,-0.02,0,0,93.8,-8.29,203.93
1612,0,0.01,-0.02,0,0,96.27,-7.9,175.56
1612.02,0,0.01,-0.02,0,0,100.28,-7.9,175.56
1612.05,0,0.01,-0.01,0,0,105.17,-8.57,71.43
1612.08,0,0.01,-0.02,0,0,104.05,-8.57,71.43
1612.11,0,0,-0.02,0,0,104,-8.62,11.82
1612.13,0,0,-0.01,0,0,103.69,-8.62,11.82
1612.16,0,0,-0.02,0,0,102.27,-8.22,-3.96
1612.18,0,0,-0.02,0,0,91.43,-7.56,-7.28
1612.21,0,0,-0.02,0,0,72.88,-7.51,-8.69
1612.23,0,0,-0.02,0,0,55.46,-7.51,-8.69
1612.26,0,0,-0.02,0,0,39.14,-7.51,-8.69
1612.28,0,0,-0.02,0,0,24.26,-7.51,-8.69
1612.31,0,0.01,-0.02,0,0.86,12.47,-7.83,-9.38
1612.34,0,0.01,-0.02,0,0.86,9.86,-7.48,-9.52
1612.37,0,0.01,-0.02,0,0.35,7.96,-7.58,-9.96
1612.4,0,0.01,-0.02,0,1.04,6.53,-7.58,-9.96
1612.42,0,0.01,-0.02,0,0.86,3.59,-7.35,-9.72
1612.45,0,0.01,-0.02,0,0.35,3.77,-7.35,-9.72
1612.48,0,0.01,-0.02,0,0.87,3.78,-6.89,-9.67
1612.51,0,0.01,-0.02,0,0.87,2.13,-6.89,-9.67
1612.54,0,0.01,-0.02,0,0.35,1.81,-7.05,-9.74
1612.56,0,0.01,-0.02,0,0.87,1.15,-7.24,-10.08
1612.59,0,0.02,-0.02,0,2.25,0.49,-7.24,-10.08
1612.62,0,0.01,-0.02,0,0.35,-0.16,-6.87,-9.91
1612.64,0,0.01,-0.02,0,0,2.31,-6.87,-9.91
1612.67,0,0.01,-0.02,0,0,0.99,-6.55,-9.62
1612.69,0,0.01,-0.02,0,0,1.32,-6.55,-9.62
1612.72,0,0.01,-0.03,0,0,0.99,-6.41,-9.32
1612.74,0,0.01,-0.02,0,0,0.66,-6.41,-9.32
1612.77,0,0.01,-0.02,0,0,0,-7.12,-10.25
1612.79,0,0.01,-0.02,0,0,0,-7.01,-10.43
1612.81,0,0.01,-0.02,0,0,0,-7.01,-10.43
1612.84,0,0.01,-0.02,0,0,0,-6.42,-9.56
1612.86,0,0.01,-0.02,0,0,0,-6.42,-9.56
1612.89,0,0.01,-0.02,0,0,0,-6.05,-9.06
1612.91,0,0.01,-0.02,0,0,0,-6.05,-9.06
1612.94,0,0.01,-0.02,0,0,0,-6.06,-8.96
1612.96,0,0.01,-0.02,0,0,0.99,-6.06,-8.96
1612.99,0,0.01,-0.02,0,0,0.99,-6.88,-10.26
1613.01,0,0.01,-0.02,0,0,0,-6.88,-10.26
1613.03,0,0.01,-0.02,0,0,0.17,-6.55,-10.19
1613.06,0,0.01,-0.02,0,0,0,-6.55,-10.19
1613.08,0,0.01,-0.02,0,0,0,-6.55,-10.19
1613.1,0,0.01,-0.02,0,0,0,-6.41,-9.84
1613.12,0,0.01,-0.02,0,0,0.66,-6.41,-9.84
1613.15,0,0.01,-0.02,0,0,0.83,-6.38,-9.45
1613.17,0,0.01,-0.02,0,0,0,-6.38,-9.45
1613.19,0,0.01,-0.02,0,0,0.17,-6.04,-8.96
1613.22,0,0.01,-0.02,0,0,0.33,-6.04,-8.96
1613.24,0,0.01,-0.02,0,0,0,-6.3,-9.68
1613.27,0,0.01,-0.02,0,0,0,-6.3,-9.68
1613.29,0,0.01,-0.02,0,0,2.16,-6.11,-9.25
1613.32,0,0.01,-0.02,0,0,4.17,-6.11,-9.25
1613.34,0,0.01,-0.02,0,0,7.73,-5.82,-8.67
1613.37,0,0.01,-0.02,0,0,11.68,-5.85,-8.64
1613.39,0,0.01,-0.02,0,0,10.69,-5.85,-8.64
1613.42,0,0.01,-0.02,0.03,0,14.21,-5.61,-8.71
1613.44,0,0.01,-0.02,0.04,0,15.13,-5.61,-8.71
1613.47,0,0.02,-0.02,0.08,1.04,13.29,-5.72,-8.81
1613.5,0,0.02,-0.02,0.1,1.04,13.34,-5.72,-8.81
1613.53,-0,0.02,-0.02,0.1,0.52,10.24,-5.5,-8.66
1613.55,0,0.02,-0.02,0.11,0,13.24,-5.5,-8.66
1613.58,0,0.02,-0.02,0.14,0,12.74,-5.37,-8.88
1613.61,0,0.02,-0.02,0.17,0,16.44,-5.37,-8.88
1613.63,0,0.02,-0.01,0.19,0,19.96,-5.18,-8.52
1613.66,0,0.02,-0.02,0.21,0,18.04,-5.72,-8.44
1613.68,0,0.02,-0.02,0.22,0,18.9,-5.72,-8.44
1613.71,0,0.02,-0.02,0.24,0,13.3,-5.58,-8.59
1613.73,0,0.02,-0.02,0.27,0,15.89,-5.58,-8.59
1613.76,0,0.02,-0.02,0.29,0,15.87,-5.55,-8.79
1613.78,0,0.02,-0.02,0.31,0,13.41,-5.55,-8.79
1613.81,0,0.02,-0.02,0.33,1.04,14.58,-5.22,-8.5
1613.84,0,0.02,-0.02,0.34,1.04,10.93,-5.22,-8.5
1613.87,0,0.02,-0.02,0.35,0,6.41,-5.07,-8.19
1613.89,0,0.02,-0.02,0.36,0,7.26,-5.07,-8.19
1613.92,0,0.02,-0.02,0.37,0.35,5.87,-5.04,-8.21
1613.95,0,0.02,-0.02,0.4,0,10.65,-5.04,-8.21
1613.98,0,0.02,-0.02,0.4,1.04,7.9,-5.28,-8.22
1614.01,-0,0.02,-0.02,0.42,1.04,11.6,-5.41,-8.63
1614.03,0,0.02,-0.02,0.43,0.35,8.7,-5.41,-8.63
1614.06,0,0.02,-0.02,0.44,0,4.94,-5.11,-8.46
1614.08,-0,0.02,-0.02,0.45,0,3.24,-4.97,-8.43
1614.11,0,0.02,-0.02,0.47,0,9.13,-4.97,-8.43
1614.13,0,0.02,-0.02,0.49,0,12.95,-5.18,-8.01
1614.16,0,0.02,-0.02,0.49,0,7.91,-5.18,-8.01
1614.18,0,0.02,-0.02,0.52,0,11,-5.23,-8.51
1614.21,0,0.02,-0.02,0.52,0,9.66,-5.23,-8.51
1614.23,0,0.02,-0.02,0.52,0,5.16,-5.32,-8.69
1614.26,0,0.02,-0.02,0.53,0,4.15,-5.32,-8.69
1614.28,0,0.02,-0.02,0.54,0,3.65,-5.25,-8.64
1614.31,0,0.02,-0.02,0.55,0,3.31,-5.25,-8.64
1614.34,0,0.02,-0.02,0.56,0,3.96,-5.16,16.02
1614.37,0,0.02,-0.02,0.56,0,4.79,-5.16,16.02
1614.4,0,0.02,-0.02,0.57,0,7.25,-5.39,38.21
1614.43,0,0.02,-0.01,0.57,0,10.84,-5.39,38.21
1614.46,0,0.02,-0.02,0.57,0,13.12,-5.43,64.18
1614.49,0,0.02,-0.02,0.57,0,13.67,-5.44,97.4
1614.53,0,0.02,-0.02,0.57,0,16.99,-5.44,97.4
1614.56,0,0.02,-0.02,0.58,0,23.66,-5.12,128.61
1614.59,0,0.02,-0.02,0.58,0,29.57,-5.12,128.61
1614.62,0,0.02,-0.02,0.58,0,35.16,-4.89,156.39
1614.65,0,0.02,-0.02,0.58,0,42.55,-5.09,168.19
1614.68,0,0.02,-0.02,0.57,0,48.11,-5.09,168.19
1614.71,0,0.02,-0.02,0.56,0,53.86,-5.21,174.66
1614.74,0,0.02,-0.02,0.56,1.04,63.59,-5.31,177.92
1614.77,0,0.02,-0.02,0.56,0,70.78,-5.17,179.89
1614.8,0,0.02,-0.02,0.54,0,72.34,-5.17,179.89
1614.83,0,0.02,-0.02,0.52,0,74.97,-4.81,181.52
1614.86,0,0.02,-0.02,0.48,0,71.91,-4.81,181.52
1614.89,0,0.02,-0.02,0.48,0,77.59,-5.15,181.51
1614.92,0,0.02,-0.02,0.47,0,82.59,-5.3,182.09
1614.94,-0,0.02,-0.02,0.46,0,87.7,-5.3,182.09
1614.97,0,0.01,-0.02,0.38,0,74.52,-5.17,182.94
1615,0,0.02,-0.02,0.32,0,70.42,-5.17,182.94
1615.03,0,0.01,-0.02,0.26,0,62.31,-5.14,183.19
1615.05,0,0.01,-0.02,0.2,0,52.69,-5.14,183.19
1615.08,0,0.01,-0.02,0.17,0,51.73,-5.06,184.07
1615.11,0,0.01,-0.02,0.15,0,55.86,-5.06,184.07
1615.14,0,0.01,-0.03,0.11,0,47.83,-5.2,183.91
1615.16,0,0.01,-0.02,0.1,0,54.2,-4.98,184.29
1615.19,0,0.01,-0.02,0.08,0,53.53,-5.02,184.37
1615.22,0,0.01,-0.02,0.07,0,57.31,-5.02,184.37
1615.25,0,0.01,-0.02,0.05,0,57.43,-4.95,184.71
1615.28,0,0.01,-0.02,0.03,0,56.36,-4.95,184.71
1615.3,0,0.01,-0.02,0.01,0,58.69,-4.93,185.19
1615.33,0,0.01,-0.02,0,0,59.06,-4.93,185.19
1615.36,0,0.01,-0.02,0,0,62.5,-5.26,184.71
1615.39,0,0.01,-0.02,0,0,67.98,-5.24,184.78
1615.41,0,0.01,-0.02,0,0,72.92,-5.24,184.78
1615.44,0,0.01,-0.02,0,0,75,-5.24,185.04
1615.47,-0,0.01,-0.02,0,0,77.45,-5.24,185.04
1615.5,0,0.01,-0.02,0,0,84.34,-5.24,185.09
1615.52,0,0.01,-0.02,0,0,87.95,-5.24,185.09
1615.55,0,0.01,-0.02,0,0,94.79,-4.99,114.35
1615.58,0,0.01,-0.02,0,0,96.15,-4.99,114.35
1615.61,0,0.01,-0.02,0,0,100.26,-5.19,38.81
1615.63,0,0.01,-0.02,0,0,99.65,-5.19,38.81
1615.66,0,0.01,-0.01,0,0,100.59,-5.06,5.38
1615.69,0,0.01,-0.02,0,0,88.14,-4.88,-2.29
1615.71,0,0.01,-0.02,0,0,72,-4.88,-2.29
1615.73,0,0.01,-0.02,0,0,53.44,-4.76,-4.16
1615.76,0,0.01,-0.02,0,0,38.9,-4.76,-4.16
1615.79,-0,0.01,-0.02,0,2.08,23.98,-4.65,-4.78
1615.82,0,0.01,-0.02,0,2.08,14.78,-4.65,-4.78
1615.84,0,0.01,-0.02,0,1.04,10.41,-4.79,-5.72
1615.87,-0,0.01,-0.02,0,1.39,6.62,-4.79,-5.72
1615.9,0,0.01,-0.02,0,0,5.48,-4.82,-5.75
1615.92,0,0.01,-0.02,0,0,4.5,-4.74,-5.83
1615.95,-0,0.01,-0.02,0,0,4.85,-4.74,-5.83
1615.97,0,0.01,-0.02,0,0,3.34,-4.56,-5.85
1616,0,0.01,-0.02,0,0,2.85,-4.56,-5.85
1616.02,0,0.01,-0.02,0,0,6.23,-4.45,-5.53
1616.04,0,0.01,-0.02,0,0,6.41,-4.45,-5.53
1616.07,0,0.01,-0.02,0,0,4.9,-4.67,-6.12
1616.09,0,0.01,-0.02,0,0,2.7,-4.67,-6.12
1616.12,0,0.01,-0.02,0,0,0.17,-4.63,-6.32
1616.14,0,0.01,-0.02,0,0,0.51,-4.63,-6.32
1616.17,0,0.01,-0.02,0,1.04,0.68,-4.79,-6.69
1616.2,0,0.01,-0.02,0,1.04,0,-4.79,-6.69
1616.22,0,0.01,-0.02,0,0,1.18,-4.9,-6.6
1616.25,0,0.01,-0.02,0,0,1.35,-4.9,-6.6
1616.28,0,0.01,-0.02,0,0.52,1.86,-4.76,-6.41
1616.3,0,0.01,-0.02,0,0,3.57,-4.76,-6.41
1616.33,0,0.01,-0.02,0.02,0,7.17,-5.06,-7.36
1616.35,-0,0.01,-0.02,0.02,0,8.22,-5.06,-7.36
1616.38,-0,0.01,-0.02,0.03,0,7.38,-5.12,-7.55
1616.4,-0.01,0.01,-0.02,0.03,0,4.46,-5.3,-7.59
1616.43,0,0.01,-0.02,0.04,0,3.09,-5.3,-7.59
1616.45,0,0.01,-0.02,0.06,0,5.34,-5.41,-7.76
1616.48,0,0.01,-0.02,0.08,0,5.52,-5.41,-7.76
1616.5,0,0.01,-0.02,0.08,0,4.49,-5.52,-8.21
1616.53,0,0.01,-0.02,0.08,0,2.59,-5.52,-8.21
1616.55,-0,0.01,-0.02,0.09,0,4.5,-5.79,-8.54
1616.58,0,0.01,-0.02,0.1,0,6.07,-5.79,-8.54
1616.6,0,0.01,-0.02,0.1,0,5.2,-5.68,-8.37
1616.63,0,0.01,-0.02,0.11,0,7.65,-5.68,-8.37
1616.65,0,0.01,-0.03,0.13,0,10.28,-5.57,-8.58
1616.68,0,0.01,-0.02,0.13,0,7.32,-5.57,-8.58
1616.7,0,0.01,-0.02,0.16,0,10.31,-5.47,-8.45
1616.73,0,0.01,-0.02,0.17,0,14.87,-5.47,-8.45
1616.75,0,0.01,-0.02,0.19,0,14.01,-5.61,-8.59
1616.77,0,0.01,-0.02,0.18,0,6.3,-5.61,-8.59
1616.8,0,0.01,-0.02,0.19,0,3.68,-6.05,-9.03
1616.82,0,0.01,-0.02,0.19,0,5.6,-6.05,-9.03
1616.85,0,0.01,-0.02,0.2,0,6.66,-5.81,-8.71
1616.87,0,0.01,-0.02,0.21,0,10.16,-5.93,-9.22
1616.9,0,0.01,-0.02,0.22,0,9.8,-5.93,-9.22
1616.92,0,0.01,-0.02,0.23,0,7,-5.93,-9.22
1616.95,0,0.01,-0.02,0.23,0,3.5,-6.53,-9.82
1616.97,0,0.01,-0.02,0.24,0,3.68,-6.48,-9.85
1617,0,0.01,-0.02,0.25,0,2.8,-6.48,-9.85
1617.02,0,0.01,-0.02,0.27,0,5.77,-6.97,-10.35
1617.05,0,0.01,-0.02,0.27,0,6.12,-6.97,-10.35
1617.07,0,0.01,-0.02,0.28,0,8.03,-7.06,-10.37
1617.1,0,0.01,-0.02,0.3,0,8.2,-7.06,-10.37
1617.12,0,0.01,-0.02,0.31,0,7.15,-6.84,-10.13
1617.15,0,0.01,-0.02,0.31,0,7.66,-6.84,-10.13
1617.17,-0,0.01,-0.02,0.32,0,9.55,-6.87,-10.57
1617.2,0,0.01,-0.02,0.34,0,9.02,-6.87,-10.57
1617.22,-0,0.01,-0.02,0.35,0,8.49,-6.96,-10.74
1617.25,0,0.01,-0.02,0.37,1.04,11.73,-6.96,-10.74
1617.28,0,0.01,-0.02,0.39,1.04,15.1,-7.56,-11.19
1617.3,0,0.01,-0.02,0.41,0.52,9.1,-7.56,-11.19
1617.33,0,0.01,-0.02,0.41,0.87,4.97,-6.85,-10.37
1617.36,0,0.01,-0.02,0.43,0.87,5.64,-6.47,-9.88
1617.39,0,0.01,-0.02,0.44,0.35,6.99,-6.47,-9.88
1617.42,0,0.01,-0.02,0.45,0,4.6,-6.55,-10.44
1617.44,0,0.01,-0.02,0.47,0,9.48,-6.55,-10.44
1617.47,-0.01,0.01,-0.01,0.49,0,11.8,-6.98,-10.8
1617.49,0,0.01,-0.02,0.49,0,9.09,-6.98,-10.8
1617.51,0,0.01,-0.02,0.5,0,4.71,-7.4,-11.53
1617.54,0,0.01,-0.02,0.52,0,9.84,-7.4,-11.53
1617.57,0,0.01,-0.02,0.53,0,9.81,-7.4,-11.59
1617.59,0,0.01,-0.02,0.53,0,3.83,-7.48,-11.6
1617.62,0,0.01,-0.02,0.54,0,4.48,-7.48,-11.6
1617.64,0,0.01,-0.02,0.56,0,5.62,-7.58,-2.32
1617.67,0,0.01,-0.02,0.56,0,3.8,-7.58,-2.32
1617.69,0,0.01,-0.02,0.57,0,4.61,-7.84,23.37
1617.72,0,0.01,-0.02,0.58,0,9.5,-7.84,23.37
1617.75,0,0.01,-0.02,0.58,0,9.19,-8.47,40.42
1617.78,0,0.01,-0.01,0.58,0,9.86,-8.47,40.42
1617.8,0,0.01,-0.02,0.57,0,9.39,-8.27,73.25
1617.83,0,0.01,-0.02,0.59,0,14.29,-8.27,73.25
1617.86,0,0.01,-0.02,0.59,0,15.96,-8.06,109.81
1617.89,0,0.01,-0.02,0.59,0,23.75,-8.27,136.52
1617.91,0,0.01,-0.02,0.6,0,30.26,-8.27,136.52
1617.94,0,0.01,-0.02,0.59,0,34.57,-8.23,162.9
1617.97,0,0.01,-0.02,0.6,0,42.21,-8.23,162.9
1618,0,0.01,-0.02,0.6,0,49.57,-8.63,175.41
1618.03,0,0.01,-0.02,0.58,0,52.06,-8.63,175.41
1618.06,0,0.01,-0.02,0.57,0,57.16,-9.12,182.67
1618.08,0,0.01,-0.02,0.53,0,55.56,-9.12,182.67
1618.11,0,0.01,-0.02,0.49,0.17,52.41,-8.97,185.85
1618.14,0,0.01,-0.02,0.47,0,54.09,-9.03,187.64
1618.17,0,0.01,-0.02,0.44,0,56.73,-9.03,187.64
1618.2,0,0.01,-0.02,0.41,0,55.89,-8.63,188.57
1618.22,-0,0.01,-0.02,0.38,0,57.33,-8.63,188.57
1618.25,0,0,-0.02,0.37,0,61.77,-8.79,189.09
1618.28,0,0,-0.02,0.36,0,68.06,-8.79,189.09
1618.31,0,0,-0.02,0.33,0,66.09,-8.99,189.27
1618.34,0,0,-0.02,0.29,0,61.76,-8.95,189.72
1618.36,0,0,-0.02,0.27,0,65.13,-9.1,189.81
1618.39,0,0,-0.02,0.23,0,67.08,-9.1,189.81
1618.42,0,0,-0.02,0.2,0,64.06,-8.89,189.99
1618.45,0,0,-0.02,0.19,0,68.21,-8.89,189.99
1618.47,0,0,-0.02,0.17,0,63.95,-9.42,190.19
1618.5,0,0,-0.02,0.16,0,69.28,-9.42,190.19
1618.53,-0,0,-0.02,0.15,0,69.89,-9.2,190.48
1618.56,0,0,-0.02,0.12,0,73.54,-9.2,190.48
1618.58,0,0,-0.01,0.09,0,72.91,-8.82,191.03
1618.61,0,0,-0.02,0.08,0,77.14,-8.59,191.47
1618.64,0,0,-0.02,0.08,0,80.02,-8.59,191.47
1618.67,0,0,-0.02,0.06,0,79.89,-8.46,191.72
1618.69,0,0,-0.02,0.05,0,83.74,-8.46,191.72
1618.72,0,0,-0.02,0.05,0,88.68,-8.92,191.44
1618.75,0,0,-0.02,0.03,0,92.41,-8.92,191.44
1618.78,0,0,-0.02,0.02,0,93.38,-8.85,191.3
1618.81,0,0,-0.02,0.01,0,99.8,-9.17,177.55
1618.83,0,0,-0.02,0.01,0,103.84,-9.17,177.55
1618.86,0,0,-0.02,0.01,0,106.6,-8.49,90.16
1618.89,0,0,-0.02,0.01,0,110.28,-8.03,33.4
1618.92,0,0,-0.01,0,0,110.77,-8.03,33.4
1618.94,0,0,-0.01,0.01,0,110.03,-8.43,1.17
1618.97,0,0,-0.01,0,0,98.1,-8.43,1.17
1618.99,0,0,-0.01,0.01,0,78.31,-8.26,-7
1619.01,0,0,-0.01,0.01,0,59.81,-8.26,-7
1619.04,0,0,-0.01,0.01,0,42.22,-7.9,-9.21
1619.06,0,0,-0.01,0.02,0,29.36,-7.9,-9.21
1619.09,0,0,-0.01,0.03,0,21.9,-7.83,-9.65
1619.11,0,0,-0.02,0.03,0,14.01,-7.83,-9.65
1619.14,0,0,-0.02,0.03,0,8.63,-7.48,-9.33
1619.16,0,0,-0.01,0.04,0,8.16,-7.48,-9.33
1619.19,0,0,-0.02,0.05,0,14.41,-7.5,-9.67
1619.21,0,0,-0.02,0.05,0,11.5,-7.5,-9.67
1619.24,0,0,-0.02,0.06,0,6.53,-7.66,-10.23
1619.26,0,0,-0.02,0.07,0,5.51,-7.66,-10.23
1619.29,0,0,-0.02,0.08,0,5.86,-7.7,-10.43
1619.31,0,0,-0.02,0.08,0,3.97,-7.7,-10.43
1619.34,0,0,-0.01,0.07,0,1.72,-7.29,-9.89
1619.36,0,0,-0.02,0.08,0,0.69,-7.29,-9.89
1619.39,0,0,-0.02,0.08,0,1.38,-7.79,-10.53
1619.41,0,0,-0.02,0.08,0,-0.17,-7.79,-10.53
1619.43,0,0,-0.02,0.08,0,0,-7.31,-10.32
1619.46,0,0,-0.02,0.08,0,0.86,-7.31,-10.32
1619.48,0,0,-0.02,0.08,0,1.04,-7.31,-10.32
1619.51,0,0,-0.02,0.08,0,0.69,-7.46,-10.36
1619.53,0,0,-0.02,0.08,0,0.17,-7.49,-10.04
1619.56,0,0,-0.02,0.09,0,1.04,-7.49,-10.04
1619.58,0,0,-0.02,0.09,0,1.04,-6.92,-9.9
1619.6,0,0,-0.02,0.08,0,0,-6.92,-9.9
1619.63,0,0,-0.02,0.09,0,0,-7.3,-10.44
1619.65,0,0,-0.02,0.09,0,0.17,-7.3,-10.44
1619.68,0,0,-0.02,0.09,0,2.08,-7.05,-10.47
1619.7,0,0,-0.02,0.09,0,-0.17,-7.05,-10.47
1619.72,0,0,-0.02,0.09,0,0,-7.16,-10.56
1619.75,0,0,-0.02,0.09,0,0.35,-7.16,-10.56
1619.77,0,0,-0.02,0.09,0,2.94,-6.77,-10.08
1619.8,0,0,-0.02,0.09,0,3.64,-6.77,-10.08
1619.82,0,0,-0.02,0.09,0,2.43,-6.61,-9.82
1619.85,0,0,-0.01,0.1,0,2.25,-6.61,-9.82
1619.87,0,0,-0.02,0.1,0,2.6,-6.83,-10.1
1619.9,0,0,-0.02,0.1,0,1.91,-6.83,-10.1
1619.92,0,0,-0.02,0.1,0,1.04,-6.79,-9.83
1619.95,0,0,-0.02,0.1,0,1.56,-6.79,-9.83
1619.97,0,0,-0.02,0.1,0,2.09,-6.62,-9.69
1620,0,0,-0.02,0.1,0,2.78,-6.25,-9.25
1620.02,0,0,-0.02,0.12,0,11.35,-6.25,-9.25
1620.05,-0,0,-0.02,0.14,0,6.45,-6.1,-9.16
1620.07,0,0,-0.02,0.16,0,5.59,-6.1,-9.16
1620.09,0,0,-0.02,0.17,0,12.6,-6.73,-9.8
1620.12,0,0,-0.02,0.18,0,10.67,-6.73,-9.8
1620.14,0,0,-0.02,0.18,0,4.37,-6.6,-9.85
1620.17,0,0,-0.02,0.19,0,5.6,-6.6,-9.85
1620.19,0,0,-0.02,0.2,0,10.33,-6.42,-9.53
1620.22,0,0,-0.02,0.21,0,9.11,-6.42,-9.53
1620.24,0,0,-0.02,0.22,0,10.68,-6.3,-9.63
1620.27,0,0,-0.03,0.22,0,8.75,-6.3,-9.63
1620.29,0,0,-0.02,0.23,0,7,-5.94,-9.16
1620.32,0,0,-0.02,0.24,0,5.25,-5.94,-9.16
1620.34,0,0,-0.02,0.25,0,4.02,-6.2,-9.47
1620.37,0,0,-0.02,0.27,0,9.08,-6.2,-9.47
1620.39,0,0,-0.02,0.29,0,12.04,-6.25,-9.46
1620.42,0,0,-0.02,0.31,0,16,-6.25,-9.46
1620.44,0,0,-0,0.32,0,11.3,-5.93,-9.2
1620.47,0,0,-0.02,0.33,0,10.93,-5.71,-8.91
1620.49,0,0,-0.02,0.34,0,6.42,-5.71,-8.91
1620.52,0,0,-0.02,0.36,0,6.58,-5.5,-8.77
1620.54,0,0,-0.02,0.37,0,8.12,-5.5,-8.77
1620.56,0,0,-0.02,0.37,0,6.56,-5.37,-8.33
1620.59,0,0,-0.02,0.39,0,6.89,-5.37,-8.33
1620.61,0,0,-0.02,0.41,0,8.76,-5.18,-8.16
1620.64,0,0,-0.02,0.42,0,12.64,-5.18,-8.16
1620.66,0,0,-0.02,0.44,0,12.09,-5.56,-8.86
1620.69,0,0,-0.02,0.44,0,7.32,-5.56,-8.86
1620.71,0,0,-0.02,0.47,0,8.13,-5.3,-8.51
1620.74,0,0,-0.02,0.5,0,15.1,-5.3,-8.51
1620.76,0,0,-0.02,0.5,0,9.92,-5.17,-8.11
1620.79,0,0,-0.02,0.5,0,5.04,-5.17,-8.11
1620.81,0,0,-0.02,0.53,0,8.99,-5.64,-9.1
1620.84,0,0,-0.02,0.54,0,9.47,-5.64,-9.1
1620.86,0,0,-0.02,0.55,0,6.8,-5.4,-8.81
1620.89,0,0,-0.03,0.55,0,4.47,-5.4,-8.81
1620.91,0,0,-0.02,0.56,0,3.31,-5.19,-8.25
1620.94,0,0,-0.02,0.57,0,5.76,-5.19,-8.25
1620.96,0,0,-0.02,0.59,0,9.31,-5.31,-2.31
1620.98,0,0,-0.01,0.6,0,7.02,-5.31,-2.31
1621.01,0,0,-0.02,0.6,0,3.1,-5.09,28.05
1621.04,0,0,-0.02,0.59,0,2.78,-5.09,28.05
1621.07,0,0,-0.02,0.61,0,7.49,-5.21,56.31
1621.09,0,0,-0.02,0.61,0,8.97,-5.21,56.31
1621.12,0,0,-0.02,0.62,0,16.48,-5.56,84.16
1621.15,0,0,-0.02,0.62,0,19.88,-5.56,84.16
1621.18,0,0,-0.02,0.62,0,23.11,-5.47,118.24
1621.21,0,0,-0.02,0.63,0,28.88,-5.28,151.68
1621.23,0,0,-0.03,0.62,0,32.59,-5.28,151.68
1621.26,0,0,-0.02,0.62,0,39.5,-5.17,167.33
1621.29,0,0,-0.02,0.62,0,46.78,-5.22,172.84
1621.32,0,0,-0.02,0.62,0,52.69,-5.22,172.84
1621.34,0,0,-0.02,0.61,0,58.62,-5.15,176
1621.37,0,0.01,-0.02,0.58,0,58.98,-5.15,176
1621.4,0,0,-0.02,0.49,0,42.7,-5.3,177.94
1621.43,0,0.01,-0.02,0.41,1.04,30.88,-5.3,177.94
1621.46,0,0.01,-0.02,0.38,0.86,32.39,-5.17,179.73
1621.49,0,0.01,-0.02,0.37,0.35,37.65,-5.14,180.91
1621.52,0,0.01,-0.02,0.36,-0.17,44.27,-5.14,180.91
1621.55,0,0.01,-0.03,0.35,0,50.2,-5.3,181.55
1621.58,0,0.01,-0.02,0.32,0,47.97,-5.3,181.55
1621.61,0,0.01,-0.02,0.3,0,52.04,-5.17,182.42
1621.63,0,0,-0.02,0.28,0,50.75,-5.17,182.42
1621.66,0,0.01,-0.02,0.27,0,58.28,-5.14,183.25
1621.69,0,0.01,-0.03,0.22,0,55.7,-4.73,184.24
1621.72,0,0.01,-0.02,0.2,0,55.31,-4.73,184.24
1621.74,0,0.01,-0.02,0.19,0,61.43,-4.81,184.28
1621.77,0,0.01,-0.02,0.18,0,60.8,-4.81,184.28
1621.8,0,0,-0.02,0.16,0,60.82,-5.23,184.36
1621.83,0,0,-0.02,0.13,0,58.79,-5.23,184.36
1621.85,0,0,-0.02,0.11,0,62.29,-5.32,184.55
1621.88,0,0,-0.02,0.09,0,61.39,-5.32,184.55
1621.91,0,0,-0.02,0.08,0,66.41,-5.26,184.67
1621.94,0,0.01,-0.02,0.07,0,69.18,-5.24,184.85
1621.97,0,0,-0.03,0.07,0,72.23,-5.16,185.06
1621.99,0,0.01,-0.02,0.05,0,72.29,-5.16,185.06
1622.02,0,0.01,-0.02,0.03,0,75.63,-5.39,182.96
1622.05,0,0.01,-0.02,0.03,0,82.84,-5.39,182.96
1622.08,0,0,-0.02,0.03,0,88.89,-5.19,164.13
1622.1,0,0.01,-0.02,0.03,0,93.92,-5.19,164.13
1622.13,0,0.01,-0.02,0.03,0,98.59,-5.23,86.49
1622.16,0,0.01,-0.02,0.03,0,100.07,-5.23,86.49
1622.19,0,0.01,-0.02,0.03,0,99.17,-5.07,32.34
1622.21,0,0.01,-0.02,0.02,0,98.15,-4.79,10.58
1622.24,0,0.01,-0.02,0.02,0,98.15,-4.79,10.58
1622.27,0,0.01,-0.02,0.03,0,97.99,-4.9,-0.84
1622.29,0,0.01,-0.02,0.03,0,84.6,-4.9,-0.84
1622.32,0,0.01,-0.02,0.04,0,69.27,-4.84,-4.11
1622.34,0,0.01,-0.02,0.04,0,51.8,-4.84,-4.11
1622.37,0,0.01,-0.02,0.05,0,35.5,-4.67,-4.93
1622.39,0,0.01,-0.02,0.05,0,24.64,-4.63,-5.18
1622.42,0,0.01,-0.02,0.06,0,17.57,-4.63,-5.18
1622.44,0,0,-0.02,0.06,0,11.63,-4.54,-4.98
1622.46,0,0.01,-0.02,0.07,0,9.61,-4.54,-4.98
1622.49,0,0.01,-0.02,0.08,0,9.12,-4.77,-6.01
1622.51,0,0,-0.02,0.08,0,8.28,-4.77,-6.01
1622.54,0,0,-0.02,0.09,0,6.04,-4.73,-5.97
1622.56,0,0.01,-0.02,0.1,0,7.97,-4.73,-5.97
1622.59,0,0.01,-0.02,0.1,0,5.71,-4.81,-6.12
1622.61,0,0.01,-0.02,0.1,0,4.16,-4.81,-6.12
1622.64,0,0,-0.02,0.1,0,2.25,-4.74,-6.07
1622.66,0,0,-0.02,0.1,0,1.04,-4.74,-6.07
1622.69,0,0,-0.02,0.1,0,0.35,-4.48,-5.82
1622.71,0,0,-0.02,0.1,0,0.87,-4.48,-5.82
1622.74,0,0,-0.02,0.1,0,2.08,-4.68,-6.59
1622.76,-0,0,-0.02,0.1,0,2.78,-4.68,-6.59
1622.79,0,0,-0.02,0.11,0,3.13,-4.88,-6.91
1622.81,0,0,-0.01,0.11,0,3.3,-4.88,-6.91
1622.84,0,0,-0.02,0.11,0,1.04,-4.67,-6.72
1622.86,0,0,-0.02,0.11,0,6.97,-4.67,-6.72
1622.89,0,0,-0.02,0.11,0,7.85,-4.72,-6.77
1622.91,0,0,-0.02,0.11,0,4.88,-4.72,-6.77
1622.94,-0,0,-0.02,0.11,0,3.32,-4.72,-6.78
1622.96,0,0,-0.02,0.12,0,2.97,-4.72,-6.78
1622.98,0,0,-0.02,0.13,0,2.97,-4.89,-6.94
1623.01,0,0,-0.03,0.13,0,3.14,-4.89,-6.94
1623.03,0,0,-0.02,0.15,0,2.97,-5.09,-7.63
1623.06,0,0,-0.02,0.15,0,0.87,-5.09,-7.63
1623.08,0,0,-0.02,0.17,0,5.6,-5.21,-7.69
1623.11,0,0,-0.01,0.17,0,4.2,-5.31,-7.95
1623.13,0,0,-0.02,0.17,0,3.15,-5.31,-7.95
1623.16,0,0,-0.02,0.18,0,1.75,-5.34,-7.75
1623.18,0,0,-0.02,0.18,0,3.15,-5.34,-7.75
1623.21,0,0,-0.02,0.18,0,1.22,-5.26,-7.71
1623.23,0,0.01,-0.02,0.19,0,2.63,-5.26,-7.71
1623.26,0,0.01,-0.02,0.19,0,6.83,-5.49,-8.28
1623.28,0,0.01,-0.02,0.2,0,6.66,-5.49,-8.28
1623.31,0,0,-0.02,0.21,0,6.13,-5.45,-8.15
1623.33,0,0.01,-0.02,0.22,0,8.58,-5.45,-8.15
1623.36,0,0.01,-0.02,0.23,0,10.85,-5.36,-8.29
1623.38,0,0.01,-0.02,0.24,0,8.58,-5.36,-8.29
1623.41,0,0.01,-0.02,0.26,0,8.92,-5.18,-7.98
1623.43,0,0.01,-0.02,0.27,0,9.43,-5.18,-7.98
1623.46,0,0.01,-0.02,0.29,0,10.47,-5.72,-8.83
1623.48,0,0.01,-0.02,0.31,0,11.84,-5.72,-8.83
1623.51,0,0,-0.02,0.32,0,10.78,-5.99,-9.57
1623.53,0,0.01,-0.02,0.32,0,8,-5.99,-9.57
1623.56,0,0,-0.02,0.33,0,7.29,-6.13,-9.89
1623.59,0,0,-0.02,0.35,0,5.72,-5.99,-9.62
1623.61,0,0.01,-0.03,0.35,0,5.54,-5.99,-9.62
1623.63,0,0,-0.02,0.36,0,2.25,-6.05,-9.4
1623.66,0,0.01,-0.02,0.36,0,0.52,-6.05,-9.4
1623.68,0,0.01,-0.02,0.37,0,4.32,-6.8,-10.34
1623.71,0,0.01,-0.02,0.39,0,8.62,-6.8,-10.34
1623.73,0,0.01,-0.02,0.4,0,9.63,-6.87,-10.7
1623.76,0,0.01,-0.02,0.41,0,8.41,-6.87,-10.7
1623.78,0,0.01,-0.03,0.42,0,9.91,-6.39,-10.03
1623.81,0,0.01,-0.02,0.43,0,7.01,-6.39,-10.03
1623.83,0,0.01,-0.02,0.44,0,5.29,-6.13,-9.57
1623.86,0,0.01,-0.02,0.46,0,5.28,-6.13,-9.57
1623.88,0,0.01,-0.02,0.47,0,7.46,-6.07,-9.56
1623.91,0,0.01,-0.02,0.49,0,11.63,-6.07,-9.56
1623.93,0,0.01,-0.02,0.5,0,9.59,-6.23,-9.72
1623.96,0,0.01,-0.02,0.51,0,9.21,-6.23,-9.72
1623.98,0,0.01,-0.02,0.52,0,8.85,-6.42,-10.49
1624.01,0,0.01,-0.02,0.53,0,6.67,-6.42,-10.49
1624.03,0,0.01,-0.02,0.55,0,7.3,-6.71,-4.65
1624.06,0,0.01,-0.02,0.56,0,7.28,-6.52,16.66
1624.09,0,0.01,-0.02,0.56,0,7.12,-6.52,16.66
1624.12,0,0,-0.02,0.57,0,9.25,-6.52,16.66
1624.14,0,0.01,-0.02,0.58,0,13.47,-6.73,34.23
1624.17,0,0.01,-0.02,0.58,0,13.82,-7.51,53.44
1624.2,0,0.01,-0.02,0.59,0,17.72,-7.51,53.44
1624.23,0,0.01,-0.02,0.59,0,18.73,-7.5,78.07
1624.25,0,0.01,-0.02,0.6,0,24.7,-7.5,78.07
1624.28,0,0.01,-0.03,0.59,0,24.64,-6.92,108.48
1624.31,0,0,-0.02,0.59,0,29.08,-6.92,108.48
1624.34,0,0.01,-0.02,0.59,0,33.96,-7.47,135.68
1624.37,0,0.01,-0.02,0.59,0,38.94,-7.82,163.72
1624.39,0,0,-0.02,0.58,0,44.75,-7.82,163.72
1624.42,-0,0,-0.02,0.57,0,51.33,-8.3,179.02
1624.45,0,0,-0.02,0.55,0,52.48,-8.3,179.02
1624.48,0,0,-0.02,0.48,0,39.47,-8.65,186.68
1624.5,-0,0,-0.03,0.47,0,44.36,-8.65,186.68
1624.53,0,0,-0.02,0.46,0,52.21,-8.06,191.59
1624.56,0,0,-0.02,0.44,0,51.72,-8.06,191.59
1624.59,0,0.01,-0.02,0.37,0,44.77,-7.86,193.47
1624.62,0,0.01,-0.03,0.31,1.04,45.48,-8.31,193.76
1624.64,0,0,-0.02,0.27,0,37.63,-8.31,193.76
1624.68,0,0.01,-0.02,0.26,0.52,43.07,-8.32,194.56
1624.7,0,0,-0.02,0.25,0,50.77,-8.32,194.56
1624.73,0,0.01,-0.02,0.21,0.35,49.74,-8.4,195.54
1624.77,0,0.01,-0.02,0.19,0.52,52.68,-8.58,196.23
1624.8,0,0.01,-0.02,0.18,0,58.42,-8.29,196.95
1624.82,0,0.01,-0.02,0.17,0,60.42,-8.29,196.95
1624.85,0,0.01,-0.02,0.13,0,54.15,-9.05,196.76
1624.88,0,0.01,-0.02,0.12,0,57.1,-9.05,196.76
1624.91,0,0.01,-0.02,0.09,0,60.19,-8.88,197.3
1624.93,0,0.01,-0.02,0.08,0,63.22,-8.88,197.3
1624.96,0,0.01,-0.02,0.08,0,68.74,-8.76,197.74
1624.99,-0,0.01,-0.02,0.06,0,67.21,-8.82,197.99
1625.02,0,0.01,-0.02,0.04,0,67.97,-8.82,197.99
1625.05,0,0.01,-0.01,0.03,0,73.11,-8.83,198.12
1625.07,0,0.01,-0.02,0.03,0,79.85,-8.83,198.12
1625.1,0,0.01,-0.02,0.01,0,82.94,-9.66,196.58
1625.13,0,0.01,-0.02,0.01,0,85.42,-9.66,196.58
1625.16,0,0.01,-0.02,0,0,90.81,-9.24,154.2
1625.18,0,0.01,-0.02,0,0,95.2,-9.24,154.2
1625.21,0,0.01,-0.02,0,0,100.61,-9.33,46.29
1625.24,0,0.01,-0.02,0,0,98.69,-9.1,12.3
1625.27,0,0.01,-0.02,0,0,98.69,-9.1,12.3
1625.29,0,0.01,-0.02,0,0,98.53,-8.97,-4.44
1625.32,0,0.01,-0.02,0,0,86.46,-8.97,-4.44
1625.34,0,0.01,-0.01,0,0,68,-9.6,-9.6
1625.37,0,0.01,-0.02,0,0,49.76,-9.6,-9.6
1625.39,0,0.01,-0.02,0.01,0,35.9,-9.32,-10.96
1625.42,0,0.01,-0.02,0.02,0,26.75,-9.32,-10.96
1625.44,0,0.01,-0.02,0.03,0,18.08,-9.01,-11.31
1625.46,0,0.01,-0.02,0.03,0,14.28,-9.01,-11.31
1625.49,0,0.01,-0.02,0.04,0,10.57,-8.71,-11.38
1625.52,0,0.01,-0.02,0.05,0,12.53,-8.64,-11.4
1625.54,0,0.01,-0.02,0.06,0,10.14,-8.64,-11.4
1625.57,0,0.01,-0.02,0.06,0,7.75,-8.71,-11.57
1625.59,0,0.01,-0.02,0.08,0,6.73,-8.71,-11.57
1625.61,-0,0.01,-0.02,0.08,0,5.35,-8.23,-11.27
1625.64,0,0.01,-0.02,0.08,0,3.11,-8.23,-11.27
1625.66,0,0.01,-0.02,0.09,0,2.42,-8.3,-11.21
1625.69,0,0.01,-0.02,0.09,0,1.55,-8.3,-11.21
1625.71,0,0.01,-0.02,0.09,0,0.69,-8.07,-11.28
1625.74,0,0.01,-0.02,0.09,0,3.64,-8.07,-11.28
1625.76,0,0.01,-0.02,0.09,0,3.29,-7.94,-11.13
1625.79,0,0.01,-0.02,0.1,0,3.12,-7.94,-11.13
1625.81,0,0.01,-0.02,0.1,0,1.91,-8.41,-12.01
1625.84,0,0.01,-0.02,0.1,0,3.3,-8.41,-12.01
1625.86,0,0.01,-0.02,0.1,0,2.43,-8.09,-11.93
1625.89,0,0.01,-0.02,0.1,1.04,2.43,-8.09,-11.93
1625.92,0,0.01,-0.02,0.1,1.04,2.61,-7.86,-11.67
1625.94,0,0.01,-0.02,0.1,0.35,0,-7.86,-11.67
1625.97,0,0.01,-0.02,0.11,0,1.04,-7.82,-11.7
1626,0,0.01,-0.02,0.1,0,2.43,-7.64,-11.3
1626.02,0,0.01,-0.02,0.11,0,1.91,-7.64,-11.3
1626.05,0,0.01,-0.01,0.11,0,2.09,-7.77,-11.79
1626.07,0,0.01,-0.02,0.11,0,2.61,-7.77,-11.79
1626.1,0,0.01,-0.02,0.11,0,1.91,-7.64,-11.48
1626.12,0,0.01,-0.02,0.11,0,1.04,-7.64,-11.48
1626.15,0,0.01,-0.02,0.11,0,1.57,-7.77,-11.5
1626.17,0,0.01,-0.02,0.11,0,1.05,-7.77,-11.5
1626.19,0,0.01,-0.02,0.11,0,0.52,-7.64,-11.09
1626.22,0,0.01,-0.02,0.11,0,0,-7.64,-11.09
1626.24,0,0.01,-0.02,0.11,0,0,-7.28,-10.6
1626.27,0,0.01,-0.02,0.11,0,0,-7.28,-10.6
1626.29,0,0.01,-0.02,0.11,0,0,-7.54,-11
1626.32,0,0.01,-0.02,0.11,0,0,-7.54,-11
1626.34,0,0.01,-0.02,0.11,0,0,-7.42,-11.07
1626.37,0,0.01,-0.02,0.11,0,0,-7.42,-11.07
1626.39,0,0.01,-0.02,0.11,0,0,-7.24,-10.76
1626.42,0,0.01,-0.02,0.11,0,0,-7.24,-10.76
1626.44,-0,0.01,-0.02,0.11,0,0,-6.95,-10.29
1626.47,0,0.01,-0.02,0.11,0,0,-6.95,-10.29
1626.49,0,0.01,-0.02,0.11,0,0,-6.49,-9.95
1626.52,0,0.01,-0.02,0.11,0,0,-6.49,-9.95
1626.54,0,0.01,-0.02,0.11,0,0,-6.72,-10.04
1626.56,0,0.01,-0.02,0.11,0,0,-6.72,-10.04
1626.59,-0,0.01,-0.02,0.12,0,1.05,-6.6,-10.06
1626.61,-0,0.01,-0.02,0.12,0,1.05,-6.6,-10.06
1626.64,-0,0.01,-0.02,0.12,0,0.52,-6.5,-9.74
1626.66,0,0.01,-0.02,0.11,0,0,-6.5,-9.74
1626.68,0,0.01,-0.02,0.11,0,0,-6.31,-9.67
1626.71,0,0.01,-0.02,0.12,0,0.17,-6.31,-9.67
1626.73,0,0.01,-0.02,0.12,0,0.52,-6.28,-9.74
1626.76,0,0.01,-0.02,0.12,0,0,-6.28,-9.74
1626.78,0,0.01,-0.02,0.12,0,0,-7.01,-10.58
1626.8,0,0.01,-0.02,0.12,0,0,-7.01,-10.58
1626.83,0,0.01,-0.02,0.12,0,0,-6.83,-10.33
1626.85,0,0.01,-0.02,0.12,0,0,-6.83,-10.33
1626.88,0,0.01,-0.02,0.12,0,0,-6.54,-10.04
1626.91,0,0.01,-0.02,0.12,0.86,0,-6.54,-10.04
1626.94,0,0.01,-0.02,0.11,0.86,0,-6.24,-9.9
1626.96,0,0.01,-0.02,0.12,0,1.22,-6.18,-9.79
1626.98,0,0.01,-0.02,0.12,0,1.22,-6.18,-9.79
1627.01,0,0.01,-0.03,0.12,0,0.7,-6.5,-10.01
1627.03,-0,0.01,-0.02,0.12,0,0,-6.5,-10.01
1627.06,0,0.01,-0.02,0.12,0,0,-6.15,-9.64
1627.08,0,0.01,-0.02,0.11,0,0,-6.15,-9.64
1627.1,0,0.01,-0.02,0.11,0,0,-6.15,-9.64
1627.12,0,0.01,-0.02,0.11,0,0,-5.83,-9.24
1627.14,0,0.01,-0.02,0.11,0,0,-5.83,-9.24
1627.16,0,0.01,-0.02,0.12,0,0,-5.77,-9.08
1627.18,0,0.01,-0.02,0.12,0,0,-5.34,-8.47
1627.21,0,0.01,-0.02,0.12,0,0,-5.34,-8.47
1627.23,0,0.01,-0.02,0.12,0,0,-5.34,-8.47
1627.25,0,0.01,-0.02,0.12,0,0,-5.67,-9.01
1627.27,0,0.01,-0.02,0.12,0,0,-5.67,-9.01
1627.29,0,0.01,-0.02,0.12,0,0,-5.74,-8.87
1627.31,0,0.01,-0.02,0.12,0,0,-5.74,-8.87
1627.33,0,0.01,-0.02,0.12,0,0,-5.34,-8.35
1627.35,0,0.01,-0.02,0.12,0,0,-5.34,-8.35
1627.38,0,0.01,-0.02,0.12,0,0,-5.34,-8.35
1627.4,0,0.01,-0.02,0.12,0,0,-5.42,-8.41
1627.42,0,0.01,-0.02,0.12,0,0,-5.42,-8.41
1627.44,0,0.01,-0.02,0.12,0,0,-5.36,-8.09
1627.46,0,0.01,-0.02,0.12,0,0,-5.36,-8.09
1627.49,0,0.01,-0.02,0.12,0,0,-5.67,-8.93
1627.51,0,0.01,-0.02,0.12,0,0,-5.67,-8.93
1627.53,0,0.01,-0.02,0.12,0,0,-5.67,-8.93
1627.55,0,0.01,-0.02,0.12,0,0,-5.65,-9.02
1627.57,0,0.01,-0.02,0.12,0,0,-5.65,-9.02
1627.59,0,0.01,-0.02,0.12,0,0,-5.57,-8.95
1627.61,0,0.01,-0.02,0.12,0,0,-5.57,-8.95
1627.64,0,0.01,-0.02,0.12,0,0,-5.63,-8.78
1627.66,0,0.01,-0.02,0.12,0,0,-5.63,-8.78
1627.68,0,0.01,-0.02,0.12,0,0,-5.63,-8.78
1627.7,0,0.01,-0.02,0.12,0,0,-5.56,-8.66
1627.72,0,0.01,-0.02,0.12,0,0,-5.56,-8.66
1627.74,0,0.01,-0.02,0.12,0,0,-5.63,-8.96
1627.76,0,0.01,-0.02,0.12,0,0,-5.63,-8.96
1627.79,0,0.01,-0.02,0.12,0.86,0,-5.56,-8.86
1627.81,0,0.01,-0.02,0.12,0,0,-5.56,-8.86
1627.83,0,0.01,-0.02,0.12,0,0,-5.55,-8.59
1627.85,0,0.01,-0.02,0.12,0,0,-5.55,-8.59
1627.87,0,0.01,-0.02,0.12,0,0,-5.38,-8.38
1627.89,0,0.01,-0.02,0.12,0,0,-5.38,-8.38
1627.92,0,0.01,-0.02,0.12,0,0,-5.35,-8.41
1627.94,0,0.01,-0.02,0.12,0,0,-5.35,-8.41
1627.96,0,0.01,-0.02,0.12,0,0,-5.51,-8.67
1627.98,0,0.01,-0.02,0.12,0,0,-5.51,-8.67
1628,0,0.01,-0.02,0.12,0,0,-5.51,-8.67
1628.02,0,0.01,-0.02,0.12,0,0,-5.29,-8.31
1628.04,0,0.01,-0.02,0.12,0,0,-5.29,-8.31
1628.07,0,0.01,-0.02,0.12,0,0,-5.33,-8.24
1628.09,0,0.01,-0.02,0.12,0,0,-5.33,-8.24
1628.11,0,0.01,-0.02,0.12,0,0,-5.26,-8.22
1628.13,0,0.01,-0.02,0.12,0,0,-5.26,-8.22
1628.15,0,0.01,-0.02,0.12,0,0,-5.26,-8.22
1628.17,0,0.01,-0.02,0.12,0,0,-5.16,-8.3
1628.19,-0,0.01,-0.02,0.12,0,0,-5.16,-8.3
1628.22,0,0.01,-0.02,0.12,0,0,-5.39,-8.56
1628.24,0,0.01,-0.02,0.12,0,0,-5.39,-8.56
1628.26,0,0.01,-0.02,0.12,0,0,-5.68,-8.86
1628.28,0,0.01,-0.02,0.12,0,0,-5.68,-8.86
1628.3,0,0.01,-0.02,0.12,0,0,-5.68,-8.86
1628.32,0,0.01,-0.02,0.12,0,0,-5.41,-8.59
1628.34,0,0.01,-0.02,0.12,0,0,-5.41,-8.59
1628.36,0,0.01,-0.02,0.12,0,0,-5.19,-8.46
1628.39,0,0.01,-0.02,0.12,0,0,-5.06,-8.35
1628.41,0,0.01,-0.02,0.12,0,0.87,-5.06,-8.35
1628.44,0,0.01,-0.02,0.12,0,0.7,-5.45,-8.57
1628.46,0,0.01,-0.02,0.12,0,0,-5.45,-8.57
1628.48,0,0.01,-0.02,0.12,0,0,-5.45,-8.57
1628.5,0,0.01,-0.02,0.12,0,0.17,-5.36,-8.54
1628.52,0,0.01,-0.02,0.12,0,0,-5.36,-8.54
1628.55,0,0.01,-0.02,0.12,0,0.17,-5.18,-8.53
1628.57,0,0.01,-0.02,0.12,0,0,-5.18,-8.53
1628.59,0,0.01,-0.02,0.12,0,0,-5.18,-8.53
1628.61,0,0.01,-0.02,0.12,0,0,-5.18,-8.53
1628.63,0,0.01,-0.02,0.12,0,0,-5.18,-8.53
1628.66,0,0.01,-0.02,0.12,0,0.7,-5.18,-8.53
1628.68,0,0.01,-0.02,0.12,0,0.87,-5.18,-8.53
