t,aa0,fe0,aa1,fe1,ctq0,ctq1,dtq0,dtq1
1508.42,0.35,0.13,-0.03,0,0,0,-0.07,0.03
1508.42,0,4.58841e-41,0,0,3.63847e-41,0,7.42688e-44,0
1508.42,0,0,1.03,0,0,0,7.42688e-44,0
1508.42,0,4.58841e-41,0,0,3.63847e-41,0,5.1848e-44,0
1508.44,0.01,0.01,0,0,0,0,0,0
1508.46,0.01,0.01,0,0,0,0,0,0
1508.49,0.01,0.01,0,0,0,0,0,0
1508.51,0.01,0.01,0,0,0,0,0,0
1508.54,0.01,0.01,0,0,1.04,0,0,0
1508.57,0.01,0.01,0,0,1.04,0,0,0
1508.59,0.01,0.01,0,0,0.52,0,0,0
1508.62,0.01,0.01,0,0,0,0,0,0
1508.64,0.01,0.01,0,0,0,0,0,0
1508.67,0.01,0.01,0,0,0,0,0,0
1508.7,0.01,0.01,0,0,0.86,0,0,0
1508.72,0.01,0.01,0,0,0.86,0,0,0
1508.75,0.01,0.02,0,0,1.56,0,0,0
1508.77,0.01,0.01,0,0,0,0,0,0
1508.8,0.01,0.01,0,0,0,0,0,0
1508.82,0.01,0.01,0,0,0,0,0,0
1508.85,0.01,0.01,0,0,0,0,0,0
1508.87,0.01,0.01,0,0,0,0,0,0
1508.89,0.01,0.01,0,0,0,0,0,0
1508.92,0.01,0.01,0,0,0.35,0,0,0
1508.95,0.01,0.01,0,0,0.69,0,0,0
1508.97,0.01,0.01,0,0,0,0,0,0
1509,0.01,0.01,0,0,0,0,0,0
1509.02,0.01,0.01,0,0,0,0,0,0
1509.04,0.01,0.01,0,0,0,0,0,0
1509.07,0.01,0.01,0,0,0,0,0,0
1509.09,0.01,0.01,0,0,0,0,0,0
1509.11,0.01,0.01,0,0,0,0,0,0
1509.14,0.01,0.01,0,0,0,0,0,0
1509.17,0.01,0.01,0,0,1.04,0,0,0
1509.19,0.01,0.01,0,0,1.04,0,0,0
1509.22,0.01,0.01,0,0,0.52,0,0,0
1509.25,0.02,0.02,0,0,1.04,0,0,0
1509.27,0.01,0.01,0,0,0,0,0,0
1509.3,0.01,0.01,0,0,0,0,0,0
1509.32,0.01,0.01,0,0,0,0,0,0
1509.34,0.01,0.01,0,0,0,0,0,0
1509.37,0.01,0.01,0,0,0,0,0,0
1509.39,0.01,0.01,0,0,0,0,0,0
1509.42,0.01,0.01,0,0,0,0,0,0
1509.44,0.01,0.01,0,0,0.86,0,0,0
1509.47,0.01,0.01,0,0,0.86,0,0,0
1509.5,0.01,0.01,0,0,0.35,0,0,0
1509.52,0.01,0.01,0,0,-0.17,1.03,0,0
1509.55,0.01,0.01,0,0,0,1.03,0,0
1509.57,0.01,0.01,0,0,0,0.51,0,0
1509.6,0.01,0.01,0,0,0,0,0,0
1509.62,0.01,0.01,0,0,0,1.2,0,0
1509.64,0.01,0.01,0,0,0,0,0,0
1509.67,0.01,0.01,0,0,0,0,0,0
1509.69,0.01,0.01,0,0,0,0,0,0
1509.71,0.01,0.01,0,0,0,1.2,0,0
1509.73,0.01,0.01,0,0,0,1.2,0,0
1509.76,0.01,0.01,0,0,0,0.69,0,0
1509.78,0.01,0.01,0,0,0,0.17,0,0
1509.81,0.01,0.01,0,0,0,-0.17,0,0
1509.83,0.01,0.01,0,0,0,0,0,0
1509.85,0.01,0.01,0,0,0,0,0,0
1509.88,0.01,0.01,0,0,0,0,0,0
1509.9,0.01,0.01,0,0,0,0,0,0
1509.93,0.01,0.01,0,0,0,0,0,0
1509.95,0.01,0.01,0,0,0,0,0,0
1509.97,0.01,0.01,0,0,0,0,0,0
1510,0.01,0.01,0,0,0,0,0,0
1510.02,0.01,0.01,0,0,0,0,0,0
1510.04,0.01,0.01,0,0,0,0,0,0
1510.07,0.01,0.01,0,0,0,0,0,0
1510.09,0.01,0.01,0,0,0,0,0,0
1510.12,0.01,0.01,0,0,0,0,0,0
1510.14,0.01,0.01,0,0,0,0,0,0
1510.16,0.01,0.01,0,0,0,0,0,0
1510.19,0.01,0.01,0,0,0,0,0,0
1510.21,0.01,0.01,0,0,0,0,0,0
1510.24,0.01,0.01,0,0,0,0,0,0
1510.26,0.01,0.01,0,0,0,0,0,0
1510.28,0.01,0.01,0,0,0,0,0,0
1510.31,0.01,0.01,0,0,0,0,0,0
1510.34,0.01,0.01,0,0,0.17,0,0,0
1510.36,0.01,0.01,0,0,0,0,0,0
1510.38,0.01,0.01,0,0,0,0,0,0
1510.41,0.01,0.01,0,0,0,0,0,0
1510.43,0.01,0.01,0,0,0,0,0,0
1510.45,0.01,0.01,0,0,0,0,0,0
1510.48,0.01,0.01,0,0,0,0,0,0
1510.5,0.01,0.01,0,0,0,0,0,0
1510.53,0.01,0.01,0,0,0,0,0,0
1510.55,0.01,0.01,0,0,0,0,0,0
1510.57,0.01,0.01,0,0,0,0,0,0
1510.6,0.01,0.01,0,0,0,0,0,0
1510.62,0.01,0.01,0,0,0,0,0,0
1510.65,0.01,0.01,0,0,0,0,0,0
1510.67,0.01,0.01,0,0,0,0,0,0
1510.69,0.01,0.01,0,0,0,0,0,0
1510.72,0.01,0.01,0,0,0,0,0,0
1510.74,0.01,0.01,0,0,0,0,0,0
1510.77,0.01,0.01,0,0,0,0,0,0
1510.79,0.01,0.01,0,0,0,0,0,0
1510.81,0.01,0.01,0,0,0,0,0,0
1510.84,0.01,0.01,0,0,0,0,0,0
1510.86,0.01,0.01,0,0,0,0,0,0
1510.89,0.01,0.01,0,0,0,0,0,0
1510.91,0.01,0.01,0,0,0,0,0,0
1510.94,0.01,0.01,0,0,0.17,0,0,0
1510.96,0.01,0.01,0,0,0,0,0,0
1510.98,0.01,0.01,0,0,0,0,0,0
1511.01,0.01,0.01,0,0,0,0,0,0
1511.03,0.01,0.01,0,0,0,0,0,0
1511.06,0.01,0.01,0,0,0,0,0,0
1511.08,0.01,0.01,0,0,0,0,0,0
1511.1,0.01,0.01,0,0,0,0,0,0
1511.13,0.01,0.01,0,0,0,0,0,0
1511.15,0.01,0.01,0,0,0,0,0,0
1511.18,0.01,0.01,0,0,0,0,0,0
1511.2,0.01,0.01,0,0,0,0,0,0
1511.22,0.01,0.01,0,0,0,0,0,0
1511.25,0.01,0.01,0,0,0,0,0,0
1511.27,0.01,0.01,0,0,0,0,0,0
1511.3,0.01,0.02,0,0,0,0,0,0
1511.32,0.01,0.01,0,0,0,0,0,0
1511.34,0.01,0.01,0,0,0,0,0,0
1511.37,0.01,0.01,0,0,0,0,0,0
1511.39,0.01,0.01,0,0,0,0,0,0
1511.41,0.01,0.01,0,0,0,0,0,0
1511.44,0.01,0.01,0,0,0,0,0,0
1511.46,0.01,0.02,0,0,0,0,0,0
1511.49,0.01,0.02,0,0,0,0,0,0
1511.51,0.01,0.02,0,0,0,0,0,0
1511.53,0.01,0.01,0,0,0,0,0,0
1511.56,0.01,0.01,0,0,0,0,0,0
1511.58,0.01,0.02,0,0,0,0,0,0
1511.61,0.01,0.01,0,0,0,0,0,0
1511.63,0.01,0.02,0,0,0,0,0,0
1511.65,0.01,0.01,0,0,0,0,0,0
1511.68,0.01,0.02,0,0,0,0,0,0
1511.7,0.01,0.02,0,0,0,0,0,0
1511.73,0.01,0.02,0,0,0,0,0,0
1511.75,0.01,0.01,0,0,0,0,0,0
1511.77,0.01,0.02,0,0,0,0,0,0
1511.8,0.01,0.02,0,0,0,0,0,0
1511.82,0.01,0.02,0,0,0,0,0,0
1511.85,0.01,0.02,0,0,0,0,0,0
1511.87,0.01,0.01,0,0,0,0,0,0
1511.89,0.01,0.02,0,0,0,0,0,0
1511.92,0.01,0.01,0,0,0,0,0,0
1511.94,0.01,0.01,0,0,0,0,0,0
1511.97,0.01,0.02,0,0,0,0,0,0
1511.99,0.01,0.01,0,0,0,0,0,0
1512.01,0.01,0.02,0,0,0,0,0,0
1512.04,0.01,0.01,0,0,0,0,0,0
1512.06,0.01,0.01,0,0,0,0,0,0
1512.08,0.01,0.02,0,0,0,0,0,0
1512.11,0.01,0.01,0,0,0,0,0,0
1512.13,0.01,0.02,0,0,0,0,0,0
1512.16,0.01,0.02,0,0,0,0,0,0
1512.18,0.01,0.02,0,0,0,0,0,0
1512.2,0.01,0.02,0,0,0,0,0,0
1512.23,0.01,0.02,0,0,0,0,0,0
1512.25,0.01,0.02,0,0,0,0,0,0
1512.28,0.01,0.02,0,0,0,0,0,0
1512.3,0.01,0.02,0,0,0,0,0,0
1512.32,0.01,0.02,0,0,0,0,0,0
1512.35,0.01,0.02,0,0,0,0,0,0
1512.37,0.01,0.02,0,0,0,0,0,0
1512.4,0.01,0.02,0,0,0,0,0,0
1512.42,0.01,0.02,0,0,0,0,0,0
1512.44,0.01,0.02,0,0,0,0,0,0
1512.47,0.01,0.02,0,0,0,0,0,0
1512.49,0.01,0.02,0,0,0,0,0,0
1512.52,0.01,0.02,0,0,0,0,0,0
1512.54,0.01,0.01,0,0,0,0,0,0
1512.56,0.01,0.02,0,0,0,0,0,0
1512.59,0.01,0.02,0,0,0,0,0,0
1512.61,0.01,0.02,0,0,0,0,0,0
1512.63,0.01,0.02,0,0,0,0,0,0
1512.66,0.01,0.02,0,0,0,0,0,0
1512.68,0.01,0.02,0,0,0,0,0,0
1512.71,0.01,0.02,0,0,0,0,0,0
1512.73,0.01,0.02,0,0,0,0,0,0
1512.75,0.01,0.02,0,0,0,0,0,0
1512.78,0.01,0.02,0,0,0,0,0,0
1512.8,0.01,0.02,0,0,0,0,0,0
1512.83,0.01,0.02,0,0,0,0,0,0
1512.85,0.01,0.02,0,0,0,0,0,0
1512.87,0.01,0.02,0,0,0,0,0,0
1512.9,0.01,0.02,0,0,0,0,0,0
1512.92,0.01,0.02,0,0,0,0,0,0
1512.95,0.01,0.02,0,0,0,0,0,0
1512.97,0.01,0.02,0,0,0,0,0,0
1512.99,0.01,0.02,0,0,0,0,0,0
1513.02,0.01,0.02,0,0,0,0,0,0
1513.04,0.01,0.02,0,0,0,0,0,0
1513.07,0.01,0.02,0,0,0,0,0,0
1513.09,0.01,0.02,0,0,0,0,0,0
1513.11,0.01,0.02,0,0,0,0,0,0
1513.14,0.01,0.02,0,0,0,0,0,0
1513.16,0.01,0.02,0,0,0,0,0,0
1513.19,0.01,0.02,0,0,0,0,0,0
1513.21,0.01,0.02,0,0,0,0,0,0
1513.23,0.01,0.02,0,0,0,0,0,0
1513.26,0.01,0.02,0,0,0,0,0,0
1513.28,0.01,0.02,0,0,0,0,0,0
1513.3,0.01,0.02,0,0,0,0,0,0
1513.33,0.01,0.02,0,0,0,0,0,0
1513.35,0.01,0.01,0,0,0,0,0,0
1513.38,0.01,0.02,0,0,0,0,0,0
1513.4,0.01,0.02,0,0,0,0,0,0
1513.42,0.01,0.02,0,0,0,0,0,0
1513.45,0.01,0.02,0,0,0,0,0,0
1513.47,0.01,0.02,0,0,0,0,0,0
1513.5,0.01,0.02,0,0,0,0,0,0
1513.52,0.01,0.02,0,0,0,0,0,0
1513.54,0.01,0.02,0,0,0,0,0,0
1513.57,0.01,0.02,0,0,0,0,0,0
1513.59,0.01,0.02,0,0,0,0,0,0
1513.62,0.01,0.02,0,0,0,0,0,0
1513.64,0.01,0.02,0,0,0,0,0,0
1513.66,0.01,0.01,0,0,0,0,0,0
1513.69,0.01,0.02,0,0,0,0,0,0
1513.71,0.01,0.02,0,0,0,0,0,0
1513.74,0.01,0.02,0,0,0,0,0,0
1513.76,0.01,0.02,0,0,0,0,0,0
1513.78,0.01,0.02,0,0,0,0,0,0
1513.81,0.01,0.02,0,0,0,0,0,0
1513.83,0.01,0.02,0,0,0,0,0,0
1513.85,0.01,0.02,0,0,0,0,0,0
1513.88,0.01,0.02,0,0,0,0,0,0
1513.9,0.01,0.02,0,0,0,0,0,0
1513.93,0.01,0.02,0,0,0,0,0,0
1513.95,0.01,0.02,0,0,0,0,0,0
1513.97,0.01,0.02,0,0,0,0,0,0
1514,0.01,0.02,0,0,0,0,0,0
1514.02,0.01,0.01,0,0,0,0,0,0
1514.05,0.01,0.02,0,0,0,0,0,0
1514.07,0.01,0.02,0,0,0,0,0,0
1514.09,0.01,0.02,0,0,0,0,0,0
1514.12,0.01,0.01,0,0,0,0,0,0
1514.14,0.01,0.02,0,0,0,0,0,0
1514.17,0.01,0.02,0,0,0,0,0,0
1514.19,0.01,0.02,0,0,0,0,0,0
1514.21,0.01,0.02,0,0,0,0,0,0
1514.24,0.01,0.02,0,0,0,0,0,0
1514.26,0.01,0.02,0,0,0,0,0,0
1514.29,0.01,0.02,0,0,0,0,0,0
1514.31,0.01,0.02,0,0,0,0,0,0
1514.33,0.01,0.02,0,0,0,0,0,0
1514.36,0.01,0.02,0,0,0,0,0,0
1514.38,0.01,0.02,0,0,0,0,0,0
1514.41,0.01,0.02,0,0,0,0,0,0
1514.43,0.01,0.02,0,0,0,0,0,0
1514.45,0.01,0.02,0,0,0,0,0,0
1514.48,0.01,0.02,0,0,0,0,0,0
1514.5,0.01,0.02,0,0,0,0,0,0
1514.53,0.01,0.02,0,0,0,0,-3.94,-7.07
1514.55,0.01,0.01,0,0,0,0,-3.94,-7.07
1514.58,0.01,0.01,0,0,0,0,-4.4,-8.15
1514.6,0.01,0.01,0,0,0,0,-4.58,-8.37
1514.63,0.01,0.02,0,0,0,0,-4.58,-8.37
1514.65,0.01,0.02,0,0,0,0,-4.78,-8.99
1514.67,0.01,0.01,0,0,0,0,-4.78,-8.99
1514.7,0.01,0.01,0,0,0,0,-4.65,-8.86
1514.72,0.01,0.01,0,0,0,0,-4.65,-8.86
1514.75,0.01,0.01,0,0,0,0,-4.63,-8.92
1514.77,0.01,0.01,0,0,0,0,-4.63,-8.92
1514.8,0.01,0.01,0,0,0,0,-5.03,-9.34
1514.82,0.01,0.01,0,0,0,0,-5.03,-9.34
1514.85,0.01,0.01,0,0,0,0,-5.2,-9.51
1514.87,0.01,0.01,0,0,0,0,-5.2,-9.51
1514.9,0.01,0.01,0,0,0,0,-5.23,-9.54
1514.92,0.01,0.01,0,0,0,0,-5.23,-9.54
1514.95,0.01,0.01,0,0,0,0,-5.07,-9.31
1514.97,0.01,0.01,0,0,0,0,-5.07,-9.31
1515,0.01,0.01,0,0,0,0,-5.53,-10.16
1515.02,0.01,0.01,0,0,0,0,-5.53,-10.16
1515.05,0.01,0.01,0,0,0,0,-6.12,-10.99
1515.07,0.01,0.01,0,0,0,0,-6.15,-10.91
1515.1,0.01,0.01,0,0,0,0,-6.15,-10.91
1515.13,0.01,0.02,0,0,1.04,0,-6.24,-10.81
1515.15,0.01,0.02,0,0,1.04,0,-6.24,-10.81
1515.17,0.01,0.01,0,0,0,0,-5.77,-10.13
1515.2,0.01,0.01,0,0,0,0.34,-5.77,-10.13
1515.23,0.01,0.02,0,0,0.52,0.51,-6,-10.74
1515.25,0.01,0.02,0,0,1.04,0,-6,-10.74
1515.28,0.01,0.02,0,0,0.52,0,-6.21,-11.1
1515.31,0.01,0.01,0,0,0,0,-6.21,-11.1
1515.33,0.01,0.02,0,0,0,0,-6.09,-10.85
1515.36,0.01,0.01,0,0,0,0,-6.09,-10.85
1515.38,0.01,0.02,0,0,0,0,-6.07,-10.8
1515.41,0.01,0.02,0,0.01,0.35,1.03,-6.07,-10.8
1515.44,0.01,0.02,0,0.01,0.87,0.86,-6.06,-11.28
1515.47,0.01,0.02,0,0.02,1.9,1.55,-6.06,-11.28
1515.5,0.01,0.02,0,0.02,1.39,2.24,-6.31,-11.13
1515.52,0.01,0.02,0,0.04,0.69,2.58,-6.31,-11.13
1515.55,0.01,0.02,0,0.05,0,4.32,-6.44,-11.43
1515.58,0.01,0.02,0,0.07,0,4.32,-6.63,-11.41
1515.6,0.01,0.02,0,0.08,0.17,4.67,-6.63,-11.41
1515.63,0.01,0.02,0,0.09,0,7.81,-6.26,-11.07
1515.65,0.01,0.02,0,0.1,0,10.61,-6.26,-11.07
1515.68,0.01,0.02,0,0.1,0.35,11.33,-6.35,-11.17
1515.71,0.01,0.02,0,0.12,1.04,5.92,-6.35,-11.17
1515.73,0.01,0.02,0,0.14,0,11.19,-6.45,-11.36
1515.76,0.01,0.02,0,0.16,0,14.17,-6.45,-11.36
1515.78,0.01,0.02,0,0.17,0,15.06,-6.96,-12.13
1515.81,0.01,0.02,0,0.18,0,9.63,-6.98,-12.21
1515.83,0.01,0.02,0,0.18,0,6.66,-6.98,-12.21
1515.86,0.01,0.02,0,0.19,0,4.9,-7.07,-12.22
1515.88,0.01,0.02,0,0.2,0,9.63,-7.07,-12.22
1515.91,0.01,0.02,0,0.22,0,12.43,-7.49,-12.72
1515.93,0.01,0.02,0,0.22,0,8.23,-7.49,-12.72
1515.96,0.01,0.02,0,0.22,0.17,2.28,-7.17,-11.99
1515.98,0.01,0.02,0,0.23,0,6.99,-7.17,-11.99
1516.01,0.01,0.02,0,0.26,0,7.51,-7.43,-12.67
1516.03,0.01,0.02,0,0.27,0,11.33,-7.43,-12.67
1516.06,0.01,0.03,0,0.28,1.04,8.02,-7.32,-12.64
1516.09,0.01,0.02,-0.01,0.28,0,4.88,-7.32,-12.64
1516.11,0.01,0.02,0,0.3,0,6.96,-7.38,-12.72
1516.14,0.01,0.03,0,0.31,0.87,6.09,-7.38,-12.72
1516.17,0.01,0.02,0,0.32,0,7.81,-7.56,-12.73
1516.19,0.01,0.03,0,0.33,0.52,4.17,-7.56,-12.73
1516.22,0.01,0.03,0,0.34,0.87,4.33,-7.84,-13.31
1516.25,0.01,0.03,0,0.35,0,8.64,-8.06,-13.76
1516.27,0.01,0.03,0,0.35,0,6.91,-8.06,-13.76
1516.3,0.01,0.03,0,0.37,0,6.55,-7.94,-9.74
1516.32,0.01,0.02,0,0.39,0,8.76,-7.94,-9.74
1516.35,0.01,0.02,0,0.4,0,12.31,-7.75,5.04
1516.37,0.01,0.02,-0,0.41,0,8.89,-7.75,5.04
1516.4,0.01,0.03,-0,0.41,0.69,3.76,-7.55,28.95
1516.43,0.02,0.02,-0,0.42,0,7.34,-8,54.19
1516.46,0.01,0.02,-0,0.43,0,9.22,-8,54.19
1516.48,0.01,0.02,0,0.43,0,12.11,-8.59,70.17
1516.51,0.01,0.02,-0,0.43,0,14,-8.59,70.17
1516.54,0.01,0.02,-0,0.44,0,16.57,-9.36,99.66
1516.57,0.01,0.02,-0,0.44,0,20.66,-9.36,99.66
1516.59,0.01,0.02,-0,0.44,0,24.42,-8.69,135.89
1516.62,0.01,0.02,-0,0.44,0,30.23,-8.69,135.89
1516.65,0.01,0.02,-0,0.44,0,35.35,-8.48,151.51
1516.68,0.01,0.02,-0,0.43,0,40.85,-8.6,168.61
1516.7,0.01,0.02,-0,0.43,0,48.67,-8.6,168.61
1516.73,0.01,0.02,-0,0.43,0,55.67,-9.12,177.78
1516.76,0.01,0.02,-0,0.42,0,61.54,-9.12,177.78
1516.79,0.01,0.02,-0,0.42,0,69.51,-9.05,188
1516.81,0.01,0.02,-0,0.41,0,74.94,-9.05,188
1516.84,0.01,0.02,-0,0.4,0,76.52,-8.71,196.45
1516.87,0.01,0.02,0,0.37,0,72.96,-8.71,196.45
1516.9,0.01,0.02,-0,0.33,0,72.24,-8.65,200.11
1516.93,0.01,0.02,-0,0.28,0,63,-8.14,201.83
1516.95,0.01,0.02,-0.01,0.22,0,60.25,-8.37,202.75
1516.99,0.01,0.03,-0,0.19,1.04,61.43,-8.37,202.75
1517.02,0.01,0.03,-0,0.15,1.04,54.72,-8.49,203.26
1517.05,0.01,0.02,-0,0.09,0.35,46.22,-8.49,203.26
1517.08,0.01,0.02,-0,0.06,0,48.05,-7.94,204.43
1517.1,0.01,0.02,-0,0.02,0,46,-7.59,187.49
1517.13,0.01,0.02,-0,0,0,47.18,-7.59,187.49
1517.16,0.01,0.02,-0,0,0,50.81,-7.27,98.06
1517.19,0.01,0.02,-0,0,1.04,49.79,-7.27,98.06
1517.22,0.01,0.02,-0,0,0,49.84,-7.7,31.53
1517.24,0.01,0.02,-0,0,0,50.5,-7.7,31.53
1517.27,0.01,0.02,-0,0,0.87,49.9,-7.7,-0.02
1517.3,0.01,0.02,-0,0,0,36.02,-7.7,-0.02
1517.33,0.01,0.02,-0,0,0.69,17.62,-7.46,-7.4
1517.35,0.01,0.02,-0,0,0,11.2,-7.16,-9.12
1517.37,0.01,0.02,-0,0,0,7.53,-7.16,-9.12
1517.4,0.01,0.02,-0,0,0,2.67,-7.1,-9.55
1517.43,0.01,0.02,-0,0,0,1.67,-7.42,-10.37
1517.45,0.01,0.02,-0,0,1.04,1,-7.42,-10.37
1517.48,0.01,0.02,-0,0,1.04,0.33,-7.4,-10.87
1517.51,0.01,0.02,-0.02,0,0.52,0,-7.4,-10.87
1517.54,0.01,0.02,-0,0,0,1.01,-7.15,-10.47
1517.56,0.01,0.02,-0,0,0,0.84,-7.15,-10.47
1517.59,0.01,0.02,-0,0,0,0.34,-6.94,-10.23
1517.62,0.01,0.02,-0,0,0,0,-6.94,-10.23
1517.65,0.01,0.02,-0,0,0,0,-7.22,-11
1517.68,0.01,0.02,-0,0,0,0,-7.36,-11.49
1517.7,0.01,0.02,-0,0,0,1.18,-7.36,-11.49
1517.73,0.01,0.02,-0,0,0,3.2,-7.06,-11.01
1517.76,0.01,0.02,-0,0.01,0.35,4.73,-7.06,-11.01
1517.79,0.01,0.03,-0,0.01,0,4.4,-6.59,-10.26
1517.81,0.01,0.03,-0,0.02,0,11.46,-6.59,-10.26
1517.84,0.01,0.03,-0,0.03,0,12.87,-6.5,-10.43
1517.87,0.01,0.03,-0,0.04,0,9.63,-6.5,-10.43
1517.9,0.01,0.03,-0,0.06,0,8.11,-6.72,-11.13
1517.93,0.01,0.03,-0,0.08,0,10.56,-6.6,-10.94
1517.95,0.01,0.03,-0,0.1,0,15.83,-6.6,-10.94
1517.98,0.01,0.03,-0,0.1,0,14.99,-6.5,-10.32
1518,0.01,0.03,-0,0.11,0,10.11,-6.5,-10.32
1518.03,0.01,0.03,-0,0.13,0,7.15,-6.31,-9.95
1518.05,0.01,0.02,-0,0.16,0,12.24,-6.31,-9.95
1518.08,0.01,0.03,-0,0.17,1.04,12.43,-6.28,-9.96
1518.11,0.01,0.03,-0,0.17,0.17,8.4,-6.28,-9.96
1518.13,0.01,0.03,-0,0.19,0,10.86,-6.76,-10.54
1518.16,0.01,0.03,-0,0.2,1.04,13.66,-6.37,-9.91
1518.19,0.01,0.03,-0,0.21,1.04,11.9,-6.37,-9.91
1518.22,0.01,0.03,-0,0.22,0.52,7.53,-6.29,-10.04
1518.24,0.01,0.03,-0,0.23,0,5.77,-6.29,-10.04
1518.27,0.01,0.03,-0,0.26,0,11,-6.27,-10.23
1518.3,0.01,0.03,-0,0.27,0,11.86,-6.18,-10.35
1518.33,0.01,0.03,-0.02,0.29,0,11.15,-6.18,-10.35
1518.35,0.01,0.03,-0,0.31,0,12.68,-6.33,-10.45
1518.38,0.02,0.02,-0,0.32,0,11.97,-6.33,-10.45
1518.4,0.01,0.02,-0,0.32,0,9.35,-6.36,-10.47
1518.43,0.01,0.03,-0,0.34,0,2.08,-6.36,-10.47
1518.45,0.01,0.02,-0,0.34,0,2.25,-6.45,-10.81
1518.48,0.01,0.02,-0,0.35,0,7.42,-6.45,-10.81
1518.5,0.01,0.02,-0,0.36,0,5.35,-5.97,-10.21
1518.53,0.01,0.02,-0,0.37,0,7.57,-5.97,-10.21
1518.55,0.01,0.02,-0,0.37,0,3.79,-5.71,-5.41
1518.58,0.01,0.02,-0.01,0.4,0,8.4,-5.71,-5.41
1518.61,0.01,0.02,-0,0.39,0,5.15,-5.91,18.48
1518.63,0.01,0.02,-0,0.41,0,11.28,-5.7,51.28
1518.66,0.01,0.02,-0,0.41,0,13.5,-5.7,51.28
1518.69,0.01,0.02,-0,0.42,0,16.39,-5.5,72.71
1518.72,0.01,0.02,-0,0.42,0,19.47,-5.5,72.71
1518.74,0.01,0.02,-0,0.42,0,22.2,-5.29,94.67
1518.77,0.01,0.02,-0,0.41,0,24.79,-5.29,94.67
1518.8,0.01,0.02,-0,0.41,0,28.55,-5.08,126.01
1518.83,0.01,0.02,-0,0.41,0,33.02,-5.54,138.86
1518.86,0.01,0.02,-0,0.38,0.87,28.98,-5.54,138.86
1518.89,0.01,0.02,-0,0.34,0.87,23.45,-5.3,154
1518.92,0.01,0.02,-0,0.32,0.17,23.87,-5.3,154
1518.95,0.01,0.02,-0,0.29,0,22.01,-5.17,169.6
1518.97,0.01,0.03,-0,0.25,0,21.18,-5.17,169.6
1519,0.01,0.02,-0,0.21,0,22.41,-5.22,178.14
1519.03,0.01,0.02,-0,0.19,0,21.19,-5.15,181.82
1519.06,0.01,0.02,-0,0.18,0,26.26,-5.15,181.82
1519.09,0.01,0.02,0,0.13,0.17,18.48,-5.39,182.56
1519.12,0.01,0.02,-0,0.1,0.52,23.15,-5.39,182.56
1519.15,0.01,0.02,-0,0.08,1.21,20.94,-5.35,179.58
1519.18,0.01,0.02,-0,0.05,0.87,21.86,-5.26,124.01
1519.21,0.01,0.02,-0,0.03,1.56,24.39,-5.26,124.01
1519.24,0.01,0.02,-0,0.01,0,24.8,-5.16,34.75
1519.27,0.01,0.02,-0,0,0,19.55,-5.16,34.75
1519.29,0.01,0.02,0,0,0,19.35,-5.06,3.91
1519.32,0.01,0.02,-0,0,1.04,10.35,-5.06,3.91
1519.35,0.01,0.02,-0,0,0,3.73,-5.29,-4.23
1519.37,0.01,0.02,-0,0,0,2.38,-5.08,-6.02
1519.39,0.01,0.02,-0,0,0,1.53,-5.08,-6.02
1519.42,0.01,0.02,-0,0,0,1.87,-5.04,-6.38
1519.45,0.01,0.02,-0,0,1.04,1.19,-5.04,-6.38
1519.48,0.01,0.02,-0,0,1.04,0.51,-4.95,-6.62
1519.5,0.02,0.02,-0,0,0.52,-0.17,-4.77,-6.83
1519.53,0.02,0.02,-0,0,1.04,0,-4.77,-6.83
1519.56,0.02,0.02,-0,0,0,0,-5.06,-7.53
1519.58,0.02,0.02,-0,0,0,0,-5.06,-7.53
1519.61,0.02,0.02,-0,0,1.04,0,-5.04,-7.34
1519.64,0.02,0.02,-0,0,1.04,0,-5.04,-7.34
1519.67,0.02,0.02,-0,0,0.35,0,-4.95,-7.38
1519.7,0.02,0.02,-0,0,-0.17,2.39,-4.95,-7.38
1519.72,0.02,0.02,-0,0,0,2.22,-4.77,-7.31
1519.75,0.01,0.02,-0,0,0,3.59,-4.77,-7.31
1519.77,0.01,0.03,-0,0,0,4.97,-4.65,-7.38
1519.8,0.02,0.03,-0,0.01,0,4.8,-4.65,-7.38
1519.82,0.01,0.03,-0,0.01,0,2.92,-5.04,-7.89
1519.85,0.01,0.03,-0,0.01,0,1.37,-5.12,-7.9
1519.87,0.01,0.03,-0,0.01,0,0.51,-5.12,-7.9
1519.9,0.01,0.03,-0,0.02,0,0,-5.05,-7.99
1519.92,0.01,0.03,-0,0.01,0,1.03,-5.05,-7.99
1519.94,0.01,0.03,-0,0.03,0,3.44,-4.87,-8.09
1519.97,0.01,0.03,-0,0.05,0,5,-4.87,-8.09
1519.99,0.01,0.03,-0,0.07,0,9.35,-4.67,-7.86
1520.02,0.01,0.03,-0,0.08,0.17,7.97,-4.67,-7.86
1520.05,0.01,0.03,-0,0.09,0,9.91,-4.96,-8.15
1520.07,0.01,0.03,-0,0.11,0,14.13,-4.96,-8.15
1520.1,0.01,0.03,-0,0.12,0,11.52,-4.69,-7.87
1520.12,0.01,0.03,-0,0.12,0.17,5.41,-4.69,-7.87
1520.15,0.01,0.03,-0,0.16,0.52,11.9,-4.64,-7.66
1520.18,0.01,0.03,-0,0.18,0,14.01,-4.63,-7.78
1520.2,0.02,0.03,-0,0.18,0,13.66,-4.63,-7.78
1520.23,0.01,0.03,-0,0.19,0,9.46,-4.62,-7.97
1520.25,0.01,0.03,-0,0.2,0,11.73,-4.62,-7.97
1520.28,0.01,0.03,-0,0.22,0,13.13,-4.79,-8.17
1520.3,0.01,0.03,-0,0.22,0.35,10.15,-4.79,-8.17
1520.33,0.01,0.03,-0,0.23,0,4.37,-4.82,-8.29
1520.35,0.01,0.03,-0.01,0.25,0,6.99,-4.82,-8.29
1520.38,0.01,0.03,-0,0.27,0,9.08,-4.58,-7.82
1520.4,0.01,0.03,-0,0.28,0,8.37,-4.58,-7.82
1520.43,0.01,0.03,-0,0.29,0,7.15,-4.53,-7.65
1520.45,0.01,0.03,-0,0.3,0,8.87,-4.53,-7.65
1520.48,0.01,0.03,-0,0.31,0,9.55,-4.36,-7.45
1520.5,0.01,0.03,-0.01,0.32,0,8.5,-4.36,-7.45
1520.53,0.01,0.03,-0,0.32,0,3.65,-4.82,-8.15
1520.55,0.01,0.03,-0,0.34,0,4.16,-4.83,-8.2
1520.58,0.01,0.03,-0,0.35,0,7.61,-4.83,-8.2
1520.6,0.01,0.03,-0,0.36,0,6.91,-4.42,-7.64
1520.63,0.01,0.03,-0,0.37,0,7.24,-4.42,-7.64
1520.65,0.01,0.03,-0,0.39,0,7.91,-4.5,8.99
1520.68,0.01,0.03,-0,0.39,0,7.55,-4.5,8.99
1520.7,0.01,0.03,-0,0.41,0,8.55,-4.52,33.52
1520.73,0.01,0.03,-0,0.41,0,10.27,-4.52,33.52
1520.76,0.01,0.03,-0,0.42,0,12.14,-4.68,44.26
1520.79,0.01,0.03,-0,0.42,0,14.02,-4.68,44.26
1520.81,0.01,0.02,-0,0.43,0,16.57,-4.72,66.38
1520.84,0.01,0.02,-0,0.43,0,19.3,-4.72,66.38
1520.87,0.01,0.02,-0,0.43,0,21.86,-4.56,94.22
1520.9,0.01,0.02,-0,0.43,0,25.79,-4.56,94.22
1520.92,0.01,0.02,-0,0.43,0,30.37,-4.45,123.05
1520.95,0.01,0.02,-0,0.43,0,34.84,-4.34,151.41
1520.98,0.01,0.02,-0,0.43,0,41.16,-4.34,151.41
1521.01,0.01,0.03,-0,0.43,0.87,47.65,-4.48,168.01
1521.04,0.01,0.03,-0,0.43,0.87,55.5,-4.43,181.93
1521.07,0.01,0.03,-0,0.42,0.17,63.87,-4.43,181.93
1521.1,0.01,0.03,-0,0.41,0,69.4,-4.5,191.29
1521.13,0.01,0.03,-0.02,0.41,1.04,77.5,-4.43,197.27
1521.16,0.01,0.03,0,0.41,0.87,86.06,-4.43,197.27
1521.19,0.01,0.03,-0,0.37,0.35,78.46,-4.42,199.79
1521.22,0.01,0.03,0,0.36,2.08,81.99,-4.42,199.79
1521.26,0.01,0.03,-0,0.33,0.87,88.51,-4.5,200.94
1521.29,0.01,0.03,-0,0.26,0,77.01,-4.68,201.67
1521.32,0.01,0.03,-0,0.19,0,69.68,-4.68,201.67
1521.35,0.01,0.03,-0,0.15,0,61.17,-4.55,202.47
1521.38,0.01,0.02,-0,0.09,0,55.33,-4.53,202.71
1521.4,0.01,0.03,-0,0.05,0,50.28,-4.53,202.71
1521.43,0,0.03,0,0.02,0,46.07,-4.85,201.45
1521.46,0.01,0.03,-0,0,0,48.55,-4.85,201.45
1521.49,0.01,0.03,-0.01,0,0,52.78,-5.24,185.17
1521.52,0.01,0.03,-0,0,1.04,56.68,-5.24,185.17
1521.55,0.01,0.03,0,0,1.04,61.22,-5.4,87.98
1521.58,0.01,0.03,-0,0,0.35,61.28,-5.35,19.82
1521.61,0.01,0.03,-0,0,0,60.33,-5.35,19.82
1521.64,0.01,0.03,-0,0,0,60,-5.18,0.1
1521.67,0.01,0.03,-0,0,0,43,-5.18,0.1
1521.7,0.01,0.03,-0,0,0,24.19,-5.06,-4.66
1521.72,0.01,0.03,-0.01,0,0,10.55,-5.06,-4.66
1521.75,0.01,0.03,-0,0,0,5.78,-5.7,-6.52
1521.77,0.01,0.03,-0,0,0,2.64,-5.74,-7.39
1521.8,0.01,0.03,-0,0,0,1.16,-5.5,-7.39
1521.82,0.01,0.03,-0,0,0,0.5,-5.5,-7.39
1521.85,0.01,0.03,-0,0,0,-0.17,-5.37,-7.4
1521.87,0.01,0.03,-0,0,0,0.99,-5.37,-7.4
1521.9,0.01,0.03,-0,0,0,0,-5.59,-7.89
1521.92,0.01,0.03,-0,0,0,0,-5.59,-7.89
1521.94,0.01,0.03,-0,0,0,0.83,-5.59,-7.89
1521.97,0.01,0.03,-0,0,0,0.99,-6.05,-8.81
1521.99,0.01,0.03,-0,0,0,0.5,-6.05,-8.81
1522.02,0.01,0.03,-0,0,0,0,-6.14,-9.08
1522.04,0.01,0.03,-0,0,0,0,-6.14,-9.08
1522.07,0.01,0.03,-0,0,0,0,-5.91,-8.8
1522.09,0.01,0.03,-0,0,0,0,-5.91,-8.8
1522.11,0.01,0.03,-0,0,0,0,-5.78,-8.66
1522.14,0.01,0.03,-0,0,0,0,-5.78,-8.66
1522.16,0.01,0.03,-0,0,0,0.17,-5.92,-8.96
1522.19,0.01,0.03,-0,0,0,0,-5.92,-8.96
1522.22,0.01,0.03,-0,0,1.04,0,-6.77,-10.42
1522.24,0.01,0.03,-0,0,1.04,0,-6.78,-10.88
1522.27,0.01,0.03,-0,0,0,1.16,-6.78,-10.88
1522.29,0.01,0.03,-0,0,0,1,-6.7,-10.48
1522.32,0.01,0.03,-0,0,0,1.5,-6.7,-10.48
1522.34,0.01,0.03,-0,0,0,2.16,-6.85,-10.07
1522.37,0.01,0.03,-0,0,0,2.67,-6.85,-10.07
1522.4,0.01,0.03,-0,0,1.04,6.21,-6.87,-10.23
1522.42,0.01,0.03,-0,0,1.04,8.44,-6.87,-10.23
1522.45,0.01,0.03,-0,0,0.35,7.62,-7.46,-11.33
1522.48,0.01,0.03,-0,0.02,0,13.68,-7.24,-10.81
1522.5,0.01,0.03,-0,0.03,0,14.41,-7.24,-10.81
1522.53,0.01,0.03,-0,0.03,0,11.01,-7.12,-10.71
1522.55,0.01,0.03,-0,0.05,0,8.27,-7.12,-10.71
1522.58,0.01,0.03,-0,0.07,0,8.12,-7.09,-10.85
1522.6,0.01,0.03,-0,0.08,0,8.83,-7.09,-10.85
1522.63,0.01,0.03,-0,0.09,0,6.93,-7.5,-11.29
1522.65,0.01,0.03,-0,0.1,0,10.79,-7.5,-11.29
1522.68,0.01,0.03,-0,0.11,0,15.18,-7.17,-11.38
1522.7,0.01,0.03,-0,0.12,0,10.99,-7.17,-11.38
1522.73,0.01,0.03,-0,0.14,0,11.01,-7.19,-11.15
1522.75,0.01,0.03,-0,0.16,0,10.67,-7.19,-11.15
1522.78,0.01,0.03,-0,0.17,0,8.93,-7.52,-11.68
1522.8,0.01,0.03,-0,0.18,0,7.53,-7.52,-11.68
1522.83,0.01,0.03,-0,0.18,0,8.93,-7.67,-12.03
1522.85,0.01,0.03,-0,0.19,0,7.71,-7.67,-12.03
1522.88,0.01,0.03,-0,0.2,1.04,10.51,-8.19,-12.84
1522.91,0.01,0.03,-0,0.21,1.04,9.98,-8.19,-12.84
1522.93,0.01,0.03,-0.01,0.22,1.39,7.53,-8.21,-12.68
1522.96,0.01,0.03,-0,0.22,0,3.33,-8.05,-12.64
1522.98,0.01,0.03,0,0.23,0,3.15,-8.05,-12.64
1523.01,0.01,0.03,-0,0.24,0,4.37,-8.1,-12.55
1523.04,0.01,0.03,-0,0.26,0,8.56,-8.1,-12.55
1523.07,0.01,0.03,-0,0.27,0,9.77,-8.03,-12.7
1523.1,0.01,0.03,-0,0.28,1.04,8.02,-8.03,-12.7
1523.12,0.01,0.03,-0,0.3,1.04,10.95,-8.67,-13.31
1523.15,0.01,0.03,-0,0.31,0.35,9.9,-8.56,-13.18
1523.18,0.01,0.03,-0,0.32,0,7.11,-8.56,-13.18
1523.2,0.01,0.03,-0,0.33,0,4.68,-8.61,-13.65
1523.23,0.01,0.03,-0,0.34,0,3.47,-8.61,-13.65
1523.26,0.01,0.03,-0,0.34,0,1.91,-8.71,-14.07
1523.28,0.01,0.03,-0,0.35,0,3.81,-8.71,-14.07
1523.31,0.01,0.03,-0,0.36,0,6.21,-8.48,-13.66
1523.34,0.01,0.03,-0,0.36,0,1.04,-8.48,-13.66
1523.37,0.01,0.03,-0,0.37,0,4.31,-9.34,-1.25
1523.4,0.01,0.03,-0,0.39,0,8.42,-9.34,-1.25
1523.43,0.01,0.03,-0,0.39,0,7.21,-9.26,22.51
1523.45,0.01,0.03,-0,0.4,0,13.17,-8.92,49.95
1523.48,0.01,0.03,-0,0.41,0,16.07,-8.6,68.99
1523.51,0.01,0.03,0,0.41,0,18.8,-8.6,68.99
1523.54,0.01,0.03,-0,0.41,0,21.54,-8.21,83.08
1523.56,0.01,0.03,-0,0.41,0,24.79,-8.21,83.08
1523.59,0.01,0.03,-0,0.41,0,28.03,-8.71,94.36
1523.62,0.01,0.03,-0,0.42,0,32.96,-8.71,94.36
1523.65,0.01,0.03,-0,0.41,0,35.21,-8.56,115.68
1523.68,0.01,0.03,-0,0.41,0,40.34,-7.96,135.31
1523.7,0.01,0.03,-0,0.42,0,46.96,-7.96,135.31
1523.73,0.01,0.03,-0,0.42,0,52.26,-8,151.15
1523.76,0.01,0.03,-0,0.42,0,58.41,-8,151.15
1523.79,0.01,0.03,-0,0.41,0,64.38,-7.76,159.58
1523.81,0.01,0.03,-0,0.41,0,69.57,-7.76,159.58
1523.84,0.02,0.03,-0,0.41,0,74.94,-8.29,166.03
1523.87,0.01,0.03,-0,0.38,0,71.76,-8.29,166.03
1523.9,0.01,0.03,-0,0.37,1.04,71.4,-8.4,171.76
1523.93,0.01,0.03,-0,0.34,1.04,75.39,-8.01,175.37
1523.96,0.01,0.03,-0,0.32,0.35,75.13,-8.01,175.37
1523.99,0.01,0.03,-0,0.27,0,65.3,-7.93,177.9
1524.02,0.01,0.03,-0,0.22,0,63.58,-7.93,177.9
1524.05,0.01,0.03,-0,0.19,1.04,61.94,-8,179.39
1524.08,0.01,0.03,-0,0.15,2.08,56.29,-8.09,179.44
1524.11,0.01,0.03,0,0.12,1.04,53.55,-8.09,179.44
1524.14,0.01,0.03,-0,0.08,0.17,54.32,-7.86,180.28
1524.17,0.01,0.03,-0,0.07,-0.35,56.28,-7.57,175.18
1524.2,0.01,0.03,-0,0.05,0,58.08,-7.51,99.63
1524.23,0.02,0.03,-0,0.05,0,58.03,-7.51,99.63
1524.26,0.01,0.03,-0,0.04,0,59.41,-7.42,27.08
1524.28,0.01,0.03,-0,0.03,0,55.01,-7.42,27.08
1524.31,0.01,0.03,-0,0.03,0,54.42,-7.48,-0.5
1524.33,0.01,0.03,-0,0.03,0,42.12,-7.48,-0.5
1524.36,0.01,0.03,-0,0.03,0,25.56,-7.41,-7.33
1524.39,0.01,0.03,-0,0.03,1.04,13.6,-7.41,-7.33
1524.41,0.01,0.03,-0,0.05,0.17,9.73,-7.4,-8.86
1524.44,0,0.03,-0,0.05,0,5.97,-7.4,-8.86
1524.46,0.01,0.02,-0,0.05,0,2.56,-7.15,-9.25
1524.49,0.01,0.02,-0,0.05,0,1.02,-7.15,-9.25
1524.52,0.01,0.03,-0,0.05,1.04,0.17,-6.94,-9.41
1524.54,0.01,0.03,-0,0.05,1.04,0,-6.94,-9.41
1524.57,0.01,0.02,-0,0.05,0,0,-7.14,-10.02
1524.59,0.01,0.02,-0,0.05,0,1.02,-7.14,-10.02
1524.62,0.01,0.02,-0,0.05,0,1.02,-7.18,-10.3
1524.64,0.01,0.02,-0,0.05,0,0,-6.94,-10.03
1524.66,0.01,0.02,-0,0.04,0,0,-6.94,-10.03
1524.69,0.01,0.02,-0,0.04,0.17,0.51,-6.65,-10.06
1524.71,0.01,0.02,-0.02,0.04,0,0.85,-6.65,-10.06
1524.73,0.01,0.02,-0,0.03,0,0,-6.59,-9.9
1524.75,0.01,0.02,-0,0.03,0,0,-6.59,-9.9
1524.78,0.01,0.02,-0,0.03,0,0,-6.91,-10.53
1524.8,0.01,0.02,-0,0.03,0,0,-6.91,-10.53
1524.82,0.01,0.02,-0,0.03,0,0,-6.97,-10.65
1524.85,0.01,0.02,-0,0.03,0,0,-6.97,-10.65
1524.87,0.01,0.02,-0,0.03,0,0,-6.97,-10.65
1524.9,0.01,0.02,-0,0.03,0,0,-6.82,-10.51
1524.92,0.01,0.03,-0,0.03,1.04,0,-6.82,-10.51
1524.95,0.01,0.03,-0,0.03,1.04,0,-6.46,-10.16
1524.98,0.01,0.03,-0,0.03,1.39,0,-6.22,-9.92
1525.01,0.02,0.03,-0,0.03,1.04,0,-6.22,-9.92
1525.04,0.01,0.03,-0,0.04,1.56,0,-6.5,-10.12
1525.06,0.02,0.03,-0,0.04,1.04,0,-6.5,-10.12
1525.09,0.02,0.03,-0,0.04,0.35,0,-6.15,-10
1525.12,0.02,0.03,-0,0.04,0,0,-6.15,-10
1525.14,0.01,0.03,-0,0.05,0,2.22,-5.91,-9.72
1525.17,0.02,0.03,-0,0.05,0,5.66,-5.91,-9.72
1525.19,0.02,0.03,-0,0.05,0,3.26,-5.87,-9.59
1525.22,0.02,0.03,-0,0.06,0,4.64,-5.87,-9.59
1525.24,0.02,0.03,-0,0.07,0,7.07,-5.69,-9.31
1525.26,0.01,0.03,0,0.08,0,9.86,-5.69,-9.31
1525.29,0.02,0.03,-0,0.09,0,9.36,-5.82,-9.67
1525.31,0.02,0.03,-0,0.09,0,9.03,-5.82,-9.67
1525.34,0.02,0.03,-0,0.11,0,14.83,-5.77,-9.58
1525.37,0.02,0.03,-0,0.12,0,10.46,-5.67,-9.23
1525.39,0.02,0.03,-0,0.13,0,9.26,-5.67,-9.23
1525.41,0.02,0.03,-0,0.15,0,10.67,-5.57,-9.08
1525.44,0.01,0.03,-0,0.16,0,10.67,-5.57,-9.08
1525.47,0.02,0.03,-0.02,0.18,0.69,8.4,-5.39,-8.72
1525.5,0.02,0.03,-0,0.19,1.04,11.38,-5.39,-8.72
1525.52,0.02,0.03,-0,0.21,0.35,14.88,-5.84,-9.55
1525.55,0.02,0.03,-0,0.22,1.04,12.95,-5.69,-9.39
1525.58,0.02,0.03,-0,0.22,0,7,-5.69,-9.39
1525.61,0.02,0.03,-0.01,0.23,0.35,5.77,-5.49,-9.03
1525.64,0.02,0.03,-0,0.26,0.69,11.7,-5.49,-9.03
1525.66,0.02,0.03,-0,0.27,0.35,10.99,-5.37,-8.79
1525.69,0.02,0.03,-0,0.28,0,9.93,-5.37,-8.79
1525.71,0.02,0.03,-0,0.3,0,10.26,-5.27,-8.74
1525.74,0.01,0.03,-0,0.31,0,8.17,-5.27,-8.74
1525.76,0.02,0.03,-0,0.31,0,6.42,-5.33,-9.14
1525.79,0.02,0.03,-0,0.32,1.04,4.68,-5.33,-9.14
1525.82,0.02,0.03,-0,0.34,1.04,3.29,-5.26,-8.9
1525.84,0.02,0.03,-0,0.34,0,4.16,-5.24,-8.68
1525.87,0.01,0.04,-0,0.35,1.21,3.81,-5.24,-8.68
1525.9,0.01,0.03,-0,0.35,0.35,2.08,-5.16,-8.64
1525.93,0.01,0.03,-0,0.36,0,4.15,-5.06,8.54
1525.95,0.01,0.03,-0,0.37,0,8.6,-5.06,8.54
1525.98,0.01,0.03,-0,0.38,0,6.03,-5.2,25.54
1526,0.01,0.03,-0,0.4,0,14.73,-5.2,25.54
1526.03,0.01,0.03,-0,0.41,0,18.61,-5.4,48.25
1526.06,0.01,0.03,-0,0.41,0,18.65,-5.4,48.25
1526.09,0.01,0.03,-0,0.41,0,21.71,-5.11,70.79
1526.12,0.01,0.03,-0,0.41,0,24.79,-5.11,70.79
1526.16,0.01,0.03,-0,0.41,0,27.52,-4.97,86.64
1526.18,0.01,0.03,-0,0.42,0,31.28,-4.77,108.79
1526.21,0.01,0.03,-0,0.42,0,36.07,-4.77,108.79
1526.25,0.01,0.03,-0,0.42,1.04,40.68,-5.23,128.67
1526.28,0.01,0.03,-0,0.42,0.52,46.49,-5.23,128.67
1526.31,0.01,0.03,-0,0.42,0,51.96,-5.24,150.73
1526.34,0.01,0.03,0,0.42,0,58.29,-5.16,161.38
1526.37,0.01,0.03,-0,0.42,0,65.13,-5.16,161.38
1526.4,0.01,0.03,-0,0.42,0.35,73.26,-4.98,165.65
1526.43,0.01,0.04,-0,0.39,1.04,74.85,-4.86,175.05
1526.46,0.01,0.03,-0,0.4,0,80.58,-4.86,175.05
1526.49,0.01,0.03,-0,0.39,0,85.53,-5.33,179.4
1526.52,0.01,0.03,-0,0.37,0,86.49,-5.33,179.4
1526.55,0.01,0.03,-0,0.34,0,87.68,-5.17,182.08
1526.58,0.01,0.03,-0.01,0.3,0,82.08,-4.98,183.43
1526.61,0.01,0.03,-0,0.28,0,80.34,-4.86,184.61
1526.64,0.01,0.03,-0,0.24,0,83.88,-4.86,184.61
1526.67,0.01,0.03,-0,0.19,0,76.64,-4.92,185.34
1526.7,0.01,0.03,-0,0.16,0,75.62,-4.92,185.34
1526.73,0.01,0.03,-0,0.13,0,67.81,-5.09,185.73
1526.75,0.01,0.03,-0,0.09,0,68.18,-4.96,180.55
1526.78,0.01,0.03,-0,0.08,0,69.4,-4.96,180.55
1526.81,0.01,0.03,-0,0.07,0,73.88,-4.77,128.56
1526.84,0.01,0.03,-0,0.04,0,63.96,-4.77,128.56
1526.86,0.01,0.03,-0,0.02,0,65.17,-4.73,40.83
1526.9,0.01,0.03,-0,0.01,1.04,64.89,-4.73,40.83
1526.92,0.01,0.03,-0,0,1.04,64.45,-4.56,7.67
1526.95,0.01,0.03,-0,0,0.35,45.45,-4.77,-2.08
1526.98,0.01,0.03,-0,0,0,27.84,-4.77,-2.08
1527.01,0.01,0.03,-0,0.01,1.04,12.45,-4.9,-5.02
1527.03,0.01,0.03,-0,0.01,1.39,6.23,-4.76,-5.77
1527.06,0.01,0.03,-0,0.01,0.69,2.86,-4.76,-5.77
1527.09,0.01,0.03,-0,0.02,0.17,2.36,-4.57,-6.08
1527.11,0.01,0.03,-0,0.02,0,1.52,-4.57,-6.08
1527.14,0.01,0.03,-0,0.02,0,0.84,-4.61,-6.23
1527.16,0.01,0.03,-0,0.02,0,0,-4.61,-6.23
1527.19,0.01,0.03,-0,0.02,0,0,-4.7,-7.08
1527.21,0.01,0.03,-0,0.01,0,0,-4.7,-7.08
1527.23,0.01,0.03,-0,0.01,0,0,-4.72,-7.33
1527.25,0.01,0.03,-0,0.02,0.17,0,-4.72,-7.33
1527.28,0.01,0.03,-0,0.01,1.74,0,-4.72,-7.14
1527.3,0.01,0.03,-0,0.02,0.17,0,-4.72,-7.14
1527.33,0.01,0.03,-0,0.02,0,0,-4.64,-6.77
1527.35,0.01,0.03,-0,0.02,0,0,-4.64,-6.77
1527.38,0.01,0.03,-0,0.01,0,0,-4.63,-6.7
1527.4,0.01,0.03,-0,0.02,0,0,-4.63,-6.7
1527.43,0.01,0.03,-0,0.01,0,0,-4.54,-6.93
1527.45,0.01,0.03,-0,0.02,0,0,-4.54,-6.93
1527.48,0.01,0.03,-0,0.02,0,0,-4.69,-7.06
1527.5,0.01,0.03,-0,0.02,0,0,-4.69,-7.06
1527.52,0.01,0.03,-0,0.02,0,0,-4.64,-7
1527.55,0.01,0.03,-0,0.02,0,0,-4.64,-7
1527.58,0.02,0.03,-0,0.02,1.04,0,-4.54,-6.91
1527.6,0.02,0.03,-0,0.02,1.04,0,-4.54,-6.91
1527.63,0.02,0.03,-0,0.02,0.52,1.18,-4.44,-7.05
1527.66,0.02,0.03,-0,0.02,0,3.39,-4.44,-7.05
1527.68,0.02,0.03,-0,0.03,0,4.07,-4.67,-7.33
1527.71,0.02,0.03,-0,0.03,0,7.16,-4.67,-7.33
1527.73,0.02,0.03,-0,0.04,0,7.69,-4.55,-6.89
1527.76,0.02,0.03,-0,0.05,0,9.61,-4.53,-6.97
1527.78,0.02,0.03,-0,0.05,0,7.73,-4.53,-6.97
1527.81,0.02,0.03,-0,0.05,0,5.33,-4.27,-6.98
1527.83,0.01,0.03,-0,0.06,0,6.38,-4.27,-6.98
1527.86,0.01,0.03,-0,0.07,0,4.66,-4.64,-7.31
1527.88,0.01,0.03,-0,0.08,0,6.75,-4.64,-7.31
1527.91,0.01,0.03,-0,0.09,0,8.67,-4.87,-7.63
1527.93,0.01,0.03,-0,0.09,0.17,7.99,-4.87,-7.63
1527.96,0.01,0.03,-0,0.1,0,12.9,-4.67,-7.52
1527.98,0.01,0.03,-0,0.12,0,12.39,-4.67,-7.52
1528.01,0.01,0.03,-0,0.14,0,11.53,-4.39,-7.34
1528.03,0.01,0.03,-0,0.16,0,14.35,-4.39,-7.34
1528.06,0.01,0.03,-0.01,0.17,0,9.98,-4.66,-7.47
1528.08,0.01,0.03,-0,0.18,0,10.68,-4.66,-7.47
1528.11,0.01,0.03,-0,0.2,0.17,13.66,-5.12,-8.15
1528.13,0.01,0.03,-0,0.21,0,12.26,-5.12,-8.15
1528.16,0.01,0.03,-0,0.22,0,12.42,-4.97,-7.88
1528.18,0.01,0.03,-0,0.22,0,6.13,-4.97,-7.88
1528.21,0.01,0.03,-0,0.23,0,4.02,-4.86,-7.74
1528.24,0.01,0.03,-0,0.25,0,7.69,-4.5,-7.55
1528.27,0.01,0.03,-0,0.26,0,8.38,-4.5,-7.55
1528.29,0.01,0.03,-0,0.29,0,13.4,-4.6,-7.92
1528.32,0.01,0.03,-0,0.31,0,16.66,-4.6,-7.92
1528.35,0.01,0.03,-0,0.32,0,10.24,-5.11,-8.4
1528.38,0.01,0.03,-0,0.32,1.04,3.99,-5.3,-8.83
1528.41,0.01,0.03,-0,0.34,1.04,1.21,-5.3,-8.83
1528.43,0.01,0.03,-0,0.34,0.35,4.5,-5,-8.42
1528.46,0.01,0.03,-0,0.34,0,0.87,-5,-8.42
1528.48,0.01,0.03,-0,0.34,0,2.25,-4.95,-8.51
1528.51,0.01,0.03,-0,0.36,0,7.59,-4.95,-8.51
1528.53,0.02,0.03,-0,0.37,0,6.55,-5.43,0.35
1528.56,0.02,0.03,-0,0.37,0,6.54,-5.43,0.35
1528.59,0.02,0.03,-0,0.39,0,7.73,-6.18,26.53
1528.62,0.02,0.03,-0.01,0.41,1.04,15.54,-6.18,26.53
1528.65,0.02,0.03,-0,0.41,1.04,15.21,-5.67,50.59
1528.67,0.02,0.03,-0,0.41,0,17.26,-5.67,50.59
1528.71,0.02,0.03,-0,0.42,0,20.49,-5.33,64.85
1528.74,0.02,0.03,-0,0.43,0.17,22.56,-5.83,80.19
1528.77,0.02,0.03,-0,0.44,1.04,32.12,-5.83,80.19
1528.8,0.02,0.03,-0,0.45,0,36.5,-6.01,98.13
1528.83,0.01,0.03,-0,0.45,0.35,41.09,-6.38,125.39
1528.86,0.02,0.03,-0,0.45,0.69,46.69,-6.38,125.39
1528.89,0.01,0.03,-0,0.46,0,51.27,-6.37,149.09
1528.92,0.02,0.04,-0,0.46,0,57.56,-6.37,149.09
1528.95,0.02,0.03,-0,0.46,0.17,64.18,-6.45,164.26
1528.98,0.02,0.04,-0.02,0.46,0,70.8,-7.04,176.66
1529,0.02,0.03,-0,0.45,0,76.82,-6.75,185.97
1529.03,0.01,0.04,0,0.45,0,83.36,-6.75,185.97
1529.06,0.02,0.03,-0,0.45,0,92.53,-6.94,188.89
1529.09,0.02,0.03,-0,0.45,0,98.16,-6.94,188.89
1529.11,0.02,0.03,-0,0.43,0,102.88,-6.48,191.29
1529.14,0.01,0.03,-0,0.43,0,109.47,-6.48,191.29
1529.17,0.02,0.03,-0,0.43,0,116.81,-6.72,192.51
1529.2,0.02,0.03,-0,0.43,0,124.33,-6.72,192.51
1529.23,0.02,0.03,-0,0.4,0,126.7,-6.6,193.65
1529.26,0.02,0.03,-0,0.4,0,132.07,-6.83,194.71
1529.28,0.02,0.03,0,0.38,0,130.51,-6.83,194.71
1529.31,0.02,0.04,-0,0.35,1.39,132.89,-6.95,194.91
1529.34,0.02,0.04,-0,0.29,0.87,121.75,-6.95,194.91
1529.38,0.02,0.04,0,0.21,0.17,113.65,-7.06,195.29
1529.41,0.02,0.04,-0,0.17,-0.35,109.36,-7.41,195.53
1529.44,0.02,0.03,-0,0.13,0,99.13,-7.23,196.06
1529.46,0.02,0.03,0,0.07,0,92.05,-7.23,196.06
1529.49,0.02,0.03,-0,0.04,0,83.24,-7.2,196.34
1529.52,0.02,0.03,-0,0.01,0,84.89,-7.2,196.34
1529.55,0.02,0.03,-0,0,1.91,84.43,-7.77,193.19
1529.58,0.02,0.03,-0,0,0.17,86.46,-7.88,128.05
1529.61,0.02,0.03,-0,0,1.21,83.28,-7.88,128.05
1529.64,0.02,0.03,-0.01,0,1.56,86.91,-8.15,34.07
1529.67,0.02,0.03,-0,0,0.69,83.18,-8.15,34.07
1529.7,0.02,0.03,-0,0,0,82.63,-7.79,0.73
1529.73,0.02,0.04,-0,0,1.04,65.66,-7.39,-6.76
1529.76,0.02,0.03,-0,0,1.04,46.89,-7.39,-6.76
1529.79,0.02,0.03,-0,0,0.35,25.11,-8.14,-9.32
1529.81,0.02,0.03,-0,0,0,16.2,-8.14,-9.32
1529.84,0.02,0.03,-0,0,0,11.75,-8.28,-10.33
1529.86,0.02,0.03,-0,0,0,7.01,-8.28,-10.33
1529.89,0.02,0.03,-0,0,0,4.25,-8.15,-11.02
1529.91,0.02,0.03,-0,0,0,3.28,-8.15,-11.02
1529.93,0.02,0.03,-0,0,0,2.13,-8.53,-11.74
1529.96,0.02,0.03,-0,0,0,0.98,-8.53,-11.74
1529.98,0.01,0.03,-0,0,0,0.33,-8.45,-11.96
1530.01,0.02,0.03,-0,0,0,1.15,-8.45,-11.96
1530.03,0.01,0.03,-0,0,0,1.15,-8.84,-12.34
1530.06,0.01,0.03,-0,0,0,0.66,-8.84,-12.34
1530.08,0.01,0.03,-0,0,0,0.16,-8.92,-12.58
1530.1,0.01,0.03,-0,0,0,0,-8.92,-12.58
1530.13,0.01,0.03,-0,0,0,0,-8.44,-12.38
1530.15,0.01,0.03,-0,0,0,0,-7.93,-12.17
1530.18,0.01,0.03,-0,0,0,0,-7.93,-12.17
1530.2,0.02,0.03,-0,0,0,0,-8.16,-12.38
1530.23,0.02,0.03,-0,0,0,0,-8.16,-12.38
1530.25,0.02,0.03,-0,0,0,0,-8.54,-13.16
1530.28,0.02,0.03,-0,0,0,0,-8.54,-13.16
1530.3,0.02,0.03,-0,0,0,0,-8.69,-13.48
1530.33,0.02,0.03,-0,0,0,0,-8.69,-13.48
1530.35,0.02,0.03,-0,0,0,0,-8.64,-13.38
1530.38,0.02,0.03,-0,0,0,0,-8.64,-13.38
1530.4,0.02,0.03,-0,0,0,0.99,-8.63,-13.19
1530.43,0.02,0.03,-0,0,0,0.99,-8.63,-13.19
1530.45,0.02,0.03,-0,0,0,1.65,-8.55,-12.99
1530.48,0.02,0.03,-0,0,0,3.31,-8.55,-12.99
1530.5,0.02,0.03,-0,0,0,2.65,-9.02,-13.77
1530.53,0.02,0.03,-0,0,0,3.49,-9.02,-13.77
1530.55,0.02,0.03,-0,0,0,7.2,-8.79,-13.68
1530.57,0.02,0.03,-0,0,0,12.34,-8.79,-13.68
1530.6,0.02,0.04,-0,0.01,0,10.49,-8.33,-12.93
1530.63,0.01,0.04,-0,0.01,0,12.46,-8.32,-12.36
1530.65,0.02,0.04,-0,0.03,0,14.59,-8.32,-12.36
1530.68,0.02,0.03,-0.02,0.06,0,14.47,-8.16,-12.25
1530.7,0.02,0.03,-0,0.07,0,13.66,-8.16,-12.25
1530.73,0.02,0.03,-0,0.09,0,14.06,-8.21,-12.64
1530.75,0.02,0.03,-0,0.1,0,12.87,-8.21,-12.64
1530.78,0.02,0.03,-0,0.11,0,11.33,-8.22,-12.55
1530.81,0.02,0.03,-0,0.13,0,12.57,-8.22,-12.55
1530.83,0.02,0.04,-0,0.17,0,17.15,-7.89,-11.96
1530.86,0.02,0.04,-0,0.17,1.04,13.13,-7.89,-11.96
1530.89,0.02,0.04,-0,0.19,1.04,13.66,-7.66,-11.76
1530.92,0.02,0.04,-0,0.2,0.35,11.73,-7.66,-11.76
1530.94,0.02,0.04,-0,0.22,0,12.08,-7.53,-11.72
1530.97,0.01,0.04,-0,0.22,0,9.45,-7.53,-11.72
1530.99,0.02,0.04,-0,0.23,0,5.95,-7.83,-12.29
1531.02,0.02,0.04,-0,0.26,0,12.05,-7.83,-12.29
1531.05,0.02,0.04,-0,0.27,0.17,9.43,-7.48,-11.74
1531.07,0.02,0.04,-0,0.29,0,10.28,-7.48,-11.74
1531.1,0.02,0.04,-0,0.3,0,10.27,-7.17,-11.14
1531.12,0.01,0.04,-0,0.31,0,8,-7.17,-11.14
1531.15,0.02,0.04,-0,0.31,1.04,5.91,-6.94,-10.94
1531.18,0.01,0.04,-0,0.32,1.04,6.59,-6.98,-11.23
1531.2,0.01,0.04,-0,0.34,0.52,5.38,-6.98,-11.23
1531.23,0.01,0.04,-0,0.34,-0.17,3.64,-7.81,-12.02
1531.26,0.01,0.04,-0,0.35,0,4.33,-7.81,-12.02
1531.28,0.01,0.04,-0,0.35,0,2.94,-7.56,-11.86
1531.31,0.02,0.04,-0,0.36,0.17,4.66,-7.56,-11.86
1531.34,0.01,0.04,-0,0.36,0,4.66,-7.02,-2.86
1531.36,0.01,0.04,-0,0.38,0,3.97,-6.83,19.97
1531.39,0.01,0.04,-0,0.38,0,7.06,-6.83,19.97
1531.42,0.01,0.04,-0,0.4,0,12.02,-6.87,47.8
1531.45,0.01,0.04,-0,0.4,0,16.11,-6.87,47.8
1531.47,0.01,0.04,-0,0.42,0,24.2,-6.96,66.26
1531.5,0.01,0.04,-0,0.42,0,24.76,-6.9,76.2
1531.53,0.01,0.04,-0,0.42,0,27.84,-6.9,76.2
1531.56,0.01,0.04,-0,0.42,0,30.74,-6.89,86.49
1531.58,0.01,0.04,-0,0.43,0,33.98,-6.89,86.49
1531.61,0.01,0.04,-0,0.42,0,37.4,-6.55,105.97
1531.64,0.01,0.04,-0,0.43,0,41.67,-6.55,105.97
1531.67,0.01,0.04,-0,0.43,0,45.6,-6.49,131.4
1531.69,0.01,0.04,-0,0.43,0,51.06,-6.49,131.4
1531.72,0.01,0.04,-0,0.43,0,56.02,-6.72,151.6
1531.75,0.01,0.04,-0.01,0.43,0,62.16,-6.72,151.6
1531.78,0.01,0.04,-0,0.42,0.17,68.65,-6.36,167.8
1531.81,0.01,0.04,-0,0.42,0,75.48,-6.28,177.87
1531.84,0.01,0.04,-0,0.42,0,82.83,-6.19,183.66
1531.86,0.01,0.04,-0,0.41,0,88.89,-6.19,183.66
1531.89,0.01,0.04,-0,0.41,0,96.07,-5.92,188.84
1531.92,0.01,0.04,-0,0.4,0,96.81,-5.92,188.84
1531.95,0.01,0.04,-0,0.38,0,98.91,-6.2,191.44
1531.97,0.01,0.04,-0,0.35,0,96.24,-6.2,191.44
1532.01,0.01,0.04,-0.01,0.26,0.17,82.78,-5.92,194.02
1532.04,0.01,0.04,-0,0.16,0.52,62.15,-5.95,195.44
1532.06,0.01,0.03,-0,0.12,0,55.5,-5.95,195.44
1532.09,0.02,0.03,-0,0.08,0,52.5,-5.79,196.38
1532.12,0.01,0.04,-0,0.06,1.39,56.4,-5.79,196.38
1532.15,0.01,0.03,-0,0.02,0,50.63,-5.6,196.24
1532.18,0.01,0.03,-0,0.01,0,57.29,-5.72,194.24
1532.21,0.01,0.03,-0,0.01,0,62.82,-5.72,194.24
1532.24,0.01,0.03,-0,0,0,66.68,-5.83,129.16
1532.27,0.01,0.03,-0,0,0,64.61,-5.83,129.16
1532.3,0.01,0.03,-0,0,0,65.85,-5.52,39.97
1532.33,0.01,0.03,-0,0,1.04,64.23,-5.3,4.79
1532.36,0.01,0.03,-0,0,0,47.03,-5.3,4.79
1532.38,0.01,0.03,-0,0,0.35,26,-5.33,-3.23
1532.41,0.01,0.03,-0,0,0.69,12.56,-5.33,-3.23
1532.44,0.01,0.03,-0,0,0.17,6.13,-5.18,-5.33
1532.46,0.01,0.03,-0,0,0,2.81,-5.18,-5.33
1532.49,0.01,0.03,-0,0,0,1.16,-5.06,-5.91
1532.51,0.01,0.03,-0,0,0,0.5,-5.06,-5.91
1532.54,0.01,0.03,-0,0,0,0,-5.12,-6.11
1532.56,0.01,0.03,-0,0,0,0,-5.05,-6.56
1532.59,0.01,0.03,-0,0,0,0,-5.05,-6.56
1532.61,0.01,0.03,-0,0,0,0,-4.87,-6.49
1532.63,0.01,0.03,-0,0,0,0,-4.87,-6.49
1532.66,0.01,0.03,-0,0,0,0,-5.33,-7.21
1532.68,0.01,0.03,-0,0,0,0.33,-5.33,-7.21
1532.71,0.01,0.03,-0,0,0,0,-5.42,-7.61
1532.73,0.01,0.03,-0,0,0,0,-5.42,-7.61
1532.76,0.01,0.03,-0,0,0,0,-5.19,-7.68
1532.78,0.01,0.03,-0,0,0,0,-5.19,-7.68
1532.81,0.01,0.03,-0,0,0,0,-5.23,-7.78
1532.83,0.01,0.03,-0,0,0,0,-5.23,-7.78
1532.86,0.01,0.03,-0,0,0,0,-5.07,-8.13
1532.88,0.01,0.03,-0,0,0,0,-5.07,-8.13
1532.91,0.01,0.03,-0,0,0,0,-5.37,-8.04
1532.93,0.01,0.03,-0,0,0,1.16,-5.37,-8.04
1532.96,0.01,0.03,-0,0,0,1.99,-5.27,-7.85
1532.98,0.01,0.03,-0,0,0,2.66,-5.27,-7.85
1533,0.01,0.03,-0.01,0,0,4.01,-5.08,-7.82
1533.03,0.01,0.03,-0,0,0,3.01,-4.88,-7.73
1533.05,0.01,0.03,-0,0,0,2.85,-4.88,-7.73
1533.08,0.01,0.03,-0,0,0.17,3.86,-5.08,-7.54
1533.11,0.01,0.03,-0,0.01,0,4.04,-5.08,-7.54
1533.13,0.01,0.03,-0.02,0.01,0,5.92,-5.04,-7.75
1533.16,0.01,0.04,0,0.01,0,5.75,-5.04,-7.75
1533.18,0.01,0.04,-0,0.02,0,10.24,-5.04,-7.8
1533.21,0.01,0.04,-0,0.03,0,13.9,-5.04,-7.8
1533.23,0.01,0.04,-0,0.03,0,9.61,-4.87,-7.89
1533.26,0.01,0.04,-0,0.06,1.04,7.57,-4.87,-7.89
1533.29,0.01,0.04,-0,0.08,1.04,12.47,-4.67,-7.99
1533.31,0.01,0.04,-0,0.08,0.52,9.35,-4.67,-7.99
1533.34,0.01,0.04,-0,0.09,-0.17,7.29,-4.96,-8.25
1533.37,0.01,0.04,-0,0.1,0,11.67,-4.96,-8.25
1533.39,0.01,0.04,-0,0.11,0,11.16,-4.85,-8.23
1533.42,0.01,0.04,-0,0.12,0,8.9,-4.85,-8.23
1533.44,0.01,0.04,-0,0.14,0,13.12,-4.67,-7.89
1533.47,0.01,0.04,-0.01,0.16,1.04,12.78,-4.67,-7.89
1533.5,0.01,0.04,-0,0.18,0.87,9.28,-4.55,-7.82
1533.53,0.01,0.04,-0,0.18,0.35,8.06,-4.69,-7.81
1533.55,0.01,0.04,-0,0.19,0,8.76,-4.69,-7.81
1533.58,0.01,0.04,-0,0.21,0,11.38,-5.38,-8.79
1533.6,0.01,0.04,-0,0.22,0,11.73,-5.38,-8.79
1533.63,0.01,0.04,-0,0.22,-0.17,7.53,-5.02,-8.25
1533.66,0.01,0.04,-0,0.23,0.35,3.5,-5.02,-8.25
1533.69,0.01,0.04,-0.01,0.26,0.87,8.04,-4.78,-7.81
1533.71,0.01,0.04,-0,0.27,0,9.26,-4.78,-7.81
1533.74,0.01,0.04,-0,0.28,0,10.29,-4.9,-8.14
1533.76,0.01,0.04,-0.01,0.3,0,12.35,-4.84,-7.96
1533.78,0.01,0.04,-0,0.31,0,8.7,-4.84,-7.96
1533.81,0.01,0.04,-0,0.32,0,10.58,-5,-8.49
1533.83,0.01,0.04,-0,0.32,0,6.94,-5,-8.49
1533.86,0.01,0.04,-0.01,0.34,0,2.78,-5.03,-8.44
1533.88,0.01,0.04,-0,0.34,0,2.95,-5.03,-8.44
1533.91,0.01,0.04,-0,0.35,0,3.29,-4.87,-8.02
1533.94,0.01,0.04,-0,0.36,0.35,7.25,-4.87,-8.02
1533.97,0.01,0.04,-0,0.37,0.69,7.93,-4.92,-8.01
1533.99,0.01,0.04,-0,0.39,0.17,7.74,-4.92,-8.01
1534.02,0.01,0.04,-0,0.4,0,8.06,-4.76,14.01
1534.05,0.01,0.04,-0.01,0.41,0,13.16,-4.76,14.01
1534.08,0.01,0.04,-0,0.41,0,13.5,-4.73,34.77
1534.1,0.01,0.04,-0,0.42,0,14.87,-4.81,56.75
1534.13,0.01,0.04,-0,0.43,0,19.28,-4.81,56.75
1534.16,0.01,0.04,-0,0.43,0,21.5,-4.82,79.72
1534.19,0.01,0.04,-0,0.43,0.87,24.08,-4.82,79.72
1534.22,0.01,0.04,-0,0.43,0,26.98,-4.58,97.79
1534.25,0.01,0.04,-0,0.43,0,31.08,-4.53,126.47
1534.27,0.01,0.04,-0,0.43,0,37.19,-4.53,126.47
1534.3,0.01,0.04,-0,0.43,0,42.14,-4.85,147
1534.33,0.01,0.04,-0,0.44,0,48.46,-4.75,168.94
1534.36,0.01,0.04,-0,0.44,0,55.45,-4.75,168.94
1534.38,0.01,0.04,-0,0.44,0,61.93,-4.57,184.09
1534.41,0.01,0.04,-0.01,0.44,0,69.27,-4.57,184.09
1534.44,0.01,0.04,-0,0.43,0.17,76.17,-4.53,191.23
1534.47,0.01,0.04,-0,0.43,0.52,85.48,-4.53,191.23
1534.5,0.01,0.04,-0,0.42,0,91.71,-4.44,194.47
1534.53,0.01,0.04,-0,0.42,0,99.9,-4.75,195.53
1534.56,0.01,0.03,-0,0.41,0,102.41,-4.75,195.53
1534.58,0.01,0.03,-0,0.41,0,109.96,-4.81,198.45
1534.61,0.01,0.03,-0,0.39,0,109.96,-4.81,198.45
1534.64,0.01,0.03,-0,0.36,0,107.53,-4.66,201.91
1534.67,0.01,0.03,-0,0.33,0,110.24,-4.66,201.91
1534.69,0.01,0.03,-0,0.32,0,117.09,-4.55,203.67
1534.72,0.01,0.04,-0,0.27,1.04,110.95,-4.55,203.67
1534.75,0.01,0.03,-0,0.18,0,94.42,-4.53,204.6
1534.78,0.01,0.03,0,0.15,0.52,89.6,-4.69,204.86
1534.81,0.01,0.04,-0,0.12,0.69,90.05,-4.69,204.86
1534.85,0.01,0.03,-0,0.08,0.17,86.66,-4.47,205.33
1534.87,0.01,0.03,-0,0.05,0,77.17,-4.47,205.33
1534.9,0.01,0.03,-0,0.02,0,81.33,-4.59,186.11
1534.93,0.01,0.03,-0,0,0,78.98,-4.53,129.43
1534.96,0.01,0.03,-0,0,0.69,79.81,-4.93,43.31
1534.99,0.01,0.03,-0,0,0,77.99,-4.93,43.31
1535.01,0.01,0.03,-0,0,0,79.13,-5.26,8.41
1535.04,0.01,0.03,-0,0,0,67.52,-5.26,8.41
1535.07,0.01,0.03,-0,0,0.17,45.88,-5.24,-2.26
1535.09,0.01,0.03,-0,0,0.52,26.17,-5.24,-2.26
1535.12,0.01,0.03,-0,0,0,10.72,-5.32,-5.22
1535.15,0.01,0.03,-0,0,0,5.78,-5.32,-5.22
1535.17,0.01,0.03,-0,0,0,3.81,-5.5,-6.3
1535.2,0.01,0.03,-0,0,0,3.32,-5.5,-6.3
1535.22,0.01,0.03,-0,0,0,1.99,-5.46,-6.6
1535.24,0.01,0.03,-0,0,0,-0.17,-5.46,-6.6
1535.27,0.01,0.03,-0,0,0,1.5,-5.86,-7.73
1535.29,0.01,0.03,-0,0,0,0.5,-5.86,-7.73
1535.32,0.01,0.03,-0,0,0,0.83,-5.77,-7.87
1535.35,0.01,0.03,-0,0,1.04,0.83,-5.77,-7.87
1535.37,0.01,0.03,-0,0,0,0.5,-5.76,-7.74
1535.4,0.01,0.03,-0,0,0,1.17,-5.76,-7.74
1535.42,0.01,0.03,-0,0,0,3.34,-6.08,-8.45
1535.45,0.01,0.03,-0,0,0,2.67,-6.48,-9.09
1535.47,0.01,0.03,-0,0,0,2.68,-6.48,-9.09
1535.5,0.01,0.03,-0.01,0,1.04,2.68,-6.31,-9.13
1535.52,0.01,0.03,-0,0,0,3.02,-6.11,-8.89
1535.55,0.01,0.03,-0,0,0,2.18,-6.11,-8.89
1535.57,0.01,0.03,-0,0,0,1.18,-6.48,-9.17
1535.6,0.01,0.03,-0,0,0,1.51,-6.48,-9.17
1535.62,0.01,0.03,-0,0,0,1.01,-6.72,-9.48
1535.65,0.01,0.03,-0,0,0,2.87,-6.72,-9.48
1535.67,0.01,0.03,-0,0,0,2.36,-6.36,-9.21
1535.7,0.01,0.03,-0,0,0,1.18,-6.36,-9.21
1535.72,0.01,0.03,-0,0,0,0.51,-6.2,-9.07
1535.75,0.01,0.03,-0,0,0,0,-6.2,-9.07
1535.77,0.01,0.03,-0,0,0,0,-6.42,-9.46
1535.8,0.01,0.03,-0,0,1.04,0,-6.42,-9.46
1535.82,0.01,0.03,-0,0,0,0,-6.38,-9.37
1535.85,0.01,0.03,-0,0,0,0,-6.38,-9.37
1535.87,0.01,0.03,-0,0.01,0,1.01,-6.62,-9.93
1535.9,0.01,0.03,-0,0,0,0,-6.62,-9.93
1535.92,0.01,0.03,-0,0,0,0,-6.42,-9.63
1535.94,0.01,0.03,-0.02,0,0,0,-6.42,-9.63
1535.97,0.01,0.03,-0,0,0,0,-6.42,-9.63
1535.99,0.01,0.03,-0,0,0,0,-6.95,-10.39
1536.01,0.01,0.03,-0,0,0,0,-6.95,-10.39
1536.04,0.01,0.03,-0,0,1.04,0,-7.47,-10.95
1536.07,0.01,0.03,-0,0.01,1.04,1.01,-7.47,-10.95
1536.1,0.01,0.03,-0,0,0,0,-7.58,-11.39
1536.12,0.01,0.03,-0,0,0,0,-7.58,-11.39
1536.14,0.01,0.03,-0,0,0.35,0,-7.35,-11.48
1536.17,0.02,0.03,-0,0,0.69,0,-7.63,-11.5
1536.19,0.01,0.03,-0,0,0.35,0.34,-7.63,-11.5
1536.22,0.01,0.03,-0,0.01,0,1.69,-8.27,-12
1536.25,0.01,0.03,-0,0,0,0.17,-8.06,-12.01
1536.28,0.01,0.03,-0,0,0,0,-8.06,-12.01
1536.3,0.01,0.03,-0,0.01,0,1.01,-7.45,-11.61
1536.33,0.01,0.03,-0,0,0,0,-7.45,-11.61
1536.35,0.01,0.03,-0,0,0,0,-7.41,-12.18
1536.38,0.01,0.03,-0,0,0,0,-7.41,-12.18
1536.4,0.01,0.03,-0,0,0,0,-7.81,-12.79
1536.43,0.01,0.03,-0,0,0,0,-7.81,-12.79
1536.45,0.01,0.03,-0,0,0,0,-8.38,-13.41
1536.48,0.01,0.03,-0,0,0,0,-8.38,-13.41
1536.51,0.01,0.03,-0,0,0,0,-8.17,-13.45
1536.54,0.01,0.03,-0,0,0,0,-8.17,-13.45
1536.56,0.01,0.03,-0,0,0,0,-7.88,-12.72
1536.59,0.01,0.03,-0,0,0,0,-7.88,-12.72
1536.62,0.01,0.03,-0,0,0,0,-8.07,-13.31
1536.65,0.01,0.03,-0,0,0,0,-8.43,-13.51
1536.68,0.01,0.04,-0,0,1.04,0,-8.51,-13.47
1536.71,0.01,0.04,-0,0,0.69,0,-8.51,-13.47
1536.73,0.01,0.03,-0,0,0,0,-8.44,-12.88
1536.75,0.01,0.03,-0,0,0,0,-8.44,-12.88
1536.78,0.01,0.03,-0,0,0,0,-8.43,-13.01
1536.81,0.01,0.04,-0,0.01,0.69,0,-8.43,-13.01
1536.84,0.01,0.04,-0,0.01,1.04,2.2,-8.51,-13.37
1536.86,0.01,0.04,-0,0,0.35,-0.17,-8.51,-13.37
1536.89,0.01,0.04,-0,0,0,0,-8.93,-13.6
1536.91,0.01,0.04,-0,0,1.04,0,-8.93,-13.6
1536.94,0.01,0.04,-0,0,0.87,0.68,-9.35,-14.55
1536.96,0.01,0.04,-0,0,1.74,0,-9.35,-14.55
1536.99,0.01,0.04,-0,0,1.22,0,-9.35,-14.55
1537.01,0.01,0.04,-0,0,0.52,0,-9.35,-14.55
