t,paa0,pfe0,paa1,pfe1,daa0,dfe0,daa1,dfe1
1605.16,-0,0,-0,0,-0,0,-0,0
1605.21,-0,0,-0,0,-0,0.0101283,-0.0199418,0.0599017
1605.26,-0,0,-0,0,-0,0.0101283,-0.0199418,0.0599017
1605.3,-0,0,-0,0.0431176,-0,0.0101283,-0.0199418,0.0599017
1605.35,-0,0,-0,0.0596123,-0,0.0101283,-0.0199418,0.0599017
1605.4,-0,0,-0,0.0596123,-0,0.0101283,-0.0199418,0.0599017
1605.45,-0,0,-0,0.0596123,-0,0.0101283,-0.0199418,0.0599017
1605.5,-0,0,-0,0.0596123,-0,0.0101283,-0.0199418,0.0599017
1605.54,-0,0,-0,0.0596123,-0,0.0101283,-0.0199418,0.0599017
1605.59,-0,0,-0,0.0596123,-0,0.0101283,-0.0199418,0.0599017
1605.64,-0,0,-0,0.0596123,-0,0.0101283,-0.0199418,0.0599017
1605.69,-0,0,-0,0.0596123,-0,0.0101283,-0.0199418,0.0599017
1605.74,-0,0,-0.00153398,0.0596123,-0,0.0101283,-0.0199418,0.0599017
1605.78,-0,0,-0,0.0596123,-0,0.0101283,-0.0199418,0.0599017
1605.83,-0,0,-0,0.0596123,-0,0.0101283,-0.0199418,0.0599017
1605.88,-0,0,-0,0.0596123,-0,0.0101283,-0.0199418,0.0599017
1605.93,-0,0,-0.00153398,0.0596123,-0,0.0101283,-0.0199418,0.0599017
1605.98,-0,0,-0,0.0596123,-0,0.0101283,-0.0199418,0.0599017
1606.02,-0,0,-0,0.0596123,-0,0.0101283,-0.0199418,0.0599017
1606.07,-0,0,-0,0.0596123,-0,0.0101283,-0.0199418,0.0599017
1606.12,-0,0,-0,0.0596123,-0,0.0101283,-0.0199418,0.0599017
1606.17,-0,0,-0,0.0596123,-0,0.0101283,-0.0199418,0.0599017
1606.22,-0,0,-0,0.0596123,-0,0.0101283,-0.0199418,0.0599017
1606.26,-0,0,-0,0.0596123,-0,0.0101283,-0.0199418,0.0599017
1606.31,-0,0,-0.00153398,0.0596123,-0,0.0101283,-0.0199418,0.0599017
1606.36,-0,0,-0,0.0596123,-0,0.0101283,-0.0199418,0.0599017
1606.41,-0,0,-0,0.0596123,-0,0.0101283,-0.0199418,0.0599017
1606.46,-0,0,-0,0.0596123,-0,0.0101283,-0.0199418,0.0599017
1606.5,-0,0,-0,0.0596123,-0,0.0101283,-0.0199418,0.0599017
1606.55,-0,0,-0,0.0596123,-0,0.0101283,-0.0199418,0.0599017
1606.6,-0,0,-0,0.0596123,-0,0.0101283,-0.0199418,0.0697406
1606.65,-0,0,-0,0.0596123,-0,0.0101283,-0.0199418,0.07003
1606.7,-0,0,-0,0.0668468,-0,0.0101283,-0.0199418,0.07003
1606.74,-0,0,-0,0.07003,-0,0.0101283,-0.0199418,0.07003
1606.79,-0,0,-0,0.0697406,-0,0.0101283,-0.0199418,0.07003
1606.84,-0,0,-0,0.0697406,-0,0.0101283,-0.0199418,0.07003
1606.89,-0,0,-0,0.0697406,-0,0.0101283,-0.0122718,0.0876821
1606.94,-0,0,-0,0.0697406,-0,0.0101283,-0.0199418,0.107649
1606.98,-0,0,-0,0.0830521,-0,0.0101283,-0.0199418,0.109964
1607.03,-0,0,-0,0.10273,-0,0.0101283,-0.0199418,0.154818
1607.08,-0,0,-0,0.109386,-0,0.0101283,-0.0199418,0.185493
1607.13,-0,0,-0,0.143243,-0,0.0101283,-0.0276117,0.207485
1607.18,-0,0,-0,0.177969,-0,0.0101283,-0.0214757,0.209511
1607.22,-0,0,-0,0.202277,-0,0.0101283,-0.0199418,0.229189
1607.27,-0,0,-0,0.208643,-0,0.0101283,-0.0199418,0.255523
1607.32,-0,0,-0,0.22398,-0,0.0101283,-0.0199418,0.287065
1607.37,-0,0,-0,0.248577,-0,0.0101283,-0.0199418,0.307611
1607.42,-0,0,-0,0.278962,-0,0.0101283,-0.0199418,0.337128
1607.46,-0,0,-0,0.301245,-0,0.0101283,-0.0199418,0.347835
1607.51,-0,0,-0,0.32208,-0,0.0101283,-0.0199418,0.375615
1607.56,-0,0,-0,0.329314,-0,0.0101283,-0.0122718,0.414971
1607.61,-0,0,-0,0.344362,-0,0.0101283,-0.0184078,0.419022
1607.66,-0,0,-0,0.365487,-0,0.0196778,-0.0199418,0.453458
1607.7,-0,0,0.00153398,0.368091,-0,0.0199672,-0.0199418,0.48529
1607.75,-0,0,0.00153398,0.381113,-0,0.0199672,-0.0199418,0.497155
1607.8,-0,0,0.00153398,0.384586,-0,0.0199672,-0.0199418,0.519148
1607.85,-0,0,0.00153398,0.384586,-0,0.0199672,-0.0184078,0.545481
1607.9,-0,0,-0,0.384586,-0,0.0199672,-0.0199418,0.557056
1607.94,-0,0,0.00153398,0.384586,-0,0.0199672,-0.0199418,0.577603
1607.99,-0,0,0.00153398,0.384586,-0,0.0199672,-0.0199418,0.599017
1608.04,-0,0,0.00153398,0.384586,-0,0.0199672,-0.0199418,0.607698
1608.09,-0,0,0.00153398,0.384586,-0,0.0199672,-0.0199418,0.621009
1608.14,-0,0,0.00153398,0.384586,-0,0.0199672,-0.0199418,0.621588
1608.18,-0,0,0.00153398,0.384586,-0,0.0199672,-0.0199418,0.620431
1608.23,-0,0,0.00153398,0.384586,-0,0.0185203,-0.0199418,0.620141
1608.28,-0,0,0.00153398,0.384586,-0,0.0104177,-0.0199418,0.621588
1608.33,-0,0,-0,0.384586,-0,0.0101283,-0.0199418,0.620141
1608.38,-0,0,0.00153398,0.384586,-0,0.0101283,-0.0199418,0.627955
1608.42,-0,0,0.00153398,0.384586,-0,0.0101283,-0.0199418,0.567474
1608.47,-0,0,0.00153398,0.384586,-0,0.0101283,-0.0199418,0.449986
1608.52,-0,0,0.00153398,0.384586,-0,0.0101283,-0.0199418,0.32671
1608.57,-0,0,0.00153398,0.384586,-0,0.0101283,-0.0199418,0.273464
1608.62,-0,0,-0,0.356806,-0,0.0101283,-0.0199418,0.199672
1608.66,-0,0,-0.00153398,0.287644,-0,0.0101283,-0.0199418,0.16784
1608.71,-0,0,-0,0.220508,-0,0.0101283,-0.0199418,0.105913
1608.76,-0,0,-0,0.174786,-0,0.0101283,-0.0199418,0.0827627
1608.81,-0,0,-0,0.122987,-0,0.0101283,-0.0199418,0.043407
1608.86,-0,0,-0,0.0876821,-0,0.0101283,-0.0199418,0.0326999
1608.9,-0,0,-0,0.0532459,-0,0.0101283,-0.0199418,0.00463008
1608.95,-0,0,-0,0.0353044,-0,0.0101283,-0.0199418,0.00028938
1609,-0,0,-0,0.012154,-0,0.0101283,-0.0199418,0
1609.05,-0,0,-0,0.00173628,-0,0.0101283,-0.0122718,0
1609.1,-0,0,-0,0,-0,0.0101283,-0.00153398,0
1609.14,-0,0,-0,0,-0,0.0101283,-0.00920388,0
1609.19,-0,0,-0,0,-0,0.0101283,-0.0107379,0
1609.24,-0,0,-0,0,-0,0.0101283,-0.0107379,0
1609.29,-0,0,-0,0,-0,0.0101283,-0.0184078,0
1609.34,-0,0,-0,0,-0,0.0101283,-0.0199418,0
1609.38,-0,0,-0,0,-0,0.0101283,-0.0199418,0
1609.43,-0,0,-0,0,-0,0.0101283,-0.0199418,0
1609.48,-0,0,-0,0,-0,0.0101283,-0.0199418,0
1609.53,-0,0,-0,0,-0,0.0101283,-0.0184078,0
1609.58,-0,0,-0,0,-0,0.0101283,-0.0199418,0
1609.62,-0,0,-0,0,-0,0.0101283,-0.0199418,0
1609.67,-0,0,-0,0,-0,0.0101283,-0.0199418,0
1609.72,-0,0,-0,0,-0,0.0101283,-0.0199418,0
1609.77,-0,0,-0,0,-0,0.0101283,-0.0199418,0
1609.82,-0,0,-0,0,-0,0.0101283,-0.0199418,0
1609.86,-0,0,-0,0,-0,0.0101283,-0.0199418,0
1609.91,-0,0,-0,0,-0,0.0101283,-0.0199418,0
1609.96,-0,0,-0,0,-0,0.0101283,-0.0199418,0
1610.01,-0,0,-0,0,-0,0.0101283,-0.0199418,0
1610.06,-0,0,-0,0,-0,0.0101283,-0.0199418,0.0159159
1610.1,-0,0,-0,0,-0,0.0101283,-0.0199418,0.0353044
1610.15,-0,0,-0,0.012154,-0,0.0179416,-0.0199418,0.0671362
1610.2,-0,0,-0,0.0309637,-0,0.0118646,-0.0276117,0.105045
1610.25,-0,0,-0,0.0596123,-0,0.0101283,-0.0199418,0.127327
1610.3,-0,0,-0,0.0960742,-0,0.0101283,-0.0199418,0.166683
1610.34,-0,0,-0,0.122118,-0,0.0196778,-0.0199418,0.20517
1610.39,-0,0,-0,0.157133,-0,0.0199672,-0.0276117,0.217035
1610.44,-0,0,-0,0.195621,-0,0.0199672,-0.0199418,0.253497
1610.49,-0,0,-0,0.214141,-0,0.0199672,-0.0199418,0.287065
1610.54,-0,0,-0,0.244237,-0,0.0199672,-0.0199418,0.31716
1610.58,-0,0,-0,0.278384,-0,0.0199672,-0.0199418,0.34552
1610.63,-0,0,-0,0.30819,-0,0.0199672,-0.0199418,0.367513
1610.68,-0,0,0.00153398,0.328157,-0,0.0199672,-0.0199418,0.38748
1610.73,-0,0,-0,0.340311,-0,0.0199672,-0.0199418,0.416997
1610.78,-0,0,-0,0.351307,-0,0.0199672,-0.0199418,0.427414
1610.82,-0,0,-0,0.366355,-0,0.0199672,-0.0199418,0.455484
1610.87,-0,0,0.00153398,0.371275,-0,0.0199672,-0.0199418,0.496576
1610.92,-0,0,0.00153398,0.381403,-0,0.0199672,-0.0199418,0.515965
1610.97,-0,0,0.00153398,0.384586,-0,0.0199672,-0.0199418,0.535932
1611.02,-0,0,0.00153398,0.384586,-0,0.0199672,-0.0199418,0.547796
1611.06,-0,0,0.00153398,0.384875,-0,0.0199672,-0.0199418,0.559661
1611.11,-0,0,0.00153398,0.384875,-0,0.0199672,-0.0199418,0.577603
1611.16,-0,0,-0,0.384875,-0,0.0199672,-0.0199418,0.589467
1611.21,-0,0,0.00153398,0.384875,-0,0.0199672,-0.0199418,0.590046
1611.26,-0,0,0.00153398,0.384875,-0,0.0199672,-0.0199418,0.590046
1611.3,-0,0,-0,0.384875,-0,0.0199672,-0.0199418,0.609145
1611.35,-0,0,0.00153398,0.384875,-0,0.0199672,-0.0199418,0.609724
1611.4,-0,0,0.00153398,0.384875,-0,0.0199672,-0.0199418,0.592361
1611.45,-0,0,0.00153398,0.384875,-0,0.0199672,-0.0199418,0.590046
1611.5,-0,0,0.00153398,0.384875,-0,0.0199672,-0.0199418,0.590046
1611.54,-0,0,0.00153398,0.384875,-0,0.0199672,-0.0199418,0.580496
1611.59,-0,0,0.00153398,0.384875,-0.0076699,0.0199672,-0.0199418,0.548086
1611.64,-0,0,0.00153398,0.384875,-0.00153398,0.0199672,-0.0199418,0.493682
1611.69,-0,0,0.00153398,0.384875,-0,0.0185203,-0.0199418,0.336549
1611.74,-0,0,0.00153398,0.384875,-0,0.0118646,-0.0199418,0.215009
1611.78,-0,0,-0,0.362593,-0,0.0101283,-0.0199418,0.138324
1611.83,-0,0,-0.00153398,0.279541,-0,0.0101283,-0.0199418,0.107649
1611.88,-0,0,0.00153398,0.177101,-0,0.0101283,-0.0199418,0.0827627
1611.93,-0,0,-0,0.114305,-0,0.0101283,-0.0199418,0.0720556
1611.98,-0,0,-0,0.0879715,-0,0.0101283,-0.0199418,0.0544034
1612.02,-0,0,-0,0.07466,-0,0.0101283,-0.0122718,0.0326999
1612.07,-0,0,-0,0.0590335,-0,0.0101283,-0.0199418,0.0124433
1612.12,-0,0,-0,0.0384875,-0,0.0101283,-0.0199418,0.00057876
1612.17,-0,0,-0,0.0176522,-0,0.0101283,-0.0199418,0
1612.22,-0,0,-0,0.00405132,-0,0.0101283,-0.0199418,0
1612.26,-0,0,-0,0.00057876,-0,0.0101283,-0.0122718,0
1612.31,-0,0,-0,0,-0,0.00202566,-0.0199418,0
1612.36,-0,0,-0,0,-0,0,-0.0184078,0
1612.41,-0,0,-0,0,-0,0,-0.0199418,0
1612.46,-0,0,-0,0,-0,0,-0.0199418,0
1612.5,-0,0,-0,0,-0,0,-0.0199418,0
1612.55,-0,0,-0,0,-0,0.00954954,-0.0199418,0
1612.6,-0,0,-0,0,-0,0.0101283,-0.0199418,0
1612.65,-0,0,-0,0,-0,0.0101283,-0.0199418,0
1612.7,-0,0,-0,0,-0,0.0101283,-0.0199418,0
1612.74,-0,0,-0,0,-0,0.0101283,-0.0199418,0
1612.79,-0,0,-0,0,-0,0.0101283,-0.0199418,0
1612.84,-0,0,-0,0,-0,0.0115752,-0.0199418,0
1612.89,-0,0,-0,0,-0,0.0101283,-0.0199418,0
1612.94,-0,0,-0,0,-0,0.0101283,-0.0276117,0
1612.98,-0,0,-0,0,-0,0.0101283,-0.0199418,0
1613.03,-0,0,-0,0,-0,0.0101283,-0.0199418,0
1613.08,-0,0,-0,0,-0,0.0101283,-0.0199418,0
1613.13,-0,0,-0,0,-0,0.0101283,-0.0199418,0
1613.18,-0,0,-0,0,-0,0.0101283,-0.0199418,0
1613.22,-0,0,-0,0,-0,0.0101283,-0.0199418,0
1613.27,-0,0,-0,0,-0,0.0101283,-0.0199418,0
1613.32,-0,0,-0,0,-0,0.0101283,-0.0199418,0
1613.37,-0,0,-0,0,-0,0.0101283,-0.0199418,0
1613.42,-0,0,-0,0,-0,0.0101283,-0.0199418,0
1613.46,-0,0,-0,0,-0,0.0101283,-0.0199418,0
1613.51,-0,0,-0,0,-0,0.0101283,-0.0199418,0
1613.56,-0,0,-0,0,-0,0.0101283,-0.0199418,0
1613.61,-0,0,-0,0,-0,0.0101283,-0.0199418,0
1613.66,-0,0,-0,0,-0,0.0101283,-0.0199418,0.0367513
1613.7,-0,0,-0,0,-0,0.0196778,-0.0199418,0.0943379
1613.75,-0,0,-0,0.0277805,-0,0.0199672,-0.0199418,0.098968
1613.8,-0,0,-0,0.0792901,-0,0.0199672,-0.0199418,0.133694
1613.85,-0,0,-0,0.0986786,-0,0.0199672,-0.0122718,0.184624
1613.9,-0,0,-0,0.125012,-0,0.0199672,-0.0199418,0.217035
1613.94,-0,0,-0,0.171313,-0,0.0199672,-0.0199418,0.263046
1613.99,-0,0,-0.00153398,0.209511,-0,0.0199672,-0.0199418,0.305007
1614.04,-0,0,-0,0.251471,-0,0.0199672,-0.0199418,0.324974
1614.09,-0,0,-0,0.29401,-0,0.0199672,-0.0199418,0.347545
1614.14,-0,0,-0,0.315135,-0,0.0199672,-0.0199418,0.367513
1614.18,-0,0,-0,0.329025,-0,0.0199672,-0.0199418,0.398766
1614.23,-0,0,-0,0.340021,-0,0.0199672,-0.0199418,0.415839
1614.28,-0,0,-0,0.356806,-0,0.0199672,-0.0199418,0.437543
1614.33,-0,0,-0,0.366066,-0,0.0199672,-0.0199418,0.465612
1614.38,-0,0,-0,0.375326,-0,0.0199672,-0.0199418,0.489052
1614.42,-0,0,0.00153398,0.376483,-0,0.0199672,-0.0199418,0.518858
1614.47,-0,0,0.00153398,0.376773,-0,0.0199672,-0.0199418,0.527829
1614.52,-0,0,0.00153398,0.377062,-0,0.0199672,-0.0199418,0.547507
1614.57,-0,0,0.00153398,0.377062,-0,0.0199672,-0.0199418,0.557635
1614.62,-0,0,-0,0.377062,-0,0.0199672,-0.0199418,0.567764
1614.66,-0,0,0.00153398,0.377062,-0,0.0199672,-0.0122718,0.5695
1614.71,-0,0,0.00153398,0.377062,-0,0.0199672,-0.0199418,0.570079
1614.76,-0,0,-0,0.377062,-0,0.0199672,-0.0199418,0.577892
1614.81,-0,0,0.00153398,0.377062,-0,0.0199672,-0.0199418,0.579628
1614.86,-0,0,0.00153398,0.377062,-0,0.0199672,-0.0199418,0.579917
1614.9,-0,0,0.00153398,0.377062,-0,0.0199672,-0.0199418,0.572104
1614.95,-0,0,0.00153398,0.377062,-0,0.0199672,-0.0199418,0.560529
1615,-0,0,0.00153398,0.377062,-0,0.0199672,-0.0199418,0.56024
1615.05,-0,0,0.00153398,0.377062,-0,0.0199672,-0.0199418,0.524935
1615.1,-0,0,-0,0.377062,-0,0.0199672,-0.0199418,0.481818
1615.14,-0,0,0.00153398,0.377062,-0,0.0199672,-0.0199418,0.472268
1615.19,-0,0,-0,0.377062,-0,0.0118646,-0.0199418,0.396451
1615.24,-0,0,0.00153398,0.377062,-0,0.0115752,-0.0199418,0.2752
1615.29,-0,0,-0,0.377062,-0,0.0101283,-0.0199418,0.179126
1615.34,-0,0,-0,0.323816,-0,0.0101283,-0.0199418,0.155686
1615.38,-0,0,-0.00153398,0.22398,-0,0.0101283,-0.0214757,0.103887
1615.43,-0,0,-0,0.161474,-0,0.0101283,-0.0199418,0.0729238
1615.48,-0,0,-0,0.11691,-0,0.0101283,-0.0199418,0.035015
1615.53,-0,0,-0,0.0804476,-0,0.0101283,-0.0199418,0.0150478
1615.58,-0,0,-0,0.0442751,-0,0.0101283,-0.0199418,0.00057876
1615.62,-0,0,-0,0.0199672,-0,0.0101283,-0.0199418,0
1615.67,-0,0,-0,0.00463008,-0,0.0101283,-0.0199418,0
1615.72,-0,0,-0,0.00028938,-0,0.0101283,-0.0199418,0
1615.77,-0,0,-0,0,-0,0.0101283,-0.0199418,0
1615.82,-0,0,-0,0,-0,0.0101283,-0.0199418,0
1615.86,-0,0,-0,0,-0,0.0101283,-0.0199418,0
1615.91,-0,0,-0,0,-0,0.0101283,-0.0184078,0
1615.96,-0,0,-0,0,-0,0.0101283,-0.0199418,0
1616.01,-0,0,-0,0,-0,0.0101283,-0.0199418,0
1616.06,-0,0,-0,0,-0,0.0101283,-0.0199418,0
1616.1,-0,0,-0,0,-0,0.0101283,-0.0199418,0
1616.15,-0,0,-0,0,-0,0.0101283,-0.0199418,0
1616.2,-0,0,-0,0,-0,0.0101283,-0.0199418,0
1616.25,-0,0,-0,0,-0,0.0101283,-0.0199418,0
1616.3,-0,0,-0,0,-0,0.0101283,-0.0199418,0
1616.34,-0,0,-0,0,-0,0.0101283,-0.0199418,0
1616.39,-0,0,-0,0,-0,0.0101283,-0.0199418,0
1616.44,-0,0,-0,0,-0,0.0101283,-0.0199418,0
1616.49,-0,0,-0,0,-0,0.0101283,-0.0199418,0
1616.54,-0,0,-0,0,-0,0.0101283,-0.0199418,0
1616.58,-0,0,-0,0,-0,0.0101283,-0.0199418,0.0190991
1616.63,-0,0,-0,0,-0.00153398,0.0101283,-0.0199418,0.0379088
1616.68,-0,0,-0,0.014469,-0,0.0101283,-0.0199418,0.0752388
1616.73,-0,0,-0,0.0335681,-0,0.0101283,-0.0199418,0.0798689
1616.78,-0,0,-0,0.0659786,-0,0.0101283,-0.0199418,0.0879715
1616.82,-0,0,-0,0.0787114,-0,0.0101283,-0.0199418,0.0995467
1616.87,-0,0,-0,0.0856565,-0,0.0101283,-0.0276117,0.125591
1616.92,-0,0,-0,0.0966529,-0,0.0101283,-0.0199418,0.15395
1616.97,-0,0,-0,0.119225,-0,0.0101283,-0.0199418,0.185493
1617.02,-0,0,-0,0.147584,-0,0.0101283,-0.0199418,0.188097
1617.06,-0,0,-0,0.17739,-0,0.0101283,-0.0199418,0.197936
1617.11,-0,0,-0,0.187229,-0,0.0101283,-0.0199418,0.217614
1617.16,-0,0,-0,0.195331,-0,0.0101283,-0.0199418,0.229478
1617.21,-0,0,-0,0.212405,-0,0.0101283,-0.0199418,0.247709
1617.26,-0,0,-0,0.226006,-0,0.0101283,-0.0199418,0.269123
1617.3,-0,0,-0,0.24279,-0,0.0101283,-0.0199418,0.295457
1617.35,-0,0,-0,0.263336,-0,0.0101283,-0.0199418,0.309347
1617.4,-0,0,-0,0.288222,-0,0.0101283,-0.0199418,0.335681
1617.45,-0,0,-0,0.304138,-0,0.0101283,-0.0199418,0.347256
1617.5,-0,0,-0,0.321501,-0,0.0101283,-0.0199418,0.385165
1617.54,-0,0,-0,0.329025,-0,0.0101283,-0.0199418,0.408894
1617.59,-0,0,-0,0.349571,-0,0.0101283,-0.0199418,0.425678
1617.64,-0,0,-0,0.362593,-0,0.0101283,-0.0199418,0.447381
1617.69,-0,0,0.00153398,0.369828,-0.0076699,0.0101283,-0.0122718,0.485001
1617.74,-0,0,0.00153398,0.379377,-0,0.0101283,-0.0199418,0.497734
1617.78,-0,0,0.00153398,0.381982,-0,0.0101283,-0.0199418,0.52725
1617.83,-0,0,0.00153398,0.381982,-0,0.0101283,-0.0199418,0.537957
1617.88,-0,0,-0,0.381982,-0,0.0101283,-0.0199418,0.559082
1617.93,-0,0,-0,0.381982,-0,0.0101283,-0.0199418,0.577603
1617.98,-0,0,-0,0.381982,-0,0.0101283,-0.0199418,0.579628
1618.02,-0,0,0.00153398,0.381982,-0,0.0101283,-0.0184078,0.572104
1618.07,-0,0,0.00153398,0.381982,-0,0.0101283,-0.0199418,0.589178
1618.12,-0,0,0.00153398,0.381982,-0,0.0101283,-0.0199418,0.597859
1618.17,-0,0,0.00153398,0.381982,-0,0.0101283,-0.0199418,0.591493
1618.22,-0,0,0.00153398,0.381982,-0,0.0101283,-0.0199418,0.599595
1618.26,-0,0,0.00153398,0.381982,-0,0.0101283,-0.0199418,0.572683
1618.31,-0,0,0.00153398,0.381982,-0,0.0101283,-0.0199418,0.538536
1618.36,-0,0,0.00153398,0.381982,-0,0.0101283,-0.0199418,0.47603
1618.41,-0,0,0.00153398,0.381982,-0,0.0101283,-0.0199418,0.417575
1618.46,-0,0,0.00153398,0.381982,-0,0.0101283,-0.0199418,0.38748
1618.5,-0,0,0.00153398,0.381982,-0,0.00028938,-0.0199418,0.362593
1618.55,-0,0,-0,0.381403,-0,0,-0.0199418,0.299219
1618.6,-0,0,0.00153398,0.371853,-0,0,-0.0199418,0.239317
1618.65,-0,0,-0,0.320054,-0,0,-0.0199418,0.193595
1618.7,-0,0,-0,0.254076,-0,0,-0.0199418,0.174786
1618.74,-0,0,-0,0.204881,-0,0,-0.0199418,0.152503
1618.79,-0,0,-0,0.178258,-0,0,-0.0122718,0.0972317
1618.84,-0,0,-0,0.158291,-0,0,-0.0184078,0.0833414
1618.89,-0,0,-0,0.112858,-0,0,-0.0199418,0.0642424
1618.94,-0,0,-0,0.0859459,-0,0,-0.0199418,0.0506415
1618.98,-0,0,-0,0.0691618,-0,0,-0.0199418,0.022861
1619.03,-0,0,-0,0.0538247,-0,0,-0.0199418,0.0124433
1619.08,-0,0,-0,0.0300955,-0,0,-0.0199418,0.0101283
1619.13,-0,0,-0,0.0150478,-0,0,-0.0122718,0.00202566
1619.18,-0,0,-0,0.0115752,-0,0,-0.0107379,0.00173628
1619.22,-0,0,-0,0.00491946,-0,0,-0.0107379,0.00954954
1619.27,-0,0,-0,0.00231504,-0,0,-0.0107379,0.0179416
1619.32,-0,0,-0,0.00781326,-0,0,-0.0184078,0.0295168
1619.37,-0,0,-0,0.0159159,-0,0,-0.0122718,0.0379088
1619.42,-0,0,-0,0.0269123,-0,0,-0.0184078,0.0474583
1619.46,-0,0,-0,0.0361725,-0,0,-0.0199418,0.057876
1619.51,-0,0,-0,0.0451433,-0,0,-0.0199418,0.0775538
1619.56,-0,0,-0,0.0549822,-0,0,-0.0122718,0.0717662
1619.61,-0,0,-0,0.0726344,-0,0,-0.0199418,0.0795795
1619.66,-0,0,-0,0.0732131,-0,0,-0.0199418,0.0798689
1619.7,-0,0,-0,0.0772645,-0,0,-0.0199418,0.0798689
1619.75,-0,0,-0,0.0798689,-0,0,-0.0199418,0.0798689
1619.8,-0,0,-0,0.0798689,-0,0,-0.0199418,0.0897078
1619.85,-0,0,-0,0.0795795,-0,0,-0.0199418,0.0882609
1619.9,-0,0,-0,0.0871034,-0,0,-0.0199418,0.0899972
1619.94,-0,0,-0,0.0876821,-0,0,-0.0199418,0.0899972
1619.99,-0,0,-0,0.0894184,-0,0,-0.0199418,0.0899972
1620.04,-0,0,-0,0.0894184,-0,0,-0.0199418,0.0899972
1620.09,-0,0,-0,0.0897078,-0,0,-0.0184078,0.0995467
1620.14,-0,0,-0,0.0897078,-0,0,-0.0199418,0.100125
1620.18,-0,0,-0,0.0972317,-0,0,-0.0199418,0.100125
1620.23,-0,0,-0,0.100415,-0,0,-0.0199418,0.116041
1620.28,-0,0,-0,0.100125,-0,0,-0.0199418,0.155108
1620.33,-0,0,-0,0.112279,-0,0,-0.0199418,0.17739
1620.38,-0,0,-0,0.145269,-0,0,-0.0199418,0.187808
1620.42,-0,0,-0,0.172181,-0,0,-0.0199418,0.207485
1620.47,-0,0,-0,0.185203,-0,0,-0.0276117,0.219639
1620.52,-0,0,-0,0.202566,-0,0,-0.0199418,0.237581
1620.57,-0,0,-0,0.216456,-0,0,-0.0199418,0.24742
1620.62,-0,0,-0,0.232662,-0,0,-0.0199418,0.285039
1620.66,-0,0,-0,0.244526,-0,0,-0.00460194,0.316871
1620.71,-0,0,-0,0.274911,-0,0,-0.0199418,0.337417
1620.76,-0,0,-0,0.3079,-0,0,-0.0199418,0.367223
1620.81,-0,0,0.00153398,0.323816,-0,0,-0.0199418,0.385744
1620.86,-0,0,-0,0.340311,-0,0,-0.0199418,0.416997
1620.9,-0,0,0.00153398,0.350729,-0,0,-0.0199418,0.438989
1620.95,-0,0,-0,0.366355,-0,0,-0.0199418,0.492814
1621,-0,0,0.00153398,0.376194,-0,0,-0.0199418,0.499759
1621.05,-0,0,-0,0.377352,-0,0,-0.0199418,0.5368
1621.1,-0,0,0.00153398,0.377352,-0,0,-0.0276117,0.549533
1621.14,-0,0,-0,0.37793,-0,0,-0.0199418,0.567474
1621.19,-0,0,0.00153398,0.37793,-0,0,-0.0122718,0.596991
1621.24,-0,0,0.00153398,0.37793,-0,0,-0.0184078,0.599306
1621.29,-0,0,-0,0.37822,-0,0,-0.0199418,0.606251
1621.34,-0,0,-0,0.37822,-0,0,-0.0199418,0.617826
1621.38,-0,0,0.00153398,0.378509,-0,0,-0.0199418,0.619852
1621.43,-0,0,0.00153398,0.378509,-0,0,-0.0199418,0.627955
1621.48,-0,0,0.00153398,0.378509,-0,0,-0.0214757,0.620431
1621.53,-0,0,0.00153398,0.378509,-0,0,-0.0199418,0.620141
1621.58,-0,0,0.00153398,0.378509,-0,0,-0.0199418,0.612039
1621.62,-0,0,-0,0.378509,-0,0.00173628,-0.0199418,0.509309
1621.67,-0,0,0.00153398,0.378509,-0,0.00954954,-0.0199418,0.390084
1621.72,-0,0,-0,0.378509,-0,0.00983892,-0.0199418,0.373879
1621.77,-0,0,0.00153398,0.37822,-0,0.0101283,-0.0276117,0.352465
1621.82,-0,0,0.00153398,0.376194,-0,0.0101283,-0.0199418,0.305296
1621.86,-0,0,-0,0.362883,-0,0.00202566,-0.0199418,0.285039
1621.91,-0,0,-0,0.319186,-0,0.00954954,-0.0276117,0.230636
1621.96,-0,0,-0,0.288801,-0,0.0101283,-0.0199418,0.193306
1622.01,-0,0,-0.00153398,0.244815,-0,0.0101283,-0.0199418,0.182599
1622.06,-0,0,-0,0.202277,-0,0.00028938,-0.0199418,0.136877
1622.1,-0,0,-0,0.184624,-0,0,-0.0199418,0.095206
1622.15,-0,0,-0,0.149899,-0,0.00810264,-0.0199418,0.0726344
1622.2,-0,0,-0,0.105624,-0,0.00839202,-0.0214757,0.0541141
1622.25,-0,0,-0,0.0778432,-0,0.00954954,-0.0199418,0.0347256
1622.3,-0,0,-0,0.0587441,-0,0.00202566,-0.0199418,0.0300955
1622.34,-0,0,-0,0.0399344,-0,0.00954954,-0.0199418,0.0300955
1622.39,-0,0,-0,0.0315424,-0,0.0101283,-0.0199418,0.0300955
1622.44,-0,0,-0,0.0300955,-0,0.0101283,-0.0199418,0.0219929
1622.49,-0,0,-0,0.0303849,-0,0.0101283,-0.0199418,0.0280699
1622.53,-0,0,-0,0.0248867,-0,0.0101283,-0.0199418,0.0379088
1622.58,-0,0,-0,0.0269123,-0,0.0101283,-0.0199418,0.0480371
1622.63,-0,0,-0,0.0358831,-0,0.0101283,-0.0199418,0.057876
1622.68,-0,0,-0,0.0454327,-0,0.00839202,-0.0199418,0.0680043
1622.73,-0,0,-0,0.0549822,-0,0.00202566,-0.0199418,0.0795795
1622.78,-0,0,-0,0.0651105,-0,0.00810264,-0.0199418,0.0975211
1622.82,-0,0,-0,0.0763963,-0,0.00983892,-0.0199418,0.0998361
1622.87,-0,0,-0,0.0931804,-0,0.00028938,-0.0199418,0.100125
1622.92,-0,0,-0,0.0998361,-0,0,-0.0199418,0.100125
1622.97,-0,0,-0,0.100125,-0,0,-0.0199418,0.100125
1623.02,-0,0,-0,0.100125,-0,0,-0.0199418,0.107939
1623.06,-0,0,-0,0.100125,-0,0,-0.0184078,0.109964
1623.11,-0,0,-0,0.105913,-0,0,-0.0199418,0.109964
1623.16,-0,0,-0,0.109675,-0,0,-0.0199418,0.118067
1623.21,-0,0,-0,0.109675,-0,0,-0.0199418,0.127617
1623.25,-0,0,-0,0.115752,-0,0,-0.0214757,0.145848
1623.3,-0,0,-0,0.125012,-0,0,-0.0199418,0.165815
1623.35,-0,0,-0,0.141507,-0,0,-0.0184078,0.169866
1623.4,-0,0,-0,0.161185,-0,0,-0.0199418,0.179705
1623.45,-0,0,-0,0.168709,-0,0.00810264,-0.0199418,0.188097
1623.49,-0,0,-0,0.177101,-0,0.00983892,-0.0199418,0.197936
1623.54,-0,0,-0,0.185782,-0,0.00839202,-0.0199418,0.217614
1623.59,-0,0,-0,0.195331,-0,0.00983892,-0.0199418,0.237581
1623.64,-0,0,-0,0.212405,-0,0.0101283,-0.0199418,0.267098
1623.69,-0,0,-0,0.232372,-0,0.0101283,-0.0199418,0.285329
1623.73,-0,0,-0,0.259863,-0,0.00202566,-0.0199418,0.31716
1623.78,-0,0,-0,0.280699,-0,0.00173628,-0.0199418,0.327868
1623.83,-0,0,-0,0.3079,-0,0.00810264,-0.0276117,0.348992
1623.88,-0,0,-0,0.318318,-0,0.00839202,-0.0199418,0.359699
1623.93,-0,0,0.00153398,0.330472,-0,0.00983892,-0.0199418,0.385454
1623.97,-0,0,-0,0.336838,-0,0.0101283,-0.0199418,0.407447
1624.02,-0,0,-0,0.350439,-0,0.0101283,-0.0214757,0.427414
1624.07,-0,0,0.00153398,0.362014,-0,0.0101283,-0.0199418,0.455484
1624.12,-0,0,0.00153398,0.371275,-0,0.0101283,-0.0199418,0.48529
1624.17,-0,0,0.00153398,0.381692,-0,0.0101283,-0.0199418,0.507283
1624.21,-0,0,0.00153398,0.384586,-0,0.0101283,-0.0199418,0.52754
1624.26,-0,0,0.00153398,0.384875,-0,0.0101283,-0.0199418,0.545481
1624.31,-0,0,-0,0.384875,-0,0.0101283,-0.0199418,0.559372
1624.36,-0,0,0.00153398,0.384875,-0,0.00839202,-0.0199418,0.577603
1624.41,-0,0,-0,0.384875,-0,0.00954954,-0.0199418,0.579628
1624.45,-0,0,0.00153398,0.384875,-0,0.0101283,-0.0199418,0.589467
1624.5,-0,0,-0,0.384875,-0,0.0101283,-0.0276117,0.591493
1624.55,-0,0,0.00153398,0.385165,-0,0.00839202,-0.0199418,0.590046
1624.6,-0,0,0.00153398,0.385165,-0,0.00202566,-0.0199418,0.581943
1624.65,-0,0,0.00153398,0.385165,-0,0.00028938,-0.0199418,0.572394
1624.69,-0,0,-0,0.385165,-0,0,-0.0199418,0.49484
1624.74,-0,0,0.00153398,0.385165,-0,0,-0.0214757,0.463008
1624.79,-0,0,0.00153398,0.385165,-0,0.00810264,-0.0199418,0.384875
1624.84,-0,0,0.00153398,0.385165,-0,0.00954954,-0.0276117,0.324974
1624.89,-0,0,0.00153398,0.383429,-0,0.00839202,-0.0199418,0.264204
1624.93,-0,0,-0,0.346677,-0,0.00173628,-0.0199418,0.252918
1624.98,-0,0,-0.00153398,0.279541,-0,0.00954954,-0.0199418,0.195621
1625.03,-0,0,-0,0.254654,-0,0.0101283,-0.0199418,0.17276
1625.08,-0,0,-0,0.212405,-0,0.0101283,-0.0199418,0.138613
1625.13,-0,0,-0,0.177101,-0,0.0101283,-0.0199418,0.0966529
1625.17,-0,0,-0,0.147294,-0,0.0101283,-0.0199418,0.080737
1625.22,-0,0,-0,0.10736,-0,0.0101283,-0.0199418,0.0448539
1625.27,-0,0,-0,0.0839202,-0,0.0101283,-0.0122718,0.0329893
1625.32,-0,0,-0,0.0541141,-0,0.0101283,-0.0199418,0.0141796
1625.37,-0,0,-0,0.0355937,-0,0.0101283,-0.0199418,0.00202566
1625.41,-0,0,-0,0.0190991,-0,0.0101283,-0.0199418,0.00028938
1625.46,-0,0,-0,0.00549822,-0,0.0101283,-0.0199418,0
1625.51,-0,0,-0,0.00115752,-0,0.0101283,-0.0199418,0
1625.56,-0,0,-0,0,-0,0.0101283,-0.0122718,0
1625.61,-0,0,-0,0,-0,0.0101283,-0.0199418,0.00810264
1625.65,-0,0,-0,0,-0,0.0101283,-0.0199418,0.0274911
1625.7,-0,0,-0,0.00607698,-0,0.0101283,-0.0199418,0.0379088
1625.75,-0,0,-0,0.022861,-0,0.0101283,-0.0199418,0.0575866
1625.8,-0,0,-0,0.0358831,-0,0.0101283,-0.0199418,0.0758176
1625.85,-0,0,-0,0.0526672,-0,0.0101283,-0.0199418,0.0792901
1625.89,-0,0,-0,0.0714769,-0,0.0101283,-0.0199418,0.0897078
1625.94,-0,0,-0,0.078422,-0,0.0101283,-0.0199418,0.0899972
1625.99,-0,0,-0,0.0871034,-0,0.0101283,-0.0199418,0.0980998
1626.04,-0,0,-0,0.0899972,-0,0.0101283,-0.0199418,0.0998361
1626.09,-0,0,-0.00153398,0.0960742,-0,0.0101283,-0.0199418,0.100125
1626.13,-0,0,-0,0.0995467,-0,0.0101283,-0.0199418,0.100125
1626.18,-0,0,-0,0.0998361,-0,0.0101283,-0.0199418,0.107939
1626.23,-0,0,-0,0.100125,-0,0.0101283,-0.0199418,0.108228
1626.28,-0,0,-0,0.105624,-0,0.0101283,-0.0184078,0.109964
1626.33,-0,0,-0,0.108517,-0,0.0101283,-0.0199418,0.109964
1626.37,-0,0,-0,0.109964,-0,0.0101283,-0.0199418,0.109964
1626.42,-0,0,-0,0.109964,-0,0.0101283,-0.0199418,0.109964
1626.47,-0,0,-0,0.109675,-0,0.0101283,-0.0199418,0.109964
1626.52,-0,0,-0,0.109675,-0,0.0101283,-0.0199418,0.109964
1626.57,-0,0,-0,0.110254,-0,0.0101283,-0.0199418,0.109964
1626.61,-0,0,-0,0.109964,-0,0.0101283,-0.0199418,0.109964
1626.66,-0,0,-0.00153398,0.109964,-0,0.0101283,-0.0199418,0.109964
1626.71,-0,0,-0,0.109964,-0,0.0101283,-0.0199418,0.109964
1626.76,-0,0,-0,0.109964,-0,0.0101283,-0.0199418,0.109964
1626.81,-0,0,-0.00153398,0.109964,-0,0.0101283,-0.0199418,0.118067
1626.85,-0,0,-0,0.109964,-0,0.0101283,-0.0199418,0.119803
1626.9,-0,0,-0,0.115752,-0,0.0101283,-0.0199418,0.110254
1626.95,-0,0,-0,0.118935,-0,0.0101283,-0.0199418,0.119514
1627,-0,0,-0,0.112858,-0,0.0101283,-0.0199418,0.120093
1627.05,-0,0,-0,0.11691,-0,0.0101283,-0.0199418,0.120093
1627.09,-0,0,-0,0.120093,-0,0.0101283,-0.0199418,0.120093
1627.14,-0,0,-0,0.119514,-0,0.0101283,-0.0199418,0.11199
1627.19,-0,0,-0,0.119514,-0,0.0101283,-0.0199418,0.119803
1627.24,-0,0,-0,0.114305,-0,0.0101283,-0.0214757,0.120093
1627.29,-0,0,-0,0.117488,-0,0.0101283,-0.0199418,0.11199
1627.33,-0,0,-0,0.120093,-0,0.0101283,-0.0199418,0.109964
1627.38,-0,0,-0,0.114016,-0,0.0101283,-0.0199418,0.118067
1627.43,-0,0,-0,0.110254,-0,0.0101283,-0.0199418,0.120093
1627.48,-0,0,-0,0.115752,-0,0.0101283,-0.0199418,0.120093
1627.53,-0,0,-0,0.119225,-0,0.0101283,-0.0199418,0.120093
1627.57,-0,0,-0,0.119514,-0,0.0101283,-0.0199418,0.120093
1627.62,-0,0,-0,0.119803,-0,0.0101283,-0.0199418,0.120093
1627.67,-0,0,-0,0.120093,-0,0.0101283,-0.0199418,0.120093
1627.72,-0,0,-0,0.119803,-0,0.0101283,-0.0199418,0.120093
1627.77,-0,0,-0,0.119514,-0,0.0101283,-0.0199418,0.120093
1627.81,-0,0,-0,0.119514,-0,0.0101283,-0.0199418,0.120093
1627.86,-0,0,-0,0.120093,-0,0.0101283,-0.0199418,0.120093
1627.91,-0,0,-0,0.120093,-0,0.0101283,-0.0199418,0.120093
1627.96,-0,0,-0,0.119803,-0,0.0101283,-0.0199418,0.120093
1628.01,-0,0,-0,0.119803,-0,0.0101283,-0.0199418,0.120093
1628.05,-0,0,-0,0.119803,-0,0.0101283,-0.0199418,0.120093
1628.1,-0,0,-0,0.119803,-0,0.0101283,-0.0199418,0.120093
1628.15,-0,0,-0,0.119803,-0,0.0101283,-0.0199418,0.120093
1628.2,-0,0,-0,0.119803,-0,0.0101283,-0.0199418,0.120093
1628.25,-0,0,-0,0.119803,-0,0.0101283,-0.0199418,0.120093
1628.29,-0,0,-0,0.119803,-0,0.0101283,-0.0199418,0.120093
1628.34,-0,0,-0,0.119803,-0,0.0101283,-0.0199418,0.120093
1628.39,-0,0,-0,0.119803,-0,0.0101283,-0.0199418,0.120093
1628.44,-0,0,-0,0.119803,-0,0.0101283,-0.0199418,0.120093
1628.49,-0,0,-0,0.119803,-0,0.0101283,-0.0199418,0.120093
1628.53,-0,0,-0,0.119803,-0,0.0101283,-0.0199418,0.120093
1628.58,-0,0,-0,0.119803,-0,0.0101283,-0.0199418,0.120093
1628.63,-0,0,-0,0.119803,-0,0.0101283,-0.0199418,0.120093
1628.68,-0,0,-0,0.119803,-0,0.0101283,-0.0199418,0.120093
