t,paa0,pfe0,paa1,pfe1,daa0,dfe0,daa1,dfe1
7.30034,-0,0,-0,0,-0,0,-0,0
7.3483,-0,0,-0,0,0.0306796,0.0101283,-0,0.0101283
7.39624,-0,0,-0,0,0.0306796,0.0101283,-0,0.0101283
7.44419,-0,0,-0,0.00752388,0.0306796,0.0101283,-0,0.0101283
7.49219,-0,0,-0,0.0101283,0.0306796,0.0101283,-0,0.0101283
7.54031,-0,0,-0,0.00983892,0.0306796,0.0101283,-0,0.0101283
7.58819,-0,0,-0,0.00983892,0.0306796,0.0101283,-0,0.0101283
7.63629,-0,0,-0,0.00983892,0.0306796,0.0101283,-0,0.0101283
7.68426,-0,0,-0,0.00983892,0.0306796,0.0101283,-0,0.0101283
7.73227,-0,0,-0,0.00983892,0.0306796,0.0101283,-0,0.0101283
7.78025,-0,0,-0,0.00983892,0.0306796,0.0101283,-0,0.0101283
7.82824,-0,0,-0,0.00983892,0.0306796,0.0101283,-0,0.0101283
7.87622,-0,0,-0,0.00983892,0.0306796,0.0101283,-0,0.0101283
7.92425,-0,0,-0,0.00983892,0.0306796,0.0101283,-0,0.0101283
7.97221,-0,0,-0,0.00983892,0.0306796,0.0101283,-0,0.0101283
8.02018,-0,0,-0,0.00983892,0.0306796,0.0101283,-0,0.0101283
8.06823,-0,0,-0,0.00983892,0.0306796,0.0101283,-0,0.0101283
8.11621,-0,0,-0,0.00983892,0.0306796,0.0101283,-0,0.0101283
8.16418,-0,0,-0,0.00983892,0.0306796,0.0101283,-0,0.0101283
8.2122,-0,0,-0,0.00983892,0.0306796,0.0101283,-0,0.0101283
8.26022,-0,0,-0,0.00983892,0.0306796,0.0101283,-0,0.0101283
8.30821,-0,0,-0,0.00983892,0.0306796,0.0101283,-0,0.0101283
8.35622,-0,0,-0,0.00983892,0.0306796,0.0101283,-0,0.0101283
8.40422,-0,0,-0,0.00983892,0.0306796,0.0101283,-0,0.0101283
8.45219,-0,0,-0,0.00983892,0.0306796,0.0101283,-0,0.0101283
8.50015,-0,0,-0,0.00983892,0.0306796,0.0101283,-0,0.0101283
8.54813,-0,0,-0,0.00983892,0.0306796,0.0101283,-0,0.0101283
8.59616,-0,0,-0,0.00983892,0.0306796,0.0101283,0.00153398,0.0101283
8.64417,-0,0,-0,0.00983892,0.0306796,0.0101283,-0,0.0101283
8.69216,-0,0,-0,0.00983892,0.0306796,0.0101283,-0,0.0101283
8.74016,-0,0,-0,0.00983892,0.0306796,0.0101283,-0,0.0101283
8.78815,-0,0,-0,0.00983892,0.0306796,0.0101283,-0,0.0101283
8.83624,-0,0,-0,0.00983892,0.0306796,0.0101283,-0,0.0101283
8.88413,-0,0,-0,0.00983892,0.0306796,0.0101283,-0,0.0101283
8.93218,-0,0,-0,0.00983892,0.0306796,0.0101283,-0,0.0101283
8.98019,-0,0,-0,0.00983892,0.0306796,0.0101283,-0,0.0101283
9.02818,-0,0,-0,0.00983892,0.0306796,0.0101283,-0,0.0101283
9.07617,-0,0,-0,0.00983892,0.0306796,0.0101283,-0,0.0101283
9.12416,-0,0,-0,0.00983892,0.0306796,0.0101283,-0,0.0101283
9.17216,-0,0,-0,0.00983892,0.0306796,0.0101283,-0,0.0101283
9.22013,-0,0,-0,0.00983892,0.0306796,0.0101283,-0,0.0101283
9.26818,-0,0,-0,0.00983892,0.0306796,0.0101283,-0,0.0101283
9.31616,-0,0,-0,0.00983892,0.0306796,0.0101283,-0,0.0101283
9.36416,-0,0,-0,0.00983892,0.0306796,0.0101283,-0,0.0101283
9.41215,-0,0,-0,0.00983892,0.0306796,0.0101283,-0,0.0101283
9.46013,-0,0,-0,0.00983892,0.0306796,0.0101283,-0,0.0101283
9.50816,-0,0,-0,0.00983892,0.0306796,0.0101283,-0,0.0101283
9.55608,-0,0,-0,0.00983892,0.0306796,0.0101283,-0,0.0101283
9.60407,-0,0,-0,0.00983892,0.0306796,0.0101283,-0,0.0101283
9.65207,-0,0,-0,0.00983892,0.0306796,0.0101283,-0,0.0101283
9.70007,-0,0,-0,0.00983892,0.0306796,0.0101283,-0,0.0101283
9.74808,-0,0,-0,0.00983892,0.0306796,0.0101283,-0,0.0101283
9.79607,-0,0,-0,0.00983892,0.0306796,0.0101283,-0,0.0101283
9.84407,-0,0,-0,0.00983892,0.0306796,0.0101283,-0,0.0196778
9.89207,-0,0,-0,0.00983892,0.0306796,0.0101283,-0,0.0199672
9.94007,-0,0,-0,0.016784,0.0306796,0.0101283,-0,0.0295168
9.98812,-0,0,-0,0.0199672,0.0306796,0.0101283,-0,0.0300955
10.0361,-0,0,-0,0.026623,0.0306796,0.0101283,-0,0.0396451
10.0841,-0,0,-0,0.0298061,0.0306796,0.0101283,-0,0.0593229
10.1321,-0,0,-0,0.03733,0.0306796,0.0101283,-0,0.0856565
10.1801,-0,0,-0,0.0546928,0.0306796,0.0101283,-0,0.0897078
10.2281,-0,0,-0,0.0792901,0.0306796,0.0101283,-0,0.0995467
10.2761,-0,0,-0,0.0882609,0.0306796,0.0101283,-0,0.117488
10.3241,-0,0,-0,0.0969423,0.0306796,0.0101283,-0,0.127906
10.3721,-0,0,-0,0.112858,0.0306796,0.0101283,-0,0.155397
10.4201,-0,0,-0,0.124723,0.0306796,0.0101283,-0,0.17739
10.4681,-0,0,-0,0.148163,0.0306796,0.0101283,-0,0.197357
10.5161,-0,0,-0,0.171313,0.0306796,0.0196778,-0,0.217614
10.5641,-0,0,-0,0.192438,0.0306796,0.0118646,-0,0.228031
10.612,-0,0,-0,0.212116,0.0306796,0.0179416,-0,0.24742
10.6601,-0,0,-0,0.224848,0.0306796,0.0199672,-0,0.27549
10.7081,-0,0,-0,0.241922,0.0306796,0.0199672,-0,0.297483
10.7561,-0,0,-0,0.267677,0.0306796,0.0199672,-0,0.3079
10.8041,-0,0,-0,0.291116,0.0306796,0.0199672,-0,0.327578
10.8521,-0,0,-0,0.303849,0.0306796,0.0199672,-0,0.337417
10.9001,-0,0,-0,0.320922,0.0306796,0.0199672,-0,0.357384
10.9481,-0,0,-0,0.333366,0.0306796,0.0199672,-0,0.369538
10.9961,-0,0,-0,0.349571,0.0306796,0.0295168,-0,0.397319
11.0441,-0,0,-0,0.358542,0.0306796,0.0219929,-0,0.408026
11.092,-0,0,-0,0.375326,0.0306796,0.0298061,-0,0.419601
11.1401,-0,0,-0,0.381982,0.0306796,0.0219929,-0,0.429729
11.1881,-0,0,-0,0.388059,0.0306796,0.0298061,-0,0.447671
11.236,-0,0,-0,0.393846,0.0306796,0.0300955,-0,0.465902
11.2841,-0,0,-0,0.403106,0.0306796,0.0300955,-0,0.477766
11.332,-0,0,-0,0.412077,0.0306796,0.0219929,-0,0.487895
11.38,-0,0,-0,0.419022,0.0306796,0.0199672,-0,0.48992
11.428,-0,0,-0,0.423942,0.0306796,0.0295168,-0,0.498023
11.476,-0,0,-0,0.42481,0.0306796,0.0300955,-0,0.507862
11.5241,-0,0,-0,0.426546,0.0306796,0.0300955,-0,0.509888
11.572,-0,0,-0,0.426836,0.0306796,0.0300955,-0,0.519726
11.62,-0,0,-0,0.426836,0.0306796,0.0300955,-0,0.521463
11.6681,-0,0,-0,0.426836,0.0306796,0.0300955,-0,0.528408
11.716,-0,0,-0,0.426836,0.0306796,0.0300955,-0,0.520016
11.7642,-0,0,-0,0.426836,0.0306796,0.0300955,0.0076699,0.521752
11.812,-0,0,-0,0.426836,0.0306796,0.0300955,0.00153398,0.528408
11.86,-0,0,-0,0.426836,0.0306796,0.0300955,-0,0.529855
11.9081,-0,0,-0,0.426836,0.0306796,0.0283592,-0,0.530144
11.956,-0,0,-0,0.426836,0.0306796,0.0217035,-0,0.530144
12.004,-0,0,-0,0.426836,0.0306796,0.0280699,-0,0.522041
12.052,-0,0,-0,0.426836,0.0306796,0.0298061,-0,0.520016
12.1,-0,0,-0,0.426836,0.0306796,0.0300955,-0,0.528118
12.1481,-0,0,-0,0.426836,0.0306796,0.0300955,-0,0.521463
12.1961,-0,0,-0.00153398,0.426836,0.0306796,0.0283592,-0,0.521752
12.244,-0,0,-0,0.426836,0.0306796,0.0298061,-0,0.520016
12.292,-0,0,-0,0.426836,0.0306796,0.0379088,-0,0.520016
12.34,-0,0,-0,0.426836,0.0306796,0.0396451,-0,0.511913
12.388,-0,0,-0,0.426836,0.0306796,0.0480371,-0,0.490788
12.436,-0,0,-0,0.426836,0.0306796,0.0416707,-0,0.482107
12.484,-0,0,-0,0.426836,0.0306796,0.0399344,-0,0.480081
12.532,-0,0,-0,0.426836,0.0306796,0.0480371,-0,0.480081
12.5799,-0,0,-0,0.426836,0.0306796,0.0500627,-0,0.470532
12.6279,-0,0,-0,0.426836,0.0306796,0.0500627,-0,0.469953
12.676,-0,0,-0,0.426836,0.0306796,0.0596123,-0,0.452301
12.724,-0,0,-0,0.426836,0.0306796,0.0599017,-0,0.442173
12.7719,-0,0,-0,0.426836,0.0306796,0.0599017,-0,0.430597
12.82,-0,0,-0,0.426836,0.0306796,0.0599017,0.00153398,0.420469
12.8679,-0,0,-0,0.426257,0.0306796,0.0599017,-0,0.42018
12.9159,-0,0,-0,0.42452,0.0306796,0.0680043,-0,0.402528
12.9639,-0,0,-0,0.424231,0.0306796,0.0619273,-0,0.400213
13.0119,-0,0,-0,0.413524,0.0306796,0.0682937,-0,0.399923
13.0599,-0,0,-0,0.404264,0.0306796,0.07003,-0,0.390374
13.1079,-0,0,-0,0.400791,0.0306796,0.07003,-0,0.390084
13.1559,-0,0,-0,0.393846,0.0306796,0.07003,-0,0.381982
13.2039,-0,0,-0,0.390084,0.0306796,0.07003,-0,0.389795
13.252,-0,0,-0,0.383718,0.0306796,0.07003,0.0076699,0.372432
13.2999,-0,0,-0,0.38285,0.0306796,0.07003,-0,0.362014
13.3479,-0,0,-0,0.374747,0.0306796,0.07003,-0,0.360567
13.3959,-0,0,-0,0.36404,0.0306796,0.07003,-0.0076699,0.359989
13.4439,-0,0,-0,0.359989,0.0306796,0.07003,-0,0.359989
13.4919,-0,0,-0,0.35941,0.0306796,0.07003,-0,0.351886
13.5398,-0,0,-0,0.35941,0.0306796,0.07003,-0,0.35015
13.5879,-0,0,-0,0.353912,0.0306796,0.07003,-0,0.35015
13.6358,-0,0,-0,0.350439,0.0306796,0.07003,-0,0.340311
13.6839,-0,0,-0,0.35015,0.0306796,0.07003,-0,0.340021
13.7319,-0,0,-0,0.342915,0.0306796,0.07003,-0,0.340021
13.7799,-0,0,-0,0.340311,0.0306796,0.07003,-0,0.340021
13.8279,-0,0,-0,0.340021,0.0306796,0.07003,-0,0.340021
13.8759,-0,0,-0,0.340021,0.0306796,0.07003,-0,0.340021
13.924,-0,0,-0,0.340021,0.0306796,0.07003,-0,0.340021
13.9719,-0,0,-0,0.340021,0.0306796,0.07003,-0,0.340021
14.0199,-0,0,-0,0.340021,0.0306796,0.07003,-0.0076699,0.340021
14.0678,-0,0,-0,0.340021,0.0306796,0.07003,-0.00153398,0.340021
14.1158,-0,0,-0,0.340021,0.0306796,0.07003,-0.00153398,0.331919
14.1639,-0,0,-0.00153398,0.340021,0.0306796,0.07003,0.00153398,0.330183
14.2119,-0,0,-0,0.334234,0.0306796,0.07003,-0.0076699,0.32208
14.2599,-0,0,-0,0.331051,0.0306796,0.0604804,-0,0.286486
14.3078,-0,0,-0,0.324106,0.0306796,0.060191,-0,0.273175
14.3559,-0,0,-0,0.295457,0.0306796,0.0520884,-0,0.250892
14.4038,-0,0,-0,0.276647,0.0306796,0.0581654,0.0076699,0.195621
14.4518,-0,0,-0,0.256391,0.0306796,0.0596123,0.00153398,0.190991
14.4998,-0,0,-0,0.211537,0.0306796,0.0599017,-0,0.17247
14.5478,-0,0,-0,0.192148,0.0306796,0.0599017,-0,0.154529
14.5958,-0,0,-0,0.17739,0.0306796,0.0599017,-0,0.132536
14.6438,-0,0,-0,0.159159,0.0306796,0.0599017,-0,0.110833
14.6918,-0,0,-0,0.138324,0.0306796,0.0599017,-0,0.0827627
14.7398,-0,0,-0,0.116331,0.0306796,0.0599017,-0,0.0726344
14.7878,-0,0,-0,0.0897078,0.0306796,0.0599017,-0,0.0622167
14.8358,-0,0,-0,0.0755282,0.0306796,0.0599017,-0,0.0682937
14.8838,-0,0,-0,0.0653999,0.0306796,0.0599017,-0,0.0682937
14.9318,-0,0,-0,0.0671362,0.0306796,0.0599017,-0,0.060191
14.9798,-0,0,-0,0.0682937,0.0306796,0.0599017,-0,0.0680043
15.0278,-0,0,-0,0.0627955,0.0306796,0.0599017,-0,0.0697406
15.0758,-0,0,-0,0.066268,0.0306796,0.0599017,-0,0.07003
15.1238,-0,0,-0,0.0697406,0.0306796,0.0599017,-0,0.07003
15.1718,-0,0,-0,0.07003,0.0306796,0.0599017,-0,0.07003
15.2198,-0,0,-0,0.07003,0.0306796,0.0599017,-0,0.07003
15.2678,-0,0,-0,0.07003,0.0306796,0.0599017,-0.0076699,0.07003
15.3158,-0,0,-0,0.07003,0.0306796,0.0599017,-0.00153398,0.0795795
15.3638,-0,0,-0,0.07003,0.0306796,0.0599017,-0,0.0798689
15.4118,-0,0,-0,0.0769751,0.0306796,0.0599017,-0,0.0798689
15.4598,-0,0,-0,0.0798689,0.0306796,0.0599017,-0,0.0798689
15.5078,-0,0,-0,0.0795795,0.0306796,0.0599017,-0,0.0798689
15.5558,-0,0,-0,0.0795795,0.0306796,0.0599017,-0,0.0798689
15.6038,-0,0,-0,0.0795795,0.0306796,0.0599017,-0,0.0798689
15.6518,-0,0,-0,0.0795795,0.0306796,0.0503521,-0,0.0798689
15.6997,-0,0,-0,0.0795795,0.0306796,0.057876,-0,0.0798689
15.7478,-0,0,-0,0.0795795,0.0306796,0.0599017,-0,0.0798689
15.7958,-0,0,-0,0.0795795,0.0306796,0.0503521,-0,0.0798689
15.8438,-0,0,-0,0.0795795,0.0306796,0.0500627,-0,0.0798689
15.8918,-0,0,-0,0.0795795,0.0306796,0.0500627,-0.00153398,0.0798689
15.9398,-0,0,-0,0.0795795,0.0306796,0.057876,-0.0076699,0.0798689
15.9878,-0,0,-0,0.0795795,0.0306796,0.0599017,-0,0.0798689
16.0358,-0,0,-0,0.0795795,0.0306796,0.0599017,-0,0.0798689
16.0838,-0,0,-0,0.0795795,0.0306796,0.0599017,-0,0.0798689
16.1318,-0,0,-0,0.0795795,0.0306796,0.0599017,-0,0.0798689
16.1798,-0,0,-0,0.0795795,0.0306796,0.0599017,-0,0.0798689
16.2278,-0,0,-0,0.0795795,0.0306796,0.0599017,-0,0.0798689
16.2758,-0,0,-0,0.0795795,0.0306796,0.0599017,-0,0.0798689
16.3237,-0,0,-0,0.0795795,0.0306796,0.0599017,-0,0.0798689
16.3718,-0,0,-0,0.0795795,0.0306796,0.0599017,-0,0.0798689
16.4198,-0,0,-0,0.0795795,0.0306796,0.0599017,-0,0.0798689
16.4677,-0,0,-0,0.0795795,0.0306796,0.0599017,-0,0.0798689
16.5157,-0,0,-0,0.0795795,0.0306796,0.0599017,-0,0.0798689
16.5637,-0,0,-0,0.0795795,0.0306796,0.0599017,-0,0.0879715
16.6117,-0,0,-0,0.0795795,0.0306796,0.0599017,-0,0.0995467
16.6597,-0,0,-0,0.0856565,0.0306796,0.0599017,-0,0.109675
16.7077,-0,0,-0,0.0963635,0.0306796,0.0599017,-0,0.117778
16.7557,-0,0,-0,0.106781,0.0306796,0.0599017,-0,0.145558
16.8037,-0,0,-0,0.115463,0.0306796,0.0599017,-0,0.165815
16.8517,-0,0,-0,0.138902,0.0306796,0.0599017,-0,0.188965
16.8997,-0,0,-0,0.160606,0.0306796,0.0599017,-0,0.217035
16.9477,-0,0,-0,0.183467,0.0306796,0.0599017,-0,0.245394
16.9957,-0,0,-0,0.21009,0.0306796,0.0599017,-0,0.259284
17.0437,-0,0,-0,0.23816,0.0306796,0.0599017,-0,0.288801
17.0917,-0,0,-0,0.255523,0.0306796,0.0599017,-0,0.315424
17.1397,-0,0,-0,0.280988,0.0306796,0.0599017,-0.00306796,0.337417
17.1877,-0,0,-0,0.30819,0.0306796,0.0599017,-0.0076699,0.357384
17.2357,-0,0,-0,0.331051,0.0306796,0.0599017,-0,0.367802
17.2837,-0,0,-0,0.35015,0.0306796,0.0599017,-0,0.38748
17.3317,-0,0,-0,0.357674,0.0306796,0.0599017,-0,0.397898
17.3797,-0,0,-0,0.369828,0.0306796,0.0599017,-0,0.399923
17.4277,-0,0,-0,0.376483,0.0306796,0.0599017,-0,0.399923
17.4757,-0,0,-0,0.37793,0.0306796,0.0599017,-0,0.409473
17.5237,-0,0,-0,0.37793,0.0306796,0.0599017,-0,0.410051
17.5717,-0,0,-0,0.38285,0.0306796,0.0599017,-0,0.410051
17.6197,-0,0,-0,0.383718,0.0306796,0.0599017,-0,0.417865
17.6677,-0,0,-0,0.384007,0.0306796,0.0599017,-0,0.41989
17.7157,-0,0,-0,0.38748,0.0306796,0.0599017,-0,0.41989
17.7636,-0,0,-0,0.388059,0.0306796,0.0599017,-0,0.41989
17.8116,-0,0,-0,0.388348,0.0306796,0.0599017,-0,0.429729
17.8597,-0,0,-0,0.388637,0.0306796,0.0599017,-0,0.430019
17.9076,-0,0,-0,0.393557,0.0306796,0.0599017,-0,0.430019
17.9557,-0,0,-0,0.395004,0.0306796,0.0599017,-0,0.430019
18.0037,-0,0,-0,0.395004,0.0306796,0.0599017,-0,0.439568
18.0517,-0,0,-0,0.395293,0.0306796,0.0599017,-0.0076699,0.439858
18.0996,-0,0,-0,0.399055,0.0306796,0.0599017,-0,0.440147
18.1477,-0,0,-0,0.400502,0.0306796,0.0599017,-0,0.440147
18.1956,-0,0,-0,0.400791,0.0306796,0.0599017,-0,0.440147
18.2437,-0,0,-0,0.400791,0.0306796,0.0599017,-0.0076699,0.440147
18.2916,-0,0,-0,0.400791,0.0306796,0.0599017,-0.00153398,0.440147
18.3396,-0,0,-0,0.400791,0.0306796,0.0599017,-0.00153398,0.440147
18.3876,-0,0,-0,0.400791,0.0306796,0.0599017,-0,0.440147
18.4356,-0,0,-0,0.400791,0.0306796,0.0599017,-0,0.432044
18.4836,-0,0,-0,0.400791,0.0306796,0.0599017,-0,0.430019
18.5316,-0,0,-0,0.400791,0.0306796,0.0599017,-0,0.430019
18.5796,-0,0,-0,0.400791,0.0306796,0.0599017,-0,0.430019
18.6276,-0,0,-0,0.400791,0.0306796,0.0599017,-0.0076699,0.430019
18.6756,-0,0,-0,0.400791,0.0306796,0.0599017,-0,0.420469
18.7236,-0,0,-0,0.400791,0.0306796,0.0599017,-0,0.402528
18.7716,-0,0,-0,0.400791,0.0306796,0.0599017,-0,0.400213
18.8196,-0,0,-0,0.399923,0.0306796,0.0599017,-0,0.39211
18.8676,-0,0,-0,0.399634,0.0306796,0.0599017,-0,0.382271
18.9156,-0,0,-0,0.395872,0.0306796,0.0599017,-0.00153398,0.379956
18.9636,-0,0,-0,0.386322,0.0306796,0.0599017,-0,0.379956
19.0116,-0,0,-0,0.379667,0.0306796,0.0599017,-0,0.372143
19.0596,-0,0,-0,0.379088,0.0306796,0.0599017,-0,0.371564
19.1076,-0,0,-0,0.3733,0.0306796,0.0520884,-0,0.362014
19.1556,-0,0,-0,0.370696,0.0306796,0.0500627,-0,0.359989
19.2036,-0,0,-0,0.363751,0.0306796,0.0500627,-0,0.359989
19.2516,-0,0,-0,0.359699,0.0306796,0.0500627,-0,0.359989
19.2996,-0,0,-0,0.35941,0.0306796,0.0500627,-0,0.359989
19.3475,-0,0,-0,0.35941,0.0306796,0.0500627,-0,0.359989
19.3956,-0,0,-0,0.35941,0.0306796,0.0500627,-0,0.350439
19.4436,-0,0,-0,0.35941,0.0306796,0.0500627,-0,0.332498
19.4916,-0,0,-0,0.352465,0.0306796,0.0500627,-0,0.320633
19.5396,-0,0,-0,0.336838,0.0306796,0.0500627,-0,0.320054
19.5876,-0,0,-0,0.323527,0.0306796,0.0500627,-0,0.320054
19.6355,-0,0,-0,0.320054,0.0306796,0.0500627,-0,0.310505
19.6836,-0,0,-0,0.319765,0.0306796,0.0500627,-0,0.309926
19.7315,-0,0,-0,0.313109,0.0306796,0.0500627,-0,0.302113
19.7796,-0,0,-0,0.310215,0.0306796,0.0500627,0.0076699,0.300087
19.8275,-0,0,-0,0.304138,0.0306796,0.0500627,-0.0076699,0.300087
19.8756,-0,0,-0,0.301245,0.0306796,0.0500627,-0,0.300087
19.9235,-0,0,-0,0.299798,0.0306796,0.0500627,-0,0.300087
19.9715,-0,0,-0,0.299798,0.0306796,0.0500627,-0,0.291984
20.0195,-0,0,-0,0.299798,0.0306796,0.0500627,-0,0.298061
20.0676,-0,0,-0,0.294589,0.0306796,0.0500627,-0,0.299508
20.1156,-0,0,-0,0.296325,0.0306796,0.0500627,-0,0.300087
20.1636,-0,0,-0,0.29864,0.0306796,0.057876,-0,0.290538
20.2115,-0,0,-0,0.299798,0.0306796,0.051799,-0,0.289959
20.2595,-0,0,-0,0.293142,0.0306796,0.0500627,-0,0.289959
20.3075,-0,0,-0,0.290538,0.0306796,0.0500627,-0,0.289959
20.3555,-0,0,-0,0.289959,0.0306796,0.0500627,-0,0.289959
20.4035,-0,0,-0,0.289959,0.0306796,0.057876,-0,0.299508
20.4515,-0,0,-0,0.289959,0.0306796,0.051799,-0,0.300087
20.4995,-0,0,-0,0.296614,0.0306796,0.0500627,-0,0.3079
20.5475,-0,0,-0,0.299798,0.0306796,0.0500627,-0.0076699,0.317739
20.5955,-0,0,-0,0.305585,0.0306796,0.0500627,-0,0.329604
20.6435,-0,0,-0,0.314845,0.0306796,0.0500627,-0,0.339443
20.6915,-0,0,-0,0.326131,0.0306796,0.0500627,-0,0.348124
20.7396,-0,0,-0,0.33626,0.0306796,0.0500627,-0,0.34986
20.7875,-0,0,-0,0.344073,0.0306796,0.0500627,-0,0.34986
20.8354,-0,0,-0,0.345809,0.0306796,0.057876,-0,0.34986
20.8834,-0,0,-0,0.345809,0.0306796,0.0599017,-0,0.34986
20.9315,-0,0,-0,0.345809,0.0306796,0.0599017,-0,0.34986
20.9795,-0,0,-0,0.345809,0.0306796,0.0599017,-0,0.34986
21.0275,-0,0,-0,0.345809,0.0306796,0.0520884,-0,0.34986
21.0755,-0,0,-0,0.345809,0.0306796,0.0596123,-0,0.34986
21.1234,-0,0,-0,0.345809,0.0306796,0.0599017,-0,0.34986
21.1715,-0,0,-0,0.345809,0.0306796,0.0599017,-0,0.357963
21.2195,-0,0,-0,0.345809,0.0306796,0.0584548,-0,0.359989
21.2674,-0,0,-0,0.350729,0.0306796,0.0584548,-0,0.368091
21.3155,-0,0,-0,0.352465,0.0306796,0.0599017,-0,0.37793
21.3634,-0,0,-0,0.357384,0.0306796,0.0503521,-0,0.37822
21.4115,-0,0,-0,0.36404,0.0306796,0.0596123,-0,0.381403
21.4595,-0,0,-0,0.364908,0.0306796,0.0503521,-0,0.388059
21.5074,-0,0,-0,0.366355,0.0306796,0.0581654,-0,0.389505
21.5555,-0,0,-0,0.370696,0.0306796,0.051799,-0,0.397898
21.6034,-0,0,-0,0.371564,0.0306796,0.051799,-0,0.399923
21.6515,-0,0,-0,0.376483,0.0306796,0.0596123,-0,0.399923
21.6995,-0,0,-0,0.37822,0.0306796,0.0520884,-0,0.399923
21.7474,-0,0,-0,0.37822,0.0306796,0.0584548,-0,0.408026
21.7954,-0,0,-0,0.37822,0.0306796,0.0599017,-0,0.410051
21.8434,-0,0,-0,0.381982,0.0306796,0.0599017,-0,0.417865
21.8915,-0,0,-0,0.383718,0.0306796,0.0599017,-0,0.427993
21.9395,-0,0,-0,0.387769,0.0306796,0.0599017,-0,0.429729
21.9874,-0,0,-0,0.393267,0.0306796,0.0599017,-0,0.438121
22.0354,-0,0,-0,0.395004,0.0306796,0.0599017,-0,0.439858
22.0834,-0,0,-0,0.398476,0.0306796,0.0520884,-0,0.44796
22.1315,-0,0,-0,0.400502,0.0306796,0.0596123,-0,0.449986
22.1794,-0,0,-0,0.402817,0.0306796,0.0599017,-0,0.449986
22.2275,-0,0,-0,0.403974,0.0306796,0.0599017,-0,0.458089
22.2754,-0,0,-0,0.404264,0.0306796,0.0599017,-0,0.450275
22.3234,-0,0,-0,0.407447,0.0306796,0.0520884,-0,0.458089
22.3714,-0,0,-0,0.408026,0.0306796,0.0500627,-0,0.450275
22.4194,-0,0,-0,0.408894,0.0306796,0.0500627,-0,0.449986
22.4674,-0,0,-0,0.408894,0.0306796,0.0500627,-0,0.449986
22.5154,-0,0,-0,0.408894,0.0306796,0.0500627,-0,0.449986
22.5633,-0,0,-0,0.408894,0.0306796,0.0500627,-0,0.449986
22.6113,-0,0,-0,0.408894,0.0306796,0.0500627,-0,0.449986
22.6593,-0,0,-0,0.408894,0.0306796,0.0500627,-0,0.449986
22.7073,-0,0,-0,0.408894,0.0306796,0.0500627,-0,0.440436
22.7553,-0,0,-0,0.408894,0.0306796,0.0500627,-0,0.440147
22.8034,-0,0,-0,0.408894,0.0306796,0.0500627,-0,0.440147
22.8514,-0,0,-0,0.408894,0.0306796,0.0500627,-0.00920388,0.432044
22.8994,-0,0,-0,0.408894,0.0306796,0.0500627,-0,0.439568
22.9474,-0,0,-0,0.408894,0.0306796,0.0500627,-0,0.439858
22.9954,-0,0,-0,0.408894,0.0306796,0.0500627,-0,0.439858
23.0433,-0,0,-0,0.408894,0.0306796,0.0500627,-0.00153398,0.430308
23.0913,-0,0,-0,0.408894,0.0306796,0.0500627,-0,0.430019
23.1393,-0,0,-0,0.408894,0.0306796,0.0500627,-0,0.421916
23.1873,-0,0,-0,0.408894,0.0306796,0.0500627,-0,0.42018
23.2353,-0,0,-0,0.408894,0.0306796,0.0500627,-0,0.412077
23.2833,-0,0,-0,0.408605,0.0306796,0.0500627,-0,0.400502
23.3313,-0,0,-0,0.408026,0.0306796,0.057876,-0,0.39211
23.3793,-0,0,-0,0.404843,0.0306796,0.0599017,-0,0.381982
23.4274,-0,0,-0,0.39674,0.0306796,0.0599017,-0,0.379956
23.4754,-0,0,-0,0.386033,0.0306796,0.0599017,-0,0.379956
23.5234,-0,0,-0,0.379377,0.0306796,0.0599017,-0,0.379956
23.5714,-0,0,-0,0.379088,0.0306796,0.0599017,-0,0.379956
23.6195,-0,0,-0,0.379088,0.0306796,0.0599017,-0,0.379956
23.6674,-0,0,-0,0.379088,0.0306796,0.0599017,-0,0.372143
23.7153,-0,0,-0,0.379088,0.0306796,0.0599017,-0,0.362014
23.7633,-0,0,-0,0.3733,0.0306796,0.0599017,-0,0.359989
23.8113,-0,0,-0,0.363751,0.0306796,0.0599017,-0,0.351886
23.8593,-0,0,-0,0.359699,0.0306796,0.0599017,-0,0.350439
23.9073,-0,0,-0,0.353333,0.0306796,0.0599017,-0,0.35015
23.9554,-0,0,-0,0.350439,0.0306796,0.0584548,0.00153398,0.324395
24.0033,-0,0,-0,0.34986,0.0306796,0.0599017,-0,0.320054
24.0513,-0,0,-0,0.330472,0.0306796,0.0599017,-0,0.320054
24.0993,-0,0,-0,0.321212,0.0306796,0.0599017,-0,0.320054
24.1473,-0,0,-0,0.319765,0.0306796,0.0599017,-0,0.320054
24.1953,-0,0,-0,0.319765,0.0306796,0.0599017,-0,0.310505
24.2434,-0,0,-0,0.319765,0.0306796,0.0599017,-0,0.310215
24.2913,-0,0,-0,0.313109,0.0306796,0.0599017,-0,0.311662
24.3393,-0,0,-0,0.310215,0.0306796,0.0599017,-0,0.309926
24.3873,-0,0,-0,0.311373,0.0306796,0.0599017,-0,0.309926
24.4352,-0,0,-0,0.310215,0.0306796,0.0599017,-0,0.300376
24.4832,-0,0,-0,0.309637,0.0306796,0.0503521,-0,0.282435
24.5312,-0,0,-0,0.302981,0.0306796,0.0500627,-0,0.254365
24.5793,-0,0,-0,0.287354,0.0306796,0.0500627,-0,0.250892
24.6273,-0,0,-0,0.26131,0.0306796,0.0500627,-0,0.250024
24.6752,-0,0,-0,0.25205,0.0306796,0.0500627,-0,0.250024
24.7232,-0,0,-0,0.250603,0.0306796,0.0500627,-0,0.250024
24.7713,-0,0,-0,0.249735,0.0306796,0.0500627,-0,0.250024
24.8193,-0,0,-0,0.249735,0.0306796,0.0500627,-0,0.250024
24.8672,-0,0,-0,0.249735,0.0306796,0.0500627,-0,0.250024
24.9153,-0,0,-0,0.249735,0.0306796,0.0500627,-0,0.224269
24.9632,-0,0,-0,0.249735,0.0306796,0.0500627,-0,0.220218
25.0113,-0,0,-0,0.230925,0.0306796,0.0500627,-0,0.219929
25.0592,-0,0,-0,0.221665,0.0306796,0.0500627,-0,0.236134
25.1073,-0,0,-0,0.219639,0.0306796,0.0500627,-0,0.276647
25.1553,-0,0,-0,0.232083,0.0306796,0.0500627,-0,0.295746
25.2032,-0,0,-0,0.266519,0.0306796,0.0500627,-0,0.325552
25.2512,-0,0,-0,0.291406,0.0306796,0.0500627,-0.00153398,0.345809
25.2992,-0,0,-0,0.317739,0.0306796,0.0500627,-0,0.368959
25.3472,-0,0,-0,0.340311,0.0306796,0.0500627,-0,0.386033
25.3953,-0,0,-0,0.358252,0.0306796,0.0500627,-0,0.397898
25.4433,-0,0,-0,0.369538,0.0306796,0.0500627,-0,0.415839
25.4912,-0,0,-0,0.376483,0.0306796,0.0500627,-0,0.438989
25.5392,-0,0,-0,0.386612,0.0306796,0.0500627,-0,0.439858
25.5873,-0,0,-0,0.398766,0.0306796,0.0500627,-0,0.439858
25.6352,-0,0,-0,0.401081,0.0306796,0.0500627,-0,0.44796
25.6832,-0,0,-0,0.401081,0.0306796,0.0500627,-0,0.459825
25.7312,-0,0,-0,0.403106,0.0306796,0.0500627,-0,0.460114
25.7792,-0,0,-0,0.409183,0.0306796,0.0500627,-0,0.460114
25.8272,-0,0,-0,0.410051,0.0306796,0.0500627,-0,0.460114
25.8752,-0,0,-0,0.410051,0.0306796,0.0500627,-0,0.460114
25.9232,-0,0,-0,0.410051,0.0306796,0.0500627,-0,0.460114
25.9712,-0,0,-0,0.410051,0.0306796,0.0500627,-0,0.450275
26.0192,-0,0,-0,0.410051,0.0306796,0.0500627,-0,0.458089
26.0672,-0,0,-0,0.410051,0.0306796,0.0500627,-0,0.459825
26.1152,-0,0,-0,0.410051,0.0306796,0.0500627,-0,0.460114
26.1632,-0,0,-0,0.410051,0.0306796,0.0500627,-0,0.452012
26.2112,-0,0,-0,0.410051,0.0306796,0.0500627,-0,0.450275
26.2592,-0,0,-0,0.410051,0.0306796,0.0500627,-0,0.458089
26.3072,-0,0,-0,0.410341,0.0306796,0.0500627,-0,0.451722
26.3552,-0,0,-0,0.410051,0.0306796,0.0500627,-0,0.458089
26.4033,-0,0,-0,0.410051,0.0306796,0.0500627,-0.00153398,0.452012
26.4512,-0,0,-0,0.410051,0.0306796,0.0500627,-0,0.442173
26.4992,-0,0,-0,0.410051,0.0306796,0.0500627,-0,0.440147
26.5472,-0,0,-0,0.410051,0.0306796,0.0500627,-0,0.440147
26.5952,-0,0,-0,0.410341,0.0306796,0.0500627,-0,0.440147
26.6432,-0,0,-0,0.410051,0.0306796,0.0500627,-0,0.432044
26.6911,-0,0,-0,0.410341,0.0306796,0.0500627,-0,0.414392
26.7391,-0,0,-0,0.410051,0.0306796,0.0500627,-0,0.402238
26.7871,-0,0,-0,0.409473,0.0306796,0.0500627,-0,0.400213
26.8351,-0,0,-0,0.406,0.0306796,0.0500627,-0.00920388,0.39211
26.8831,-0,0,-0,0.402528,0.0306796,0.0500627,-0.00153398,0.374458
26.9311,-0,0,-0,0.395582,0.0306796,0.0500627,-0,0.344652
26.9791,-0,0,-0,0.379956,0.0306796,0.0500627,-0,0.322659
27.0271,-0,0,-0,0.351597,0.0306796,0.0500627,-0,0.31253
27.0751,-0,0,-0,0.327578,0.0306796,0.0500627,-0,0.284461
27.1231,-0,0,-0,0.314556,0.0306796,0.0500627,-0,0.262468
27.1711,-0,0,-0,0.291406,0.0306796,0.0500627,-0,0.234398
27.2191,-0,0,-0,0.267966,0.0306796,0.0500627,-0,0.222823
27.2671,-0,0,-0,0.241632,0.0306796,0.0500627,-0,0.212116
27.3151,-0,0,-0,0.225716,0.0306796,0.0500627,-0,0.21009
27.3631,-0,0,-0,0.215009,0.0306796,0.0500627,-0,0.21009
27.4111,-0,0,-0,0.211247,0.0306796,0.0500627,-0,0.21009
27.4591,-0,0,-0,0.2098,0.0306796,0.0500627,0.00153398,0.21009
27.5071,-0,0,-0,0.2098,0.0306796,0.0500627,-0,0.21009
27.5551,-0,0,-0,0.2098,0.0306796,0.0500627,-0,0.21009
27.6031,-0,0,-0,0.2098,0.0306796,0.0500627,0.00153398,0.21009
27.6511,-0,0,-0,0.2098,0.0306796,0.0500627,-0,0.21009
27.6991,-0,0,-0,0.2098,0.0306796,0.0500627,-0,0.21009
27.7471,-0,0,-0,0.2098,0.0306796,0.0500627,-0,0.21009
27.7951,-0,0,-0,0.2098,0.0306796,0.0500627,-0,0.21009
27.8431,-0,0,-0,0.2098,0.0306796,0.0500627,-0,0.21009
27.8911,-0,0,-0,0.21009,0.0306796,0.0500627,-0,0.21009
27.9391,-0,0,-0,0.21009,0.0306796,0.0500627,-0,0.21009
27.9871,-0,0,-0,0.2098,0.0306796,0.0500627,-0,0.217903
28.0351,-0,0,-0,0.2098,0.0306796,0.0500627,-0,0.219929
28.083,-0,0,-0,0.215299,0.0306796,0.0500627,-0,0.236134
28.1311,-0,0,-0,0.219061,0.0306796,0.0500627,-0,0.257548
28.1791,-0,0,-0,0.232372,0.0306796,0.0500627,-0,0.27549
28.2271,-0,0,-0,0.25205,0.0306796,0.0500627,-0,0.305296
28.2751,-0,0,-0,0.271149,0.0306796,0.0500627,-0,0.344941
28.3231,-0,0,-0,0.297483,0.0306796,0.0500627,-0,0.367513
28.3712,-0,0,-0,0.334234,0.0306796,0.0500627,-0,0.38748
28.419,-0,0,-0,0.357963,0.0306796,0.0500627,-0.00153398,0.397898
28.467,-0,0,-0,0.370406,0.0306796,0.0500627,-0,0.408026
28.515,-0,0,-0,0.376483,0.0306796,0.057876,-0,0.419601
28.563,-0,0,-0,0.382271,0.0306796,0.0503521,-0,0.427993
28.611,-0,0,-0,0.388059,0.0306796,0.0500627,-0,0.437832
28.659,-0,0,-0,0.392978,0.0306796,0.0500627,-0,0.439568
28.707,-0,0,-0,0.398187,0.0306796,0.0500627,-0.00306796,0.449697
28.755,-0,0,-0,0.400502,0.0306796,0.0500627,-0,0.458089
28.803,-0,0,-0,0.403685,0.0306796,0.0500627,-0,0.450275
28.851,-0,0,-0,0.408026,0.0306796,0.0500627,-0,0.459535
28.899,-0,0,-0,0.408315,0.0306796,0.0500627,-0,0.460114
28.947,-0,0,-0,0.409183,0.0306796,0.0500627,-0,0.460114
28.995,-0,0,-0,0.409473,0.0306796,0.0500627,-0,0.460114
29.043,-0,0,-0,0.409473,0.0306796,0.0500627,-0,0.460114
29.091,-0,0,-0,0.409473,0.0306796,0.0500627,-0.00153398,0.460114
29.139,-0,0,-0,0.409473,0.0306796,0.0500627,-0,0.460114
29.187,-0,0,-0,0.409473,0.0306796,0.0500627,-0,0.460114
29.235,-0,0,-0,0.409473,0.0306796,0.0500627,-0,0.460114
29.283,-0,0,-0,0.409473,0.0306796,0.0500627,-0,0.460114
29.331,-0,0,-0,0.409473,0.0306796,0.0500627,-0,0.460114
29.379,-0,0,-0,0.409473,0.0306796,0.0500627,-0,0.452012
29.427,-0,0,-0,0.409473,0.0306796,0.0500627,-0,0.450275
29.4749,-0,0,-0,0.409473,0.0306796,0.0500627,-0,0.449986
29.523,-0,0,-0,0.409473,0.0306796,0.0500627,-0,0.449986
29.5709,-0,0,-0,0.409473,0.0306796,0.0500627,-0.0076699,0.449986
29.619,-0,0,-0,0.409473,0.0306796,0.0500627,-0.00920388,0.449986
29.667,-0,0,-0,0.409473,0.0306796,0.0500627,-0.00153398,0.43407
29.715,-0,0,-0,0.409473,0.0306796,0.0500627,-0.00920388,0.412656
29.763,-0,0,-0,0.409473,0.0306796,0.0500627,-0.0076699,0.419601
29.811,-0,0,-0,0.408605,0.0306796,0.0500627,-0.00153398,0.41989
29.859,-0,0,-0,0.408605,0.0306796,0.0500627,-0.00153398,0.41989
29.907,-0,0,-0,0.408605,0.0306796,0.0500627,-0.0153398,0.402528
29.9549,-0,0,-0,0.408605,0.0306796,0.0500627,-0,0.39211
30.0029,-0,0,-0,0.40629,0.0306796,0.0500627,-0.0076699,0.390374
30.0509,-0,0,-0,0.397608,0.0306796,0.0500627,-0,0.305296
30.099,-0,0,-0,0.391821,0.0306796,0.0500627,-0,0.228321
30.147,-0,0,-0,0.332787,0.0306796,0.0500627,-0,0.205749
30.195,-0,0,-0,0.25205,0.0306796,0.0500627,-0,0.181152
30.2429,-0,0,-0,0.2098,0.0306796,0.0500627,-0,0.162342
30.291,-0,0,-0,0.187229,0.0306796,0.0500627,-0,0.160027
30.3389,-0,0,-0,0.167262,0.0306796,0.0500627,-0,0.160027
30.3869,-0,0,-0,0.160895,0.0306796,0.0500627,-0,0.160027
30.4349,-0,0,-0,0.159738,0.0306796,0.0500627,-0,0.160027
30.483,-0,0,-0,0.159738,0.0306796,0.0500627,-0,0.160027
30.5309,-0,0,-0,0.159738,0.0306796,0.0500627,-0,0.151925
30.579,-0,0,-0,0.160027,0.0306796,0.0500627,-0,0.151635
30.627,-0,0,-0,0.15424,0.0306796,0.0500627,-0,0.150188
30.6749,-0,0,-0,0.152214,0.0306796,0.0500627,-0,0.149899
30.7229,-0,0,-0,0.150478,0.0306796,0.0500627,-0,0.149899
30.7709,-0,0,-0,0.149609,0.0306796,0.0500627,-0,0.149899
30.8189,-0,0,-0,0.149609,0.0306796,0.0500627,-0,0.149899
30.8669,-0,0,-0,0.149609,0.0306796,0.0500627,-0,0.149899
30.9149,-0,0,-0,0.149609,0.0306796,0.0500627,-0,0.149899
30.9629,-0,0,-0,0.149609,0.0306796,0.0500627,-0,0.149899
31.0109,-0,0,-0,0.149609,0.0306796,0.0500627,-0,0.149899
31.059,-0,0,-0,0.149609,0.0306796,0.0500627,-0,0.159738
31.107,-0,0,-0,0.149899,0.0306796,0.0500627,-0,0.160027
31.1549,-0,0,-0,0.157133,0.0306796,0.0500627,-0,0.175943
31.2029,-0,0,-0,0.160027,0.0306796,0.0500627,-0,0.179705
31.2509,-0,0,-0,0.171602,0.0306796,0.0500627,-0,0.189544
31.2988,-0,0,-0,0.178547,0.0306796,0.0500627,-0,0.189833
31.3469,-0,0,-0,0.186939,0.0306796,0.0500627,-0.00920388,0.209222
31.3949,-0,0,-0,0.190123,0.0306796,0.0500627,-0,0.243658
31.4428,-0,0,-0,0.204302,0.0306796,0.0500627,-0.0107379,0.259284
31.4908,-0,0,-0,0.235266,0.0306796,0.0500627,-0,0.259863
31.5389,-0,0,-0,0.255523,0.0306796,0.0500627,-0.00920388,0.259863
31.5869,-0,0,-0,0.259863,0.0306796,0.0500627,-0.00153398,0.259863
31.6349,-0,0,-0,0.259574,0.0306796,0.0500627,-0,0.267966
31.6829,-0,0,-0,0.259574,0.0306796,0.0500627,-0.0076699,0.269992
31.7309,-0,0,-0,0.265651,0.0306796,0.0500627,-0.00920388,0.269992
31.7789,-0,0,-0,0.268545,0.0306796,0.0500627,-0,0.269992
31.8269,-0,0,-0,0.269702,0.0306796,0.0500627,-0.0076699,0.271728
31.8749,-0,0,-0,0.269702,0.0306796,0.0500627,-0.0076699,0.271728
31.9228,-0,0,-0,0.271149,0.0306796,0.0500627,-0.00920388,0.279541
31.9709,-0,0,-0,0.271438,0.0306796,0.0500627,-0.00153398,0.289669
32.0188,-0,0,-0,0.277226,0.0306796,0.0500627,-0.0076699,0.289959
32.0669,-0,0,-0,0.286776,0.0306796,0.0500627,-0.00920388,0.289959
32.1149,-0,0,-0,0.289669,0.0306796,0.0500627,-0.0076699,0.289959
32.1629,-0,0,-0,0.289959,0.0306796,0.0500627,-0.00153398,0.289959
32.2108,-0,0,-0,0.289959,0.0306796,0.0500627,-0.00920388,0.289959
32.2589,-0,0,-0,0.289959,0.0306796,0.0500627,-0.00153398,0.289959
32.3068,-0,0,-0,0.289959,0.0306796,0.0500627,-0.00920388,0.289959
32.3549,-0,0,-0,0.289959,0.0306796,0.0500627,-0.0107379,0.289959
32.4028,-0,0,-0,0.289959,0.0306796,0.0500627,-0.0107379,0.289959
32.4508,-0,0,-0,0.289959,0.0306796,0.0500627,-0.0107379,0.289959
32.4988,-0,0,-0,0.289959,0.0306796,0.0500627,-0.0107379,0.289959
32.5468,-0,0,-0,0.289959,0.0306796,0.0500627,-0.0107379,0.289959
32.5948,-0,0,-0,0.289959,0.0306796,0.0500627,-0.0107379,0.289959
32.6428,-0,0,-0,0.289959,0.0306796,0.0500627,-0.0107379,0.289959
32.6908,-0,0,-0,0.289959,0.0306796,0.0500627,-0.0107379,0.289959
32.7388,-0,0,-0,0.289959,0.0306796,0.0500627,-0.0107379,0.289959
32.7868,-0,0,-0,0.289959,0.0306796,0.0500627,-0.0107379,0.289959
32.8348,-0,0,-0,0.289959,0.0306796,0.0500627,-0.0107379,0.289959
32.8828,-0,0,-0,0.289959,0.0306796,0.0500627,-0.0107379,0.289959
32.9308,-0,0,-0,0.289959,0.0306796,0.0500627,-0.0107379,0.289959
32.9788,-0,0,-0,0.289959,0.0306796,0.0500627,-0.0107379,0.289959
33.0268,-0,0,-0,0.289959,0.0306796,0.0500627,-0.0107379,0.289959
33.0748,-0,0,-0,0.289959,0.0306796,0.0500627,-0.0107379,0.289959
33.1228,-0,0,-0,0.289959,0.0306796,0.0500627,-0.0107379,0.289959
33.1708,-0,0,-0,0.289959,0.0306796,0.0500627,-0.0107379,0.289959
33.2188,-0,0,-0,0.289959,0.0306796,0.0500627,-0.0107379,0.289959
33.2668,-0,0,-0,0.289959,0.0306796,0.0500627,-0.0107379,0.289959
33.3148,-0,0,-0,0.289959,0.0306796,0.0500627,-0.0107379,0.289959
33.3628,-0,0,-0,0.289959,0.0306796,0.0500627,-0.0076699,0.289959
33.4108,-0,0,-0,0.289959,0.0306796,0.0500627,-0.00920388,0.298061
33.4587,-0,0,-0,0.289959,0.0306796,0.0500627,-0.0107379,0.307611
33.5067,-0,0,-0,0.295168,0.0306796,0.0500627,-0.0107379,0.309926
33.5547,-0,0,-0,0.304138,0.0306796,0.0500627,-0.0107379,0.327578
33.6027,-0,0,-0,0.30819,0.0306796,0.0500627,-0.0107379,0.347545
33.6507,-0,0,-0,0.32208,0.0306796,0.0500627,-0.0107379,0.357963
33.6987,-0,0,-0,0.341468,0.0306796,0.0500627,-0.0107379,0.367802
33.7467,-0,0,-0,0.351018,0.0306796,0.0500627,-0.0107379,0.379377
33.7948,-0,0,-0,0.357095,0.0306796,0.0500627,-0.00153398,0.397608
33.8428,-0,0,-0,0.364908,0.0306796,0.0500627,-0.00920388,0.399923
33.8908,-0,0,-0,0.376194,0.0306796,0.0500627,-0.0107379,0.417575
33.9387,-0,0,-0,0.37822,0.0306796,0.0500627,-0.0107379,0.437543
33.9868,-0,0,-0,0.38748,0.0306796,0.0500627,-0.0107379,0.439858
34.0347,-0,0,-0,0.397898,0.0306796,0.0500627,-0.0107379,0.449697
34.0827,-0,0,-0,0.400791,0.0306796,0.0500627,-0.0107379,0.451722
34.1307,-0,0,-0,0.403974,0.0306796,0.0500627,-0.0107379,0.458089
34.1787,-0,0,-0,0.405132,0.0306796,0.0500627,-0.0107379,0.459535
34.2268,-0,0,-0,0.408315,0.0306796,0.0500627,-0.0107379,0.460114
34.2748,-0,0,-0,0.409473,0.0306796,0.0500627,-0.0107379,0.460114
34.3228,-0,0,-0,0.409473,0.0306796,0.0500627,-0.0107379,0.460114
34.3707,-0,0,-0,0.409473,0.0306796,0.0500627,-0.0107379,0.467927
34.4188,-0,0,-0,0.409762,0.0306796,0.0500627,-0.0107379,0.469953
34.4667,-0,0,-0,0.411498,0.0306796,0.0500627,-0.0107379,0.469953
34.5147,-0,0,-0,0.413813,0.0306796,0.0500627,-0.0107379,0.469953
34.5627,-0,0,-0,0.414392,0.0306796,0.0500627,-0.0107379,0.469953
34.6107,-0,0,-0,0.414682,0.0306796,0.0500627,-0.0107379,0.478056
34.6587,-0,0,-0,0.414971,0.0306796,0.0500627,-0.0107379,0.479792
34.7067,-0,0,-0,0.416997,0.0306796,0.0500627,-0.0107379,0.480081
34.7547,-0,0,-0,0.417865,0.0306796,0.0500627,-0.0107379,0.478345
34.8027,-0,0,-0,0.419022,0.0306796,0.0500627,-0.0107379,0.470243
34.8507,-0,0,-0,0.419022,0.0306796,0.0500627,-0.0107379,0.469953
34.8987,-0,0,-0,0.419022,0.0306796,0.0500627,-0.0107379,0.469953
34.9467,-0,0,-0,0.419022,0.0306796,0.0500627,-0.00153398,0.469953
34.9947,-0,0,-0,0.419022,0.0306796,0.0500627,-0.00920388,0.469953
35.0427,-0,0,-0,0.419022,0.0306796,0.0500627,-0.0107379,0.46214
35.0907,-0,0,-0,0.419022,0.0306796,0.0500627,-0.0076699,0.416997
35.1387,-0,0,-0,0.419022,0.0306796,0.0500627,-0.00920388,0.355359
35.1867,-0,0,-0,0.416707,0.0306796,0.0500627,-0.0107379,0.302113
35.2347,-0,0,-0,0.377062,0.0306796,0.0500627,-0.0107379,0.264783
35.2828,-0,0,-0,0.314845,0.0306796,0.0500627,-0.0107379,0.252918
35.3307,-0,0,-0,0.273175,0.0306796,0.0500627,-0.0107379,0.240475
35.3787,-0,0,-0,0.255233,0.0306796,0.0500627,-0.0107379,0.230346
35.4267,-0,0,-0,0.243947,0.0306796,0.0500627,-0.0107379,0.221954
35.4747,-0,0,-0,0.23324,0.0306796,0.0500627,-0.00153398,0.193016
35.5227,-0,0,-0,0.224559,0.0306796,0.0500627,-0,0.180573
35.5707,-0,0,-0,0.20083,0.0306796,0.0500627,-0,0.170445
35.6187,-0,0,-0,0.183467,0.0306796,0.0500627,-0,0.170155
35.6667,-0,0,-0,0.173339,0.0306796,0.0500627,-0,0.169866
35.7146,-0,0,-0,0.170445,0.0306796,0.0500627,-0,0.169866
35.7626,-0,0,-0,0.169577,0.0306796,0.0500627,-0,0.169866
35.8106,-0,0,-0,0.169577,0.0306796,0.0500627,-0,0.169866
35.8586,-0,0,-0,0.169577,0.0306796,0.0500627,-0,0.169866
35.9066,-0,0,-0,0.169577,0.0306796,0.0500627,-0,0.169866
35.9546,-0,0,-0,0.169577,0.0306796,0.0500627,-0,0.169866
36.0026,-0,0,-0,0.169577,0.0306796,0.0500627,-0,0.169866
36.0506,-0,0,-0,0.169577,0.0306796,0.0500627,-0,0.169866
36.0986,-0,0,-0,0.169577,0.0306796,0.0500627,-0.0153398,0.169866
36.1466,-0,0,-0,0.169577,0.0306796,0.0500627,-0,0.169866
36.1946,-0,0,-0,0.169577,0.0306796,0.0500627,-0,0.169866
36.2426,-0,0,-0,0.169577,0.0306796,0.0500627,-0,0.177969
36.2906,-0,0,-0,0.169577,0.0306796,0.0405132,-0,0.189544
36.3387,-0,0,-0,0.175654,0.0306796,0.0399344,-0.00153398,0.197936
36.3867,-0,0,-0,0.18665,0.0306796,0.0399344,-0.0076699,0.208064
36.4346,-0,0,-0,0.1962,0.0306796,0.0399344,-0,0.217903
36.4826,-0,0,-0,0.20517,0.0306796,0.0399344,-0,0.229478
36.5306,-0,0,-0,0.215009,0.0306796,0.0399344,-0,0.231504
36.5786,-0,0,-0,0.226585,0.0306796,0.0399344,-0,0.239607
36.6266,-0,0,-0,0.230636,0.0306796,0.0399344,-0,0.247999
36.6746,-0,0,-0,0.237581,0.0306796,0.0480371,-0,0.267387
36.7226,-0,0,-0,0.245394,0.0306796,0.049484,-0,0.277515
36.7706,-0,0,-0,0.262178,0.0306796,0.0500627,-0.00153398,0.305585
36.8186,-0,0,-0,0.274911,0.0306796,0.057876,-0,0.335391
36.8666,-0,0,-0,0.298351,0.0306796,0.0596123,-0,0.346967
36.9146,-0,0,-0,0.327578,0.0306796,0.0599017,-0,0.368959
36.9626,-0,0,-0,0.343205,0.0306796,0.0599017,-0,0.379956
37.0106,-0,0,-0,0.358252,0.0306796,0.0599017,-0,0.389505
37.0586,-0,0,-0,0.365776,0.0306796,0.0599017,-0,0.389795
37.1065,-0,0,-0,0.371564,0.0306796,0.0599017,-0,0.399634
37.1547,-0,0,-0,0.371853,0.0306796,0.0599017,-0,0.417575
37.2026,-0,0,-0,0.377352,0.0306796,0.0599017,-0,0.42944
37.2506,-0,0,-0,0.38719,0.0306796,0.0599017,-0,0.447671
37.2986,-0,0,-0,0.393557,0.0306796,0.0599017,-0,0.451433
37.3466,-0,0,-0,0.403106,0.0306796,0.0599017,-0.0076699,0.459535
37.3946,-0,0,-0,0.404843,0.0306796,0.0599017,-0.00153398,0.467927
37.4425,-0,0,-0,0.408605,0.0306796,0.0599017,-0,0.469953
37.4905,-0,0,-0,0.412077,0.0306796,0.0599017,-0,0.479503
37.5385,-0,0,-0,0.414103,0.0306796,0.0599017,-0.00153398,0.480081
37.5865,-0,0,-0,0.418154,0.0306796,0.0599017,-0,0.487895
37.6345,-0,0,-0,0.419022,0.0306796,0.0599017,-0.0076699,0.48992
37.6826,-0,0,-0,0.421048,0.0306796,0.0599017,-0,0.48992
37.7305,-0,0,-0,0.422784,0.0306796,0.0599017,-0.00920388,0.48992
37.7785,-0,0,-0,0.423363,0.0306796,0.0599017,-0.0107379,0.491657
37.8265,-0,0,-0,0.424231,0.0306796,0.0599017,-0.00153398,0.49021
37.8745,-0,0,-0,0.42452,0.0306796,0.0599017,-0.0076699,0.48992
37.9225,-0,0,-0,0.42452,0.0306796,0.0599017,-0.00920388,0.48992
37.9705,-0,0,-0,0.42481,0.0306796,0.0599017,-0.0107379,0.48992
38.0185,-0,0,-0,0.42481,0.0306796,0.0599017,-0.00153398,0.48992
38.0665,-0,0,-0,0.42481,0.0306796,0.0599017,-0.00920388,0.48992
38.1145,-0,0,-0,0.42481,0.0306796,0.0599017,-0.0107379,0.48992
38.1625,-0,0,-0,0.42481,0.0306796,0.0599017,-0.0107379,0.480371
38.2105,-0,0,-0,0.42481,0.0306796,0.0599017,-0.0107379,0.480081
38.2585,-0,0,-0,0.42481,0.0306796,0.0520884,-0.0107379,0.480081
38.3065,-0,0,-0,0.42481,0.0306796,0.0500627,-0,0.480081
38.3545,-0,0,-0,0.42481,0.0306796,0.0500627,-0.00920388,0.454327
38.4025,-0,0,-0,0.42481,0.0306796,0.0500627,-0,0.406868
38.4505,-0,0,-0,0.42481,0.0306796,0.0500627,-0,0.385454
38.4985,-0,0,-0,0.416128,0.0306796,0.0500627,-0,0.319476
38.5465,-0,0,-0,0.395293,0.0306796,0.0500627,-0.00153398,0.2752
38.5945,-0,0,-0,0.338285,0.0306796,0.0500627,-0.0168738,0.263046
38.6424,-0,0,-0,0.285329,0.0306796,0.0500627,-0,0.250603
38.6904,-0,0,-0,0.265361,0.0383495,0.0500627,-0,0.232372
38.7385,-0,0,-0,0.253786,0.0322136,0.0500627,-0,0.222533
38.7865,-0,0,-0,0.237002,0.0306796,0.0500627,-0,0.212116
38.8344,-0,0,-0,0.225138,0.0306796,0.0500627,-0,0.21009
38.8827,-0,0,-0,0.215009,0.0306796,0.0500627,-0,0.21009
38.9304,-0,0,-0,0.211247,0.0306796,0.0500627,-0,0.21009
38.9785,-0,0,-0,0.2098,0.0306796,0.0500627,-0,0.201987
39.0264,-0,0,-0,0.2098,0.0306796,0.0500627,-0,0.2098
39.0745,-0,0,-0,0.204592,0.0306796,0.0500627,-0,0.2098
39.1224,-0,0,-0,0.208064,0.0306796,0.0500627,-0,0.21009
39.1704,-0,0,-0,0.209511,0.0306796,0.0500627,-0,0.21009
39.2185,-0,0,-0,0.2098,0.0306796,0.0500627,-0,0.21009
39.2664,-0,0,-0,0.2098,0.0306796,0.0500627,-0.00306796,0.21009
39.3145,-0,0,-0,0.2098,0.0306796,0.0500627,-0,0.21009
39.3624,-0,0,-0,0.2098,0.0306796,0.0500627,-0,0.21009
39.4104,-0,0,-0,0.2098,0.0306796,0.0500627,-0,0.21009
39.4585,-0,0,-0,0.2098,0.0306796,0.0500627,-0,0.21009
39.5065,-0,0,-0,0.2098,0.0306796,0.0500627,-0,0.21009
39.5545,-0,0,-0,0.2098,0.0306796,0.0500627,-0,0.21009
39.6024,-0,0,-0,0.2098,0.0306796,0.0500627,-0,0.227742
39.6504,-0,0,-0,0.2098,0.0306796,0.0500627,-0,0.237581
39.6984,-0,0,-0,0.223112,0.0306796,0.0500627,-0,0.257548
39.7464,-0,0,-0,0.234977,0.0306796,0.0500627,-0,0.277515
39.7944,-0,0,-0,0.252339,0.0306796,0.0500627,-0,0.299219
39.8424,-0,0,-0,0.272885,0.0306796,0.0500627,-0.0076699,0.309637
39.8904,-0,0,-0,0.29401,0.0306796,0.0500627,-0,0.319476
39.9384,-0,0,-0,0.306453,0.0306796,0.0500627,-0,0.327868
39.9864,-0,0,-0,0.316003,0.0306796,0.0500627,-0,0.337996
40.0344,-0,0,-0,0.324684,0.0306796,0.0500627,-0,0.340021
40.0824,-0,0,-0,0.334234,0.0306796,0.0500627,-0,0.340021
40.1304,-0,0,-0,0.337996,0.0306796,0.0500627,-0,0.340021
40.1784,-0,0,-0,0.338864,0.0306796,0.0500627,-0,0.340021
40.2264,-0,0,-0,0.339443,0.0306796,0.0500627,-0.0076699,0.349571
40.2744,-0,0,-0,0.339443,0.0306796,0.0500627,-0.00153398,0.34986
40.3223,-0,0,-0,0.344652,0.0306796,0.0500627,-0,0.34986
40.3703,-0,0,-0,0.34552,0.0306796,0.0500627,-0,0.342047
40.4183,-0,0,-0,0.34552,0.0306796,0.0500627,-0,0.340021
40.4664,-0,0,-0,0.343205,0.0306796,0.0500627,-0,0.348124
40.5144,-0,0,-0,0.3406,0.0306796,0.0500627,-0,0.34986
40.5624,-0,0,-0,0.344362,0.0306796,0.0500627,-0,0.34986
40.6104,-0,0,-0,0.34552,0.0306796,0.0500627,-0,0.34986
40.6584,-0,0,-0,0.34552,0.0306796,0.0500627,-0,0.342047
40.7064,-0,0,-0,0.34552,0.0306796,0.0500627,-0,0.340021
40.7543,-0,0,-0,0.343205,0.0306796,0.0500627,-0,0.340021
40.8023,-0,0,-0,0.3406,0.0306796,0.0500627,-0,0.340021
40.8503,-0,0,-0,0.340021,0.0306796,0.0500627,-0,0.340021
40.8983,-0,0,-0,0.340021,0.0306796,0.0500627,-0,0.340021
40.9463,-0,0,-0,0.340021,0.0306796,0.0500627,-0,0.340021
40.9943,-0,0,-0,0.340021,0.0306796,0.0500627,-0.00153398,0.349571
41.0423,-0,0,-0,0.340021,0.0306796,0.0500627,-0.00153398,0.340311
41.0903,-0,0,-0,0.34523,0.0306796,0.0500627,-0.00153398,0.340311
41.1383,-0,0,-0,0.342047,0.0306796,0.0500627,-0.00153398,0.340311
41.1863,-0,0,-0,0.340021,0.0306796,0.0500627,-0.00153398,0.340311
41.2343,-0,0,-0,0.340311,0.0306796,0.0500627,-0.00153398,0.340311
