t,paa0,pfe0,paa1,pfe1,daa0,dfe0,daa1,dfe1
7.29409,-0,0,-0,0,-0,0,-0,0
7.34205,-0,0,-0,0,-0,0.0500627,-0,0
7.39002,-0,0,-0,0,-0,0.0500627,-0,0
7.43802,-0,0,-0,0,-0,0.0500627,-0,0
7.486,-0,0,-0,0,-0,0.0500627,-0,0
7.53401,-0,0,-0,0,-0,0.0500627,-0,0
7.582,-0,0,-0,0,-0,0.0500627,-0,0
7.62999,-0,0,-0,0,-0,0.0596123,-0,0
7.67798,-0,0,-0,0,-0,0.0599017,-0,0
7.72596,-0,0,-0,0,-0,0.0599017,-0,0
7.77397,-0,0,-0,0,-0,0.0599017,-0,0
7.82195,-0,0,-0,0,-0,0.0599017,-0,0
7.87004,-0,0,-0,0,-0,0.0599017,-0,0
7.91799,-0,0,-0,0,-0,0.0599017,-0,0
7.96596,-0,0,-0,0,-0,0.0599017,-0,0
8.01399,-0,0,-0,0,-0,0.0599017,-0,0
8.06199,-0,0,-0,0,-0,0.0599017,-0,0
8.10998,-0,0,-0,0,-0,0.0503521,-0,0
8.15798,-0,0,-0,0,-0,0.0500627,-0,0
8.20595,-0,0,-0,0,-0,0.0500627,-0,0
8.25398,-0,0,-0,0,-0,0.0500627,-0,0
8.30196,-0,0,-0,0,-0,0.0500627,-0,0
8.34999,-0,0,-0,0,-0,0.0500627,-0,0
8.39793,-0,0,-0,0,-0,0.0500627,-0,0
8.44592,-0,0,-0,0,-0,0.0500627,-0,0
8.49399,-0,0,-0,0,-0,0.0500627,-0,0
8.54193,-0,0,-0,0,-0,0.0500627,-0,0
8.58989,-0,0,-0,0,-0,0.0500627,-0,0
8.63791,-0,0,-0,0,-0,0.0500627,-0,0
8.6859,-0,0,-0,0,-0,0.0500627,-0,0
8.73389,-0,0,-0,0,-0,0.0500627,-0,0
8.7819,-0,0,-0,0,-0,0.057876,-0,0
8.82989,-0,0,-0,0,-0,0.0599017,-0,0
8.8779,-0,0,-0,0,-0,0.0599017,-0,0
8.92595,-0,0,-0,0,-0,0.0599017,-0,0
8.97393,-0,0,-0,0,-0,0.0599017,-0,0
9.02192,-0,0,-0,0,-0,0.0599017,-0,0
9.06987,-0,0,-0,0,-0,0.0503521,-0,0
9.11786,-0,0,-0,0,-0,0.0500627,-0,0
9.16587,-0,0,-0,0,-0,0.0500627,-0,0
9.21388,-0,0,-0,0,-0,0.0500627,-0,0
9.26185,-0,0,-0,0,-0,0.0500627,-0,0
9.30986,-0,0,-0,0,-0,0.0500627,-0,0
9.35785,-0,0,-0,0,-0,0.0500627,-0,0
9.40585,-0,0,-0,0,-0,0.057876,-0,0
9.45384,-0,0,-0,0,-0.0076699,0.0503521,-0,0
9.50185,-0,0,-0,0,-0,0.0500627,-0,0
9.54985,-0,0,-0,0,-0,0.0500627,-0,0
9.59784,-0,0,-0,0,-0,0.0500627,-0,0
9.64586,-0,0,-0,0,-0,0.0515096,-0,0
9.6938,-0,0,-0,0,-0,0.0500627,-0,0
9.74179,-0,0,-0,0,-0,0.0500627,-0,0
9.78979,-0,0,-0,0,-0,0.0500627,-0,0
9.83781,-0,0,-0,0,-0,0.0500627,-0,0
9.88579,-0,0,-0,0,-0,0.0500627,-0,0
9.93379,-0,0,-0,0,-0,0.0500627,-0,0
9.98179,-0,0,-0,0,-0,0.0500627,-0,0
10.0298,-0,0,-0,0,-0,0.0500627,-0,0
10.0778,-0,0,-0,0,-0,0.0500627,-0,0
10.1258,-0,0,-0,0,-0,0.0500627,-0,0
10.1738,-0,0,-0,0,-0,0.0500627,-0,0
10.2218,-0,0,-0,0,-0,0.0500627,-0,0
10.2698,-0,0,-0,0,-0,0.0500627,-0,0
10.3178,-0,0,-0,0,-0,0.0500627,-0,0
10.3657,-0,0,-0,0,-0,0.0500627,-0,0
10.4137,-0,0,-0,0,-0,0.0500627,-0,0
10.4618,-0,0,-0,0,-0,0.0500627,-0,0
10.5097,-0,0,-0,0,-0,0.0500627,-0,0
10.5577,-0,0,-0,0,-0,0.0500627,-0,0
10.6057,-0,0,-0,0,-0,0.0500627,-0,0
10.6537,-0,0,-0,0,-0,0.0500627,-0,0
10.7017,-0,0,-0,0,-0,0.0500627,-0,0
10.7497,-0,0,-0,0,-0,0.0500627,-0,0
10.7977,-0,0,-0,0,-0,0.057876,-0,0
10.8458,-0,0,-0,0,-0,0.0503521,-0,0
10.8938,-0,0,-0,0,-0,0.0500627,-0,0
10.9418,-0,0,-0,0,-0,0.0500627,-0,0
10.9898,-0,0,-0,0,-0,0.0500627,-0,0
11.0378,-0,0,-0,0,-0,0.0515096,-0,0
11.0857,-0,0,-0,0,-0,0.0503521,-0,0
11.1338,-0,0,-0,0,-0,0.0515096,-0,0
11.1817,-0,0,-0,0,-0,0.0596123,-0,0
11.2298,-0,0,-0,0,-0,0.0520884,-0,0
11.2777,-0,0,-0,0,-0,0.0596123,-0,0
11.3257,-0,0,-0,0,-0,0.0599017,-0,0
11.3737,-0,0,-0,0,-0,0.0599017,-0,0
11.4217,-0,0,-0,0,-0,0.0599017,-0,0
11.4697,-0,0,-0,0,-0,0.0599017,-0,0
11.5177,-0,0,-0,0,-0,0.0599017,-0,0
11.5657,-0,0,-0,0,-0,0.0599017,-0,0
11.6137,-0,0,-0,0,-0,0.0599017,-0,0
11.6617,-0,0,-0,0,-0,0.0599017,-0,0
11.7097,-0,0,-0,0,-0,0.0599017,-0,0
11.7577,-0,0,-0,0,-0,0.0599017,-0,0
11.8057,-0,0,-0,0,-0,0.0599017,-0,0
11.8537,-0,0,-0,0,-0,0.0599017,-0,0
11.9017,-0,0,-0,0,-0,0.0599017,-0,0
11.9496,-0,0,-0,0,-0,0.0599017,-0,0
11.9977,-0,0,-0,0,-0,0.0599017,-0,0
12.0457,-0,0,-0,0,-0,0.0599017,-0,0
12.0937,-0,0,-0,0,-0,0.0520884,-0,0
12.1416,-0,0,-0,0,-0,0.0596123,-0,0
12.1897,-0,0,-0,0,-0,0.0503521,-0,0
12.2376,-0,0,-0,0,-0,0.0581654,-0,0
12.2856,-0,0,-0,0,-0,0.0599017,-0,0
12.3336,-0,0,-0,0,-0,0.0599017,-0,0
12.3816,-0,0,-0,0,-0,0.0599017,-0,0
12.4296,-0,0,-0,0,-0,0.0599017,-0,0
12.4776,-0,0,-0,0,-0,0.0599017,-0,0
12.5256,-0,0,-0,0,-0,0.0599017,-0,0
12.5736,-0,0,-0,0,-0,0.0599017,-0,0
12.6216,-0,0,-0,0,-0,0.0599017,-0,0
12.6696,-0,0,-0,0,-0,0.0599017,-0,0
12.7176,-0,0,-0,0,-0,0.0599017,-0,0
12.7657,-0,0,-0,0,-0,0.0599017,-0,0
12.8136,-0,0,-0,0,-0,0.0599017,-0,0
12.8616,-0,0,-0,0,-0,0.0599017,-0,0
12.9096,-0,0,-0,0,-0,0.0599017,-0,0
12.9576,-0,0,-0,0,-0,0.0599017,-0,0
13.0057,-0,0,-0,0,-0,0.0599017,-0,0
13.0536,-0,0,-0,0,-0,0.0599017,-0,0
13.1016,-0,0,-0,0,-0,0.0599017,-0,0
13.1496,-0,0,-0,0,-0,0.0599017,-0,0
13.1976,-0,0,-0,0,-0,0.0599017,-0,0
13.2456,-0,0,-0,0,-0,0.0599017,-0,0
13.2936,-0,0,-0,0,-0,0.0599017,-0,0
13.3416,-0,0,-0,0,-0,0.0599017,-0,0
13.3896,-0,0,-0,0,-0,0.0599017,-0,0
13.4376,-0,0,-0,0,-0,0.0599017,-0,0
13.4855,-0,0,-0,0,-0,0.0599017,-0,0
13.5335,-0,0,-0,0,-0,0.0599017,-0,0
13.5815,-0,0,-0,0,-0,0.0599017,-0,0
13.6295,-0,0,-0,0,-0,0.0599017,-0,0
13.6775,-0,0,-0,0,-0,0.0599017,-0,0
13.7255,-0,0,-0,0,-0,0.0599017,-0,0
13.7735,-0,0,-0,0,-0,0.0599017,-0,0
13.8215,-0,0,-0,0,-0,0.0599017,-0,0
13.8695,-0,0,-0,0,-0,0.0599017,-0,0
13.9175,-0,0,-0,0,-0,0.0599017,-0,0
13.9655,-0,0,-0,0,-0,0.0599017,-0,0
14.0135,-0,0,-0,0,-0,0.0599017,-0,0
14.0616,-0,0,-0,0,-0,0.0599017,-0,0
14.1095,-0,0,-0,0,-0,0.0599017,-0,0
14.1575,-0,0,-0,0,-0,0.0599017,-0,0
14.2055,-0,0,-0,0,-0,0.0599017,-0,0
14.2534,-0,0,-0,0,-0,0.0599017,-0,0
14.3015,-0,0,-0,0,-0,0.0599017,-0,0
14.3495,-0,0,-0,0,-0,0.0599017,-0,0
14.3975,-0,0,-0,0,-0,0.0599017,-0,0
14.4454,-0,0,-0,0,-0,0.0599017,-0,0
14.4935,-0,0,-0,0,-0,0.0599017,-0,0
14.5415,-0,0,-0,0,-0,0.0599017,-0,0
14.5894,-0,0,-0,0,-0,0.0599017,-0,0
14.6374,-0,0,-0,0,-0,0.0599017,-0,0
14.6854,-0,0,-0,0,-0,0.0599017,-0,0
14.7335,-0,0,-0,0,-0,0.0599017,-0,0
14.7814,-0,0,-0,0,-0,0.0599017,-0,0
14.8294,-0,0,-0,0,-0,0.0599017,-0,0
14.8774,-0,0,-0,0,-0,0.0599017,-0,0
14.9254,-0,0,-0,0,-0,0.0599017,-0,0
14.9734,-0,0,-0,0,-0,0.0584548,-0,0
15.0214,-0,0,-0,0,-0,0.0503521,-0,0
15.0694,-0,0,-0,0,-0,0.0500627,-0,0
15.1174,-0,0,-0,0,-0,0.0500627,-0,0
15.1654,-0,0,-0,0,-0,0.0500627,-0,0
15.2134,-0,0,-0,0,-0,0.0500627,-0,0
15.2614,-0,0,-0,0,-0,0.0500627,-0,0
15.3094,-0,0,-0,0,-0,0.0500627,-0,0
15.3574,-0,0,-0,0,-0,0.0500627,-0,0
15.4054,-0,0,-0,0,-0,0.0500627,-0,0
15.4533,-0,0,-0,0,-0,0.0500627,-0,0
15.5014,-0,0,-0,0,-0,0.0500627,-0,0
15.5494,-0,0,-0,0,-0,0.0500627,-0,0
15.5974,-0,0,-0,0,-0,0.0500627,-0,0
15.6454,-0,0,-0,0,-0,0.0500627,-0,0
15.6934,-0,0,-0,0,-0,0.0500627,-0,0
15.7414,-0,0,-0,0,-0,0.0500627,-0,0
15.7894,-0,0,-0,0,-0,0.0500627,-0,0
15.8374,-0,0,-0,0,-0,0.0500627,-0,0
15.8854,-0,0,-0,0,-0,0.0500627,-0,0
15.9333,-0,0,-0,0,-0,0.0500627,-0,0
15.9814,-0,0,-0,0,-0,0.0500627,-0,0
16.0294,-0,0,-0,0,-0,0.0500627,-0,0
16.0773,-0,0,-0,0,-0,0.0500627,-0,0
16.1253,-0,0,-0,0,-0,0.0500627,-0,0
16.1733,-0,0,-0,0,-0,0.0500627,-0,0
16.2213,-0,0,-0,0,-0,0.0500627,-0,0
16.2693,-0,0,-0,0,-0,0.0500627,-0,0
16.3174,-0,0,-0,0,-0,0.0500627,-0,0
16.3653,-0,0,-0,0,-0,0.0500627,-0,0
16.4133,-0,0,-0,0,-0,0.0500627,-0,0
16.4613,-0,0,-0,0,-0,0.0500627,-0,0
16.5093,-0,0,-0,0,-0,0.0500627,-0,0
16.5573,-0,0,-0,0,-0,0.0500627,-0,0
16.6053,-0,0,-0,0,-0,0.0500627,-0,0
16.6533,-0,0,-0,0,-0,0.0500627,-0,0
16.7013,-0,0,-0,0,-0,0.0500627,-0,0
16.7493,-0,0,-0,0,-0,0.0500627,-0,0
16.7973,-0,0,-0,0,-0,0.0500627,-0,0
16.8453,-0,0,-0,0,-0,0.0500627,-0,0
16.8933,-0,0,-0,0,-0,0.0500627,-0,0
16.9413,-0,0,-0,0,-0,0.0500627,-0,0
16.9893,-0,0,-0,0,-0,0.0500627,-0,0
17.0373,-0,0,-0,0,-0,0.0596123,-0,0
17.0853,-0,0,-0,0,-0,0.0520884,-0,0
17.1333,-0,0,-0,0,0.0076699,0.0581654,-0,0
17.1813,-0,0,-0,0,-0,0.0503521,-0,0
17.2292,-0,0,-0,0,0.00153398,0.057876,-0,0
17.2772,-0,0,-0,0,-0,0.0596123,-0,0
17.3253,-0,0,-0,0,-0,0.0599017,-0,0
17.3733,-0,0,-0,0,-0,0.0599017,-0,0.0176522
17.4212,-0,0,-0,0,-0,0.0599017,-0,0.049484
17.4692,-0,0,-0,0.0130221,-0,0.0599017,-0,0.0500627
17.5172,-0,0,-0,0.0416707,-0,0.0599017,-0,0.057876
17.5652,-0,0,-0,0.0503521,-0,0.0599017,-0,0.0596123
17.6132,-0,0,-0,0.0558503,-0,0.0599017,-0,0.0599017
17.6612,-0,0,-0,0.0593229,-0,0.0599017,-0,0.0775538
17.7092,-0,0,-0,0.0599017,-0,0.0599017,-0,0.0879715
17.7572,-0,0,-0,0.0735025,-0,0.0599017,-0,0.109096
17.8052,-0,0,-0,0.0853671,-0,0.0599017,-0,0.12588
17.8533,-0,0,-0,0.103887,-0,0.0599017,-0,0.149031
17.9013,-0,0,-0,0.12154,-0,0.0599017,-0,0.158001
17.9493,-0,0,-0,0.143243,-0,0.0599017,-0,0.160027
17.9972,-0,0,-0,0.155397,-0,0.0599017,-0,0.177679
18.0452,-0,0,-0,0.159448,-0,0.0599017,-0,0.197647
18.0933,-0,0,-0,0.173339,-0,0.0680043,-0,0.207775
18.1413,-0,0,-0,0.192727,-0,0.0697406,-0,0.225716
18.1892,-0,0,-0,0.20517,-0,0.0682937,-0,0.239317
18.2372,-0,0,-0,0.220797,-0,0.07003,-0,0.239896
18.2852,-0,0,-0,0.235555,-0,0.07003,-0,0.256101
18.3332,-0,0,-0,0.239607,-0,0.07003,-0,0.267966
18.3812,-0,0,-0,0.251761,-0,0.07003,-0,0.269992
18.4292,-0,0,-0,0.264204,-0,0.0619273,-0,0.285907
18.4772,-0,0,-0,0.268255,-0,0.060191,-0,0.307322
18.5252,-0,0,-0,0.280988,-0,0.0599017,-0,0.338575
18.5731,-0,0,-0,0.300955,-0,0.0616379,-0,0.349571
18.6211,-0,0,-0,0.329604,-0,0.060191,-0,0.34986
18.6691,-0,0,-0,0.344073,-0,0.0599017,-0,0.34986
18.7171,-0,0,-0,0.344941,-0,0.0599017,0.0076699,0.357963
18.7651,-0,0,-0,0.344941,-0,0.0599017,-0.00306796,0.379088
18.8131,-0,0,-0,0.349571,-0,0.0599017,-0,0.379956
18.8611,-0,0,-0,0.363172,-0,0.0599017,-0,0.381692
18.9091,-0,0,-0,0.364619,-0,0.0599017,-0,0.388348
18.9572,-0,0,-0,0.365487,-0,0.0599017,-0,0.397898
19.0051,-0,0,-0,0.369249,-0,0.0680043,-0,0.399923
19.0531,-0,0,-0,0.374747,-0,0.060191,-0,0.399923
19.1011,-0,0,0.00153398,0.376194,-0,0.0599017,-0,0.427125
19.1491,-0,0,-0,0.376483,-0,0.0599017,-0,0.45722
19.1972,-0,0,-0,0.390663,-0,0.0599017,-0,0.47603
19.2451,-0,0,-0,0.40629,-0,0.0599017,-0,0.481528
19.2931,-0,0,-0,0.415839,-0,0.0599017,-0,0.497734
19.3411,-0,0,-0,0.418443,-0,0.0599017,-0,0.507573
19.3891,-0,0,-0,0.418443,-0,0.0599017,-0,0.509888
19.4371,-0,0,-0,0.418443,-0,0.0599017,-0,0.519726
19.4851,-0,0,-0,0.418443,-0,0.0599017,-0.0076699,0.520016
19.5331,-0,0,-0,0.418733,-0,0.0599017,-0.00920388,0.520016
19.5811,-0,0,-0,0.418733,-0,0.0599017,-0.0107379,0.520016
19.6291,-0,0,-0,0.418733,-0,0.0599017,-0.0107379,0.520016
19.6771,-0,0,-0,0.418733,-0,0.0599017,-0.0076699,0.520016
19.7251,-0,0,-0,0.418733,-0,0.0599017,-0.00920388,0.520016
19.7731,-0,0,-0,0.419022,-0,0.0599017,-0.0107379,0.528118
19.8211,-0,0,-0,0.419022,-0,0.0584548,-0.0107379,0.537957
19.869,-0,0,-0,0.419022,-0,0.051799,-0.00153398,0.539694
19.917,-0,0,-0,0.418733,-0,0.0581654,-0.00920388,0.539983
19.965,-0,0,-0,0.418733,-0,0.0503521,-0.0107379,0.539983
20.013,-0,0,-0,0.419022,-0,0.0581654,-0.0107379,0.53188
20.061,-0,0,-0,0.419022,-0,0.0599017,-0.0107379,0.530144
20.109,-0,0,-0,0.419022,-0,0.0599017,-0.0107379,0.522041
20.157,-0,0,-0,0.419022,-0,0.0599017,-0.0107379,0.520016
20.205,-0,0,-0,0.419022,-0,0.0599017,-0.0107379,0.520016
20.253,-0,0,-0,0.419022,-0,0.0599017,-0,0.511913
20.301,-0,0,-0,0.419022,-0,0.0680043,-0.0076699,0.510466
20.3491,-0,0,-0,0.419022,-0.0076699,0.07003,-0.00153398,0.490788
20.397,-0,0,-0,0.419022,-0.00920388,0.07003,-0.0076699,0.49021
20.445,-0,0,-0,0.419022,-0.0107379,0.07003,-0.00920388,0.462719
20.493,-0,0,-0,0.419022,-0.0107379,0.0781326,-0,0.432912
20.541,-0,0,-0,0.419022,-0.0107379,0.078422,-0,0.402817
20.589,-0,0,-0,0.419022,-0.0184078,0.0717662,-0,0.400502
20.637,-0,0,-0,0.410051,-0.0168738,0.0795795,-0,0.38256
20.685,-0,0,-0,0.403685,-0.0199418,0.0798689,-0,0.372432
20.733,-0,0,-0,0.389505,-0.0199418,0.0897078,-0.00920388,0.354201
20.781,-0,0,-0,0.375036,-0.0199418,0.0899972,-0.00920388,0.32671
20.829,-0,0,-0,0.357963,-0.0199418,0.0995467,-0,0.300955
20.877,-0,0,-0.00153398,0.333076,-0.0276117,0.0998361,-0,0.292274
20.925,-0,0,-0,0.306743,-0.0306796,0.100125,-0.0076699,0.254944
20.973,-0,0,-0,0.294299,-0.0306796,0.100125,-0,0.230925
21.021,-0,0,-0,0.265072,-0.0383495,0.100125,-0,0.230057
21.069,-0,0,-0,0.236423,-0.0398835,0.100125,-0,0.230057
21.1169,-0,0,-0,0.230057,-0.0398835,0.100125,-0,0.221954
21.165,-0,0,-0,0.229768,-0.0398835,0.100125,-0,0.212405
21.213,-0,0,-0,0.224269,-0.0398835,0.100125,-0.00153398,0.21009
21.261,-0,0,-0,0.215299,-0.0398835,0.100125,-0,0.21009
21.3089,-0,0,-0,0.211247,-0.0398835,0.100125,-0,0.21009
21.3569,-0,0,-0,0.2098,-0.0398835,0.100125,-0,0.21009
21.4049,-0,0,-0,0.2098,-0.0398835,0.100125,-0,0.192438
21.453,-0,0,-0,0.2098,-0.0398835,0.100125,-0,0.180573
21.5009,-0,0,-0,0.197357,-0.0398835,0.100125,-0,0.172181
21.5489,-0,0,-0,0.184046,-0.0398835,0.100125,-0.00153398,0.179705
21.597,-0,0,-0,0.174786,-0.0398835,0.100125,-0,0.171892
21.6449,-0,0,-0,0.177679,-0.0398835,0.100125,-0,0.160606
21.6929,-0,0,-0,0.174207,-0.0398835,0.100125,-0,0.160027
21.7409,-0,0,-0,0.164368,-0.0398835,0.100125,-0,0.160027
21.7889,-0,0,-0,0.160606,-0.0398835,0.107939,-0,0.160027
21.8369,-0,0,-0,0.159738,-0.0398835,0.101862,-0,0.16813
21.8849,-0,0,-0,0.159738,-0.0398835,0.100125,-0,0.187518
21.9329,-0,0,-0,0.165815,-0.0398835,0.100125,-0,0.197936
21.9809,-0,0,-0,0.182599,-0.0398835,0.100125,-0.0076699,0.199962
22.0289,-0,0,-0,0.195621,-0.0398835,0.100125,-0.00920388,0.199962
22.0769,-0,0,-0,0.199383,-0.0398835,0.100125,-0.0107379,0.209511
22.1249,-0,0,-0,0.199672,-0.0398835,0.100125,-0.0107379,0.21009
22.1729,-0,0,-0,0.206907,-0.0398835,0.100125,-0.0107379,0.21009
22.2209,-0,0,-0,0.21009,-0.0398835,0.100125,-0.0107379,0.21009
22.2689,-0,0,-0,0.2098,-0.0398835,0.100125,-0.0107379,0.21009
22.3169,-0,0,-0,0.2098,-0.0398835,0.100125,-0.0107379,0.21009
22.3649,-0,0,-0,0.2098,-0.0398835,0.100125,-0.0107379,0.21009
22.4128,-0,0,-0,0.2098,-0.0398835,0.100125,-0.0107379,0.21009
22.4609,-0,0,-0,0.2098,-0.0398835,0.100125,-0.0107379,0.21009
22.5089,-0,0,-0,0.2098,-0.0398835,0.100125,-0.0107379,0.21009
22.5569,-0,0,-0,0.2098,-0.0398835,0.100125,-0.0107379,0.21009
22.6048,-0,0,-0,0.2098,-0.0398835,0.100125,-0.0107379,0.21009
22.6529,-0,0,-0,0.2098,-0.0398835,0.100125,-0.0107379,0.21009
22.7008,-0,0,-0,0.2098,-0.0398835,0.100125,-0.0107379,0.21009
22.7488,-0,0,-0,0.2098,-0.0398835,0.100125,-0.0107379,0.21009
22.7969,-0,0,-0,0.2098,-0.0398835,0.100125,-0.0107379,0.21009
22.8449,-0,0,-0,0.2098,-0.0398835,0.100125,-0.0107379,0.21009
22.8928,-0,0,-0,0.2098,-0.0398835,0.100125,-0.0107379,0.21009
22.9408,-0,0,-0,0.2098,-0.0398835,0.100125,-0.0107379,0.21009
22.9888,-0,0,-0,0.2098,-0.0398835,0.100125,-0.0184078,0.21009
23.0368,-0,0,-0,0.2098,-0.0398835,0.100125,-0.0107379,0.21009
23.0848,-0,0,-0,0.2098,-0.0398835,0.100125,-0.0107379,0.21009
23.1328,-0,0,-0,0.2098,-0.0398835,0.100125,-0.0107379,0.201987
23.1808,-0,0,-0,0.2098,-0.0398835,0.100125,-0.0107379,0.201698
23.2288,-0,0,-0,0.204302,-0.0398835,0.100125,-0.0107379,0.182599
23.2768,-0,0,-0,0.201698,-0.0398835,0.0902866,-0.0107379,0.164078
23.3248,-0,0,-0,0.187518,-0.0398835,0.0899972,-0.0107379,0.0992573
23.3728,-0,0,-0,0.168709,-0.0398835,0.0882609,-0.00153398,0.0150478
23.4208,-0,0,-0,0.118067,-0.0398835,0.0899972,-0.00920388,0.00057876
23.4688,-0,0,-0,0.0422495,-0.0398835,0.0804476,-0,0
23.5168,-0,0,-0,0.00318318,-0.0398835,0.0897078,-0,0
23.5648,-0,0,-0,0,-0.0398835,0.0899972,-0.00153398,0
23.6127,-0,0,-0,0,-0.0398835,0.0899972,-0.0076699,0
23.6608,-0,0,-0,0,-0.0398835,0.0899972,-0.0107379,0
23.7087,-0,0,-0,0,-0.0398835,0.0899972,-0.0107379,0
23.7567,-0,0,-0,0,-0.0398835,0.0899972,-0.0107379,0
23.8048,-0,0,-0,0,-0.0398835,0.0899972,-0.0107379,0
23.8527,-0,0,-0,0,-0.0398835,0.0899972,-0.0107379,0
23.9007,-0,0,-0,0,-0.0398835,0.0899972,-0.00153398,0
23.9488,-0,0,-0,0,-0.0398835,0.0899972,-0,0
23.9967,-0,0,-0,0,-0.0398835,0.0899972,-0.00920388,0
24.0447,-0,0,-0,0,-0.0398835,0.0899972,-0.0076699,0
24.0927,-0,0,-0,0,-0.0398835,0.0899972,-0,0
24.1408,-0,0,-0,0,-0.0398835,0.0899972,-0.00153398,0
24.1888,-0,0,-0,0,-0.0398835,0.0899972,-0.00153398,0
24.2368,-0,0,-0,0,-0.0398835,0.0899972,-0.00920388,0
24.2848,-0,0,-0,0,-0.0398835,0.0899972,-0.0107379,0
24.3327,-0,0,-0,0,-0.0398835,0.0899972,-0,0
24.3807,-0,0,-0,0,-0.0398835,0.0899972,-0,0
24.4287,-0,0,-0,0,-0.0398835,0.0899972,-0,0
24.4766,-0,0,-0,0,-0.0398835,0.0899972,-0,0
24.5246,-0,0,-0,0,-0.0398835,0.0899972,-0,0
24.5726,-0,0,-0,0,-0.0398835,0.0899972,-0,0
24.6207,-0,0,-0,0,-0.0398835,0.0899972,-0,0
24.6686,-0,0,-0,0,-0.0398835,0.0899972,-0,0
24.7167,-0,0,-0,0,-0.0398835,0.0899972,-0,0
24.7646,-0,0,-0,0,-0.0398835,0.0899972,-0,0
24.8127,-0,0,-0,0,-0.0398835,0.0899972,-0,0
24.8607,-0,0,-0,0,-0.0398835,0.0899972,-0,0
24.9087,-0,0,-0,0,-0.0398835,0.0899972,-0,0
24.9566,-0,0,-0,0,-0.0398835,0.0899972,-0,0
25.0046,-0,0,-0,0,-0.0398835,0.0899972,-0,0
25.0526,-0,0,-0,0,-0.0398835,0.0899972,-0.0153398,0
25.1007,-0,0,-0,0,-0.0398835,0.0899972,-0,0
25.1486,-0,0,-0,0,-0.0398835,0.0899972,-0,0
25.1968,-0,0,-0,0,-0.0398835,0.0980998,-0,0
25.2447,-0,0,-0,0,-0.0398835,0.0998361,-0,0
25.2926,-0,0,-0,0,-0.0398835,0.100125,-0,0
25.3406,-0,0,-0,0,-0.0398835,0.100125,-0,0.00810264
25.3886,-0,0,-0,0,-0.0398835,0.100125,-0,0.0176522
25.4366,-0,0,-0,0.0057876,-0.0398835,0.100125,-0,0.0376194
25.4846,-0,0,-0,0.0150478,-0.0398835,0.100125,-0,0.049484
25.5326,-0,0,-0,0.0329893,-0.0475534,0.100125,-0,0.0500627
25.5806,-0,0,-0,0.0468796,-0.0414175,0.100125,-0,0.057876
25.6286,-0,0,-0,0.0503521,-0.0398835,0.100125,-0,0.0694512
25.6766,-0,0,-0,0.0558503,-0.0398835,0.100125,-0,0.0876821
25.7246,-0,0,-0,0.0668468,-0.0398835,0.100125,-0,0.109096
25.7726,-0,0,-0,0.0833414,-0.0398835,0.100125,-0,0.109964
25.8206,-0,0,-0,0.103887,-0.0398835,0.100125,-0,0.118067
25.8686,-0,0,-0,0.109964,-0.0398835,0.100125,-0,0.127617
25.9165,-0,0,-0,0.115752,-0.0398835,0.100125,-0,0.149609
25.9647,-0,0,-0,0.125012,-0.0398835,0.100125,-0,0.149899
26.0126,-0,0,-0,0.144111,-0.0398835,0.100125,-0,0.149899
26.0607,-0,0,-0,0.149899,-0.0398835,0.100125,-0,0.159738
26.1085,-0,0,-0,0.149609,-0.0398835,0.100125,-0,0.179126
26.1565,-0,0,-0,0.156844,-0.0398835,0.100125,-0.0076699,0.179705
26.2046,-0,0,-0,0.174496,-0.0398835,0.100125,-0,0.19591
26.2526,-0,0,-0,0.179416,-0.0398835,0.100125,-0,0.199962
26.3006,-0,0,-0,0.192148,-0.0398835,0.100125,-0,0.215877
26.3485,-0,0,-0,0.198515,-0.0398835,0.100125,-0.00153398,0.219929
26.3965,-0,0,-0,0.211537,-0.0398835,0.107939,-0,0.237581
26.4445,-0,0,-0,0.218482,-0.0398835,0.109675,-0,0.239607
26.4925,-0,0,-0,0.232951,-0.0398835,0.109964,-0,0.249446
26.5405,-0,0,-0,0.238449,-0.0398835,0.109964,-0,0.259574
26.5885,-0,0,-0,0.246552,-0.0398835,0.109964,-0,0.259863
26.6366,-0,0,-0,0.256391,-0.0398835,0.109964,-0,0.267966
26.6845,-0,0,-0,0.259284,-0.0398835,0.109964,-0,0.269992
26.7325,-0,0,-0,0.265072,-0.0398835,0.109964,-0,0.295457
26.7805,-0,0,-0,0.267966,-0.0398835,0.109964,-0.0153398,0.309347
26.8285,-0,0,-0,0.288222,-0.0398835,0.109964,-0.0107379,0.309926
26.8765,-0,0,-0,0.305007,-0.0398835,0.109964,-0.0107379,0.333945
26.9245,-0,0,-0,0.308479,-0.0398835,0.109964,-0.0107379,0.349282
26.9725,-0,0,-0.00153398,0.32671,-0.0398835,0.109964,-0.0107379,0.359699
27.0205,-0,0,-0,0.343494,-0.0398835,0.109964,-0.0107379,0.359989
27.0685,-0,0,-0,0.351018,-0.0398835,0.109964,-0.0107379,0.368091
27.1165,-0,0,-0,0.351307,-0.0398835,0.109964,-0.0107379,0.369828
27.1645,-0,0,-0,0.355937,-0.0398835,0.109964,-0.0107379,0.379667
27.2125,-0,0,-0,0.357674,-0.0398835,0.109964,-0.0107379,0.388059
27.2605,-0,0,-0,0.363751,-0.0398835,0.109964,-0.0107379,0.389795
27.3085,-0,0,-0,0.368959,-0.0398835,0.109964,-0.0107379,0.399634
27.3564,-0,0,-0,0.370117,-0.0398835,0.109964,-0.0107379,0.408026
27.4045,-0,0,-0,0.375615,-0.0398835,0.109964,-0.0107379,0.437253
27.4525,-0,0,-0,0.380245,-0.0398835,0.109964,-0.0107379,0.44796
27.5004,-0,0,-0,0.395582,-0.0398835,0.109964,-0.0076699,0.449986
27.5484,-0,0,-0,0.40137,-0.0398835,0.109964,-0.00153398,0.449986
27.5965,-0,0,-0,0.401949,-0.0398835,0.109964,-0.00153398,0.459535
27.6445,-0,0,-0,0.402817,-0.0398835,0.109964,-0.00920388,0.460114
27.6925,-0,0,-0,0.406868,-0.0398835,0.109964,-0.00153398,0.460114
27.7405,-0,0,-0,0.407447,-0.0398835,0.109964,-0.00153398,0.479213
27.7884,-0,0,-0,0.407447,-0.0398835,0.109964,-0.0076699,0.479792
27.8364,-0,0,-0,0.416418,-0.0398835,0.109964,-0.00920388,0.480081
27.8844,-0,0,-0,0.417575,-0.0398835,0.109964,-0.0107379,0.480081
27.9324,-0,0,-0,0.417865,-0.0398835,0.109964,-0.0107379,0.480081
27.9804,-0,0,-0,0.417865,-0.0398835,0.109964,-0.0107379,0.487895
28.0284,-0,0,-0,0.417865,-0.0398835,0.109964,-0.0107379,0.489631
28.0764,-0,0,-0,0.41989,-0.0398835,0.109964,-0.0107379,0.48992
28.1244,-0,0,-0,0.421916,-0.0398835,0.109964,-0.0107379,0.48992
28.1724,-0,0,-0,0.421916,-0.0398835,0.109964,-0.0107379,0.48992
28.2204,-0,0,-0,0.421916,-0.0398835,0.109964,-0.0107379,0.48992
28.2684,-0,0,-0,0.421916,-0.0398835,0.109964,-0.0107379,0.48992
28.3164,-0,0,-0,0.421916,-0.0398835,0.109964,-0.0107379,0.48992
28.3644,-0,0,-0,0.421916,-0.0398835,0.109964,-0.0107379,0.48992
28.4124,-0,0,-0,0.421916,-0.0398835,0.109964,-0.0107379,0.474004
28.4604,-0,0,-0,0.421916,-0.0398835,0.109964,-0.0107379,0.471689
28.5084,-0,0,-0,0.421916,-0.0398835,0.109964,-0.0107379,0.478345
28.5564,-0,0,-0,0.422205,-0.0398835,0.119514,-0.0107379,0.45288
28.6044,-0,0,-0,0.421916,-0.0398835,0.119803,-0.0107379,0.442462
28.6523,-0,0,-0,0.421916,-0.0398835,0.118356,-0.0184078,0.424231
28.7003,-0,0,-0,0.421916,-0.0398835,0.119803,-0.0107379,0.412077
28.7483,-0,0,-0,0.421048,-0.0398835,0.120093,-0.0107379,0.402528
28.7963,-0,0,-0,0.418443,-0.0398835,0.120093,-0.00153398,0.390374
28.8443,-0,0,-0,0.410051,-0.0398835,0.120093,-0,0.381982
28.8923,-0,0,-0,0.397029,-0.0398835,0.110543,-0,0.378509
28.9404,-0,0,-0,0.385454,-0.0398835,0.118067,-0,0.362304
28.9883,-0,0,-0,0.378798,-0.0398835,0.119514,-0,0.344362
29.0363,-0,0,-0,0.365198,-0.0398835,0.120093,-0,0.313109
29.0843,-0,0,-0,0.348124,-0.0398835,0.120093,-0,0.262468
29.1324,-0,0,-0,0.320344,-0.0475534,0.120093,-0,0.188097
29.1804,-0,0,-0,0.275779,-0.0506214,0.120093,-0,0.161185
29.2283,-0,0,-0,0.2098,-0.0582913,0.120093,-0,0.160317
29.2763,-0,0,-0,0.166972,-0.0521553,0.120093,-0,0.160027
29.3243,-0,0,-0,0.160317,-0.0598252,0.120093,0.0076699,0.160027
29.3723,-0,0,-0,0.160027,-0.0598252,0.120093,0.00920388,0.151925
29.4203,-0,0,-0,0.159738,-0.0598252,0.120093,0.0107379,0.150188
29.4683,-0,0,-0,0.15424,-0.0598252,0.120093,0.00153398,0.142086
29.5163,-0,0,-0,0.151346,-0.0598252,0.120093,0.00153398,0.122408
29.5643,-0,0,-0,0.144979,-0.0598252,0.120093,0.00920388,0.0769751
29.6123,-0,0,-0,0.127906,-0.0598252,0.120093,0.00920388,0.0633742
29.6603,-0,0,-0,0.0894184,-0.0598252,0.120093,0.0076699,0.0520884
29.7083,-0,0,-0,0.066268,-0.0598252,0.120093,0.00153398,0.0405132
29.7563,-0,0,-0,0.0552716,-0.0598252,0.120093,-0,0.0321212
29.8043,-0,0,-0,0.0439858,-0.0598252,0.120093,-0,0.020546
29.8523,-0,0,-0,0.035015,-0.0598252,0.120093,0.0076699,0.012154
29.9003,-0,0,-0,0.0237292,-0.0598252,0.120093,-0,0.0115752
29.9483,-0,0,-0,0.0150478,-0.0598252,0.120093,-0,0.0104177
29.9962,-0,0,-0,0.0124433,-0.0598252,0.120093,-0,0.0101283
30.0442,-0,0,-0,0.0109964,-0.0598252,0.120093,-0,0.0196778
30.0923,-0,0,-0,0.0101283,-0.0598252,0.11199,-0,0.0295168
30.1402,-0,0,-0,0.0170734,-0.0598252,0.109964,-0,0.0315424
30.1883,-0,0,-0,0.0269123,-0.0598252,0.119514,-0.0076699,0.0300955
30.2362,-0,0,-0,0.0309637,-0.0598252,0.120093,-0,0.0300955
30.2842,-0,0,-0,0.0298061,-0.0598252,0.11199,-0,0.0379088
30.3322,-0,0,-0,0.0298061,-0.0598252,0.109964,-0,0.049484
30.3802,-0,0,-0,0.0358831,-0.0598252,0.111701,-0,0.0500627
30.4282,-0,0,-0,0.0468796,-0.0598252,0.110254,-0,0.0500627
30.4762,-0,0,-0,0.0503521,-0.0598252,0.109964,-0.00153398,0.0515096
30.5243,-0,0,-0,0.0500627,-0.0598252,0.109964,-0,0.0596123
30.5722,-0,0,-0,0.051799,-0.0598252,0.109964,-0,0.0599017
30.6202,-0,0,-0,0.0575866,-0.0598252,0.119514,-0,0.0599017
30.6682,-0,0,-0,0.060191,-0.0598252,0.119803,-0,0.0599017
30.7162,-0,0,-0,0.0599017,-0.0598252,0.120093,-0,0.0599017
30.7642,-0,0,-0,0.0599017,-0.0598252,0.120093,-0,0.0599017
30.8122,-0,0,-0,0.0599017,-0.0598252,0.120093,-0,0.0599017
30.8602,-0,0,-0,0.0599017,-0.0598252,0.11199,-0,0.0599017
30.9082,-0,0,-0,0.0599017,-0.0598252,0.110543,-0.0076699,0.0599017
30.9562,-0,0,-0,0.0599017,-0.0598252,0.109964,-0,0.0599017
31.0042,-0,0,-0,0.0599017,-0.0598252,0.109964,-0,0.0503521
31.0522,-0,0,-0,0.0599017,-0.0598252,0.109964,-0,0.0500627
31.1002,-0,0,-0,0.0529565,-0.0582913,0.109964,-0,0.0500627
31.1481,-0,0,-0,0.0500627,-0.0598252,0.109964,-0,0.0500627
31.1962,-0,0,-0,0.0500627,-0.0598252,0.109964,-0,0.0500627
31.2442,-0,0,-0,0.0500627,-0.0598252,0.109964,-0,0.0500627
31.2921,-0,0,-0,0.0500627,-0.0598252,0.118067,-0,0.0500627
31.3401,-0,0,-0,0.0500627,-0.0598252,0.110254,-0,0.057876
31.3881,-0,0,-0,0.0500627,-0.0598252,0.111701,-0,0.0599017
31.4361,-0,0,-0,0.0558503,-0.0598252,0.118067,-0,0.0599017
31.4842,-0,0,-0,0.0596123,-0.0598252,0.11199,-0,0.0697406
31.5322,-0,0,-0,0.0599017,-0.0598252,0.119803,-0.0076699,0.0778432
31.5802,-0,0,-0,0.0674255,-0.0598252,0.110254,-0,0.0798689
31.6282,-0,0,-0,0.0755282,-0.0598252,0.118067,-0,0.0798689
31.6761,-0,0,-0,0.0792901,-0.0598252,0.119803,-0,0.0879715
31.7241,-0,0,-0,0.0795795,-0.0598252,0.120093,-0,0.0995467
31.7721,-0,0,-0,0.0856565,-0.0598252,0.120093,-0,0.107939
31.8201,-0,0,-0,0.0963635,-0.0598252,0.11199,-0.00153398,0.127617
31.8681,-0,0,-0,0.105334,-0.0598252,0.109964,-0.0076699,0.129932
31.9161,-0,0,-0,0.122697,-0.0598252,0.118067,-0,0.129932
31.9642,-0,0,-0,0.129353,-0.0598252,0.109964,-0,0.129932
32.0121,-0,0,-0,0.129642,-0.0598252,0.109964,-0.0076699,0.129932
32.0601,-0,0,-0,0.129642,-0.0598252,0.109964,-0.0076699,0.129932
32.1081,-0,0,-0,0.129932,-0.0598252,0.109964,-0.00920388,0.129932
32.1561,-0,0,-0,0.129932,-0.0598252,0.109964,-0.0107379,0.129932
32.2041,-0,0,-0,0.129932,-0.0598252,0.109964,-0.0107379,0.129932
32.2521,-0,0,-0,0.129932,-0.0598252,0.109964,-0.0107379,0.129932
32.3001,-0,0,-0,0.129932,-0.0598252,0.109964,-0.0107379,0.129932
32.3481,-0,0,-0,0.129932,-0.0598252,0.109964,-0.0107379,0.129932
32.396,-0,0,-0,0.129932,-0.0598252,0.109964,-0.0107379,0.129932
32.4441,-0,0,-0,0.129932,-0.0598252,0.109964,-0.0107379,0.129932
32.492,-0,0,-0,0.129932,-0.0598252,0.109964,-0.0107379,0.129932
32.5401,-0,0,-0,0.129932,-0.0598252,0.109964,-0.0107379,0.122118
32.588,-0,0,-0,0.129932,-0.0598252,0.109964,-0.0107379,0.120093
32.636,-0,0,-0,0.123855,-0.0598252,0.109964,-0.0107379,0.120093
32.6841,-0,0,-0,0.120382,-0.0598252,0.109964,-0.0107379,0.120093
32.732,-0,0,-0,0.120093,-0.0598252,0.109964,-0.0107379,0.120093
32.78,-0,0,-0,0.119803,-0.0598252,0.109964,-0.0107379,0.120093
32.8281,-0,0,-0,0.119803,-0.0598252,0.109964,-0.0107379,0.120093
32.8761,-0,0,-0,0.119803,-0.0598252,0.109964,-0.0184078,0.120093
32.9241,-0,0,-0,0.119803,-0.0598252,0.109964,-0.0107379,0.120093
32.9721,-0,0,-0,0.119803,-0.0598252,0.109964,-0.0107379,0.120093
33.02,-0,0,-0,0.119803,-0.0598252,0.109964,-0.0107379,0.127906
33.068,-0,0,-0,0.119803,-0.0598252,0.109964,-0.0107379,0.129932
33.116,-0,0,-0,0.12588,-0.0598252,0.109964,-0.0107379,0.122118
33.164,-0,0,-0,0.129642,-0.0598252,0.109964,-0.0107379,0.120093
33.212,-0,0,-0,0.123855,-0.0598252,0.109964,-0.0107379,0.120093
33.26,-0,0,-0,0.120382,-0.0598252,0.109964,-0.0076699,0.120093
33.308,-0,0,-0,0.119803,-0.0598252,0.109964,-0.00920388,0.120093
33.356,-0,0,-0,0.119803,-0.0598252,0.109964,-0.0107379,0.120093
33.404,-0,0,-0,0.119803,-0.0598252,0.109964,-0.0107379,0.120093
33.452,-0,0,-0,0.119803,-0.0598252,0.109964,-0.0107379,0.120093
33.5,-0,0,-0,0.119803,-0.0598252,0.109964,-0.0107379,0.120093
33.548,-0,0,-0,0.119803,-0.0598252,0.109964,-0.0107379,0.120093
33.596,-0,0,-0,0.119803,-0.0598252,0.109964,-0.0107379,0.127906
33.644,-0,0,-0,0.119803,-0.0598252,0.101862,-0.0107379,0.114016
33.692,-0,0,-0,0.12588,-0.0598252,0.107939,-0.00153398,0.0862352
33.74,-0,0,-0,0.11691,-0.0598252,0.109964,-0,0.0274911
33.7881,-0,0,-0,0.092891,-0.0598252,0.108517,-0,0.00115752
33.8361,-0,0,-0,0.043407,-0.0598252,0.101862,-0.00920388,0
33.884,-0,0,-0,0.00665574,-0.0598252,0.107939,-0.0107379,0
33.9319,-0,0,-0,0.00028938,-0.0598252,0.109964,-0.0107379,0
33.9799,-0,0,-0,0,-0.0598252,0.109964,-0.0107379,0
34.0279,-0,0,-0,0,-0.0598252,0.109964,-0.00153398,0
34.076,-0,0,-0,0,-0.0598252,0.109964,-0.0076699,0
34.1239,-0,0,-0,0,-0.0598252,0.109964,-0,0
34.172,-0,0,-0,0,-0.0598252,0.111701,-0,0
34.2199,-0,0,-0,0,-0.0598252,0.119803,-0,0
34.268,-0,0,-0,0,-0.0598252,0.120093,-0,0
34.316,-0,0,-0,0,-0.0598252,0.120093,-0,0
34.3639,-0,0,-0,0,-0.0598252,0.120093,-0,0
34.4119,-0,0,-0,0,-0.0598252,0.120093,-0,0
34.46,-0,0,-0,0,-0.0598252,0.120093,-0,0
34.5079,-0,0,-0,0,-0.0598252,0.120093,-0,0
34.5559,-0,0,-0,0,-0.0598252,0.120093,-0,0
34.6039,-0,0,-0,0,-0.0598252,0.120093,-0,0
34.6519,-0,0,-0,0,-0.0598252,0.120093,-0,0
34.6999,-0,0,-0,0,-0.0598252,0.120093,-0,0
34.7479,-0,0,-0,0,-0.0598252,0.120093,-0,0
34.796,-0,0,-0,0,-0.0598252,0.120093,-0,0
34.8439,-0,0,-0,0,-0.0598252,0.120093,-0,0
34.8919,-0,0,-0,0,-0.0598252,0.120093,-0,0
34.9399,-0,0,-0,0,-0.0598252,0.120093,-0,0.0335681
34.9879,-0,0,-0,0,-0.0598252,0.120093,-0,0.049484
35.0359,-0,0,-0,0.0254654,-0.0598252,0.120093,-0,0.0596123
35.0839,-0,0,-0,0.0460114,-0.0598252,0.120093,-0,0.0680043
35.1319,-0,0,-0,0.0572972,-0.0598252,0.120093,-0.0076699,0.0778432
35.1799,-0,0,-0,0.0659786,-0.0598252,0.120093,-0.0076699,0.105624
35.228,-0,0,-0,0.0752388,-0.0598252,0.120093,-0.00153398,0.125012
35.2759,-0,0,-0,0.098968,-0.0598252,0.120093,-0,0.147294
35.3239,-0,0,-0,0.120382,-0.0598252,0.120093,-0,0.158001
35.3718,-0,0,-0,0.141796,-0.0598252,0.120093,-0.00153398,0.169577
35.4198,-0,0,-0,0.155108,-0.0598252,0.120093,-0,0.187518
35.4678,-0,0,-0,0.166394,-0.0598252,0.118356,-0,0.199383
35.5159,-0,0,-0.00153398,0.182888,-0.0598252,0.119803,-0,0.227163
35.5639,-0,0,-0,0.196489,-0.0598252,0.11199,-0,0.229768
35.6118,-0,0,-0,0.220218,-0.0598252,0.109964,-0,0.239607
35.6598,-0,0,-0,0.22861,-0.0598252,0.118067,-0,0.247999
35.7078,-0,0,-0,0.237002,-0.0598252,0.119514,-0,0.249735
35.7559,-0,0,-0,0.245394,-0.0598252,0.11199,-0,0.250024
35.8038,-0,0,-0,0.248288,-0.0598252,0.118067,-0,0.259574
35.8518,-0,0,-0,0.249735,-0.0598252,0.110254,-0,0.269702
35.8998,-0,0,-0,0.256391,-0.0598252,0.109964,-0,0.278094
35.9478,-0,0,-0,0.266519,-0.0598252,0.109964,-0,0.28938
35.9958,-0,0,-0,0.274911,-0.0598252,0.109964,-0,0.307611
36.0438,-0,0,-0,0.285618,-0.0598252,0.118067,-0,0.31745
36.0918,-0,0,-0,0.302113,-0.0598252,0.119803,-0,0.337417
36.1398,-0,0,-0,0.313688,-0.0598252,0.11199,-0,0.348124
36.1878,-0,0,-0,0.33134,-0.0598252,0.110543,-0,0.357674
36.2358,-0,0,-0,0.343205,-0.0598252,0.119514,-0,0.358252
36.2838,-0,0,-0,0.349571,-0.0598252,0.120093,-0,0.359989
36.3318,-0,0,-0,0.35015,-0.0598252,0.120093,-0,0.359989
36.3798,-0,0,-0,0.350729,-0.0598252,0.11199,-0,0.368091
36.4277,-0,0,-0,0.351307,-0.0598252,0.118356,-0,0.385744
36.4757,-0,0,-0,0.355937,-0.0598252,0.119803,-0,0.389795
36.5237,-0,0,-0,0.367513,-0.0598252,0.120093,-0.0076699,0.390084
36.5718,-0,0,-0,0.370117,-0.0598252,0.11199,-0,0.391531
36.6198,-0,0,-0,0.370406,-0.0598252,0.119803,-0,0.398187
36.6677,-0,0,-0,0.370696,-0.0598252,0.119803,-0,0.399634
36.7157,-0,0,-0,0.374747,-0.0598252,0.120093,-0,0.399923
36.7638,-0,0,-0,0.375905,-0.0598252,0.120093,-0,0.399923
36.8118,-0,0,-0,0.376194,-0.0598252,0.120093,-0,0.399923
36.8597,-0,0,-0,0.376194,-0.0598252,0.120093,-0,0.417575
36.9078,-0,0,-0,0.376483,-0.0598252,0.120093,-0,0.421627
36.9557,-0,0,-0,0.385165,-0.0598252,0.120093,-0,0.42018
37.0038,-0,0,-0,0.38719,-0.0598252,0.120093,-0,0.427993
37.0517,-0,0,-0,0.38748,-0.0598252,0.120093,0.0076699,0.428282
37.0997,-0,0,-0,0.391531,-0.0598252,0.120093,-0,0.430019
37.1477,-0,0,-0,0.39211,-0.0598252,0.120093,-0,0.421916
37.1958,-0,0,-0,0.392399,-0.0598252,0.120093,-0,0.439279
37.2437,-0,0,-0,0.392399,-0.0598252,0.120093,-0,0.45751
37.2917,-0,0,-0,0.397029,-0.0598252,0.120093,-0.0076699,0.477477
37.3397,-0,0,-0,0.405711,-0.0598252,0.120093,-0.00153398,0.4714
37.3877,-0,0,-0,0.41555,-0.0598252,0.120093,-0,0.497155
37.4357,-0,0,-0,0.416128,-0.0598252,0.120093,-0,0.509598
37.4837,-0,0,-0,0.416128,-0.0598252,0.120093,-0,0.509888
37.5316,-0,0,-0,0.416128,-0.0598252,0.120093,-0,0.509888
37.5797,-0,0,-0,0.416128,-0.0598252,0.120093,-0,0.502074
37.6277,-0,0,-0,0.416128,-0.0598252,0.120093,-0,0.500049
37.6756,-0,0,-0,0.416128,-0.0598252,0.11199,-0,0.500049
37.7237,-0,0,-0,0.416128,-0.0598252,0.109964,-0,0.491946
37.7716,-0,0,-0,0.416128,-0.0598252,0.109964,-0,0.472558
37.8197,-0,0,-0,0.422205,-0.0598252,0.109964,-0,0.460404
37.8677,-0,0,-0,0.422495,-0.0598252,0.109964,-0,0.460114
37.9157,-0,0,-0,0.422495,-0.0598252,0.109964,-0,0.460114
37.9637,-0,0,-0,0.422495,-0.0598252,0.109964,-0,0.460114
38.0117,-0,0,-0,0.422495,-0.0598252,0.109964,-0,0.450275
38.0597,-0,0,-0,0.422495,-0.0674952,0.109964,-0,0.449986
38.1076,-0,0,-0,0.422495,-0.0598252,0.109964,-0,0.430887
38.1556,-0,0,-0,0.422495,-0.0598252,0.109964,-0,0.422205
38.2036,-0,0,-0,0.422205,-0.0598252,0.109964,-0,0.403974
38.2516,-0,0,-0,0.421627,-0.0598252,0.109964,-0,0.384297
38.2996,-0,0,-0,0.413235,-0.0598252,0.109964,-0,0.380824
38.3476,-0,0,-0,0.393557,-0.0598252,0.109964,-0,0.372143
38.3956,-0,0,-0,0.382271,-0.0598252,0.109964,-0,0.352465
38.4436,-0,0,-0,0.3733,-0.0598252,0.118067,0.0076699,0.342626
38.4916,-0,0,-0,0.356516,-0.0598252,0.119803,0.00920388,0.322369
38.5396,-0,0,-0,0.344941,-0.0598252,0.120093,0.0107379,0.320633
38.5876,-0,0,-0,0.326999,-0.0598252,0.120093,0.00153398,0.276937
38.6356,-0,0,-0,0.320922,-0.0598252,0.120093,-0,0.252629
38.6836,-0,0,-0,0.287933,-0.0598252,0.120093,0.0076699,0.234398
38.7316,-0,0,-0,0.258416,-0.0690291,0.120093,0.00920388,0.188676
38.7796,-0,0,-0,0.238449,-0.079767,0.120093,0.0107379,0.151635
38.8276,-0,0,-0,0.201119,-0.079767,0.120093,0.0107379,0.142375
38.8756,-0,0,-0,0.160606,-0.079767,0.120093,-0,0.122408
38.9236,-0,0,-0,0.14469,-0.079767,0.120093,0.0076699,0.11199
38.9717,-0,0,-0,0.127906,-0.079767,0.120093,0.00153398,0.0827627
39.0196,-0,0,-0,0.114594,-0.079767,0.120093,-0,0.0804476
39.0675,-0,0,-0,0.0905759,-0.079767,0.120093,-0,0.0801583
39.1155,-0,0,-0,0.080737,-0.079767,0.120093,0.0076699,0.0720556
39.1636,-0,0,-0,0.0798689,-0.079767,0.120093,0.00920388,0.0703193
39.2115,-0,0,-0,0.0743707,-0.079767,0.120093,-0,0.07003
39.2595,-0,0,-0,0.0711875,-0.079767,0.120093,-0,0.0604804
39.3075,-0,0,-0,0.07003,-0.079767,0.120093,-0,0.0520884
39.3555,-0,0,-0,0.0633742,-0.079767,0.120093,-0,0.0500627
39.4035,-0,0,-0,0.0549822,-0.079767,0.120093,0.0076699,0.0500627
39.4515,-0,0,-0,0.0515096,-0.079767,0.120093,-0,0.0500627
39.4995,-0,0,-0,0.0500627,-0.079767,0.120093,-0,0.0500627
39.5475,-0,0,-0,0.0500627,-0.079767,0.120093,-0,0.0500627
39.5955,-0,0,-0,0.0500627,-0.079767,0.120093,-0,0.0596123
39.6435,-0,0,-0,0.0500627,-0.079767,0.120093,-0,0.0694512
39.6915,-0,0,-0,0.0572972,-0.079767,0.120093,-0,0.0778432
39.7395,-0,0,-0,0.0674255,-0.079767,0.120093,-0,0.0798689
39.7876,-0,0,-0,0.0758176,-0.079767,0.120093,-0,0.0798689
39.8355,-0,0,-0,0.0792901,-0.079767,0.120093,-0,0.0798689
39.8835,-0,0,-0,0.0795795,-0.0720971,0.120093,-0,0.0798689
39.9315,-0,0,-0,0.0795795,-0.0705631,0.120093,-0,0.0798689
39.9795,-0,0,-0,0.0795795,-0.0705631,0.120093,-0,0.0798689
40.0275,-0,0,-0,0.0795795,-0.0705631,0.120093,-0,0.0798689
40.0755,-0,0,-0,0.0795795,-0.0705631,0.120093,-0,0.0798689
40.1235,-0,0,-0,0.0795795,-0.0705631,0.120093,-0,0.0798689
40.1715,-0,0,-0,0.0795795,-0.0705631,0.120093,-0,0.0798689
40.2195,-0,0,-0,0.0795795,-0.0705631,0.120093,-0,0.0798689
40.2675,-0,0,-0,0.0795795,-0.0705631,0.120093,-0,0.0720556
40.3154,-0,0,-0,0.0795795,-0.0705631,0.120093,-0,0.07003
40.3635,-0,0,-0,0.0740813,-0.0613592,0.120093,-0,0.07003
40.4115,-0,0,-0,0.0708981,-0.0690291,0.120093,-0,0.07003
40.4595,-0,0,-0,0.07003,-0.0613592,0.120093,-0,0.07003
40.5075,-0,0,-0,0.07003,-0.0598252,0.120093,-0,0.07003
40.5554,-0,0,-0,0.07003,-0.0598252,0.120093,-0,0.07003
40.6035,-0,0,-0,0.07003,-0.0598252,0.110543,-0,0.0798689
40.6515,-0,0,-0,0.07003,-0.0598252,0.109964,-0,0.0798689
40.6995,-0,0,-0,0.0772645,-0.0598252,0.118067,-0,0.0798689
40.7475,-0,0,-0,0.0798689,-0.0598252,0.119803,-0,0.0798689
40.7954,-0,0,-0,0.0795795,-0.0674952,0.110543,-0,0.0798689
40.8434,-0,0,-0,0.0795795,-0.0705631,0.109964,-0,0.0798689
40.8915,-0,0,-0,0.0795795,-0.0613592,0.109964,-0,0.0798689
40.9394,-0,0,-0,0.0795795,-0.0690291,0.109964,-0,0.0798689
40.9874,-0,0,-0,0.0795795,-0.0690291,0.118067,-0,0.0798689
41.0354,-0,0,-0,0.0795795,-0.0705631,0.110254,-0,0.0798689
41.0834,-0,0,-0,0.0795795,-0.0705631,0.109964,-0,0.0720556
41.1314,-0,0,-0,0.0795795,-0.0705631,0.109964,-0.0076699,0.0541141
41.1794,-0,0,-0,0.0740813,-0.0690291,0.119514,-0,0.00549822
41.2274,-0,0,-0,0.0587441,-0.0705631,0.120093,0.0076699,0.00028938
41.2754,-0,0,-0,0.0188097,-0.0705631,0.120093,0.00153398,0
41.3234,-0,0,-0,0.0014469,-0.0705631,0.120093,0.00920388,0
41.3714,-0,0,-0,0,-0.0705631,0.120093,0.0107379,0
41.4194,-0,0,-0,0,-0.0613592,0.120093,0.0107379,0
41.4674,-0,0,-0,0,-0.0521553,0.120093,0.0107379,0
41.5154,-0,0,-0,0,-0.0414175,0.120093,0.0107379,0
41.5634,-0,0,-0,0,-0.0398835,0.118356,0.0107379,0
41.6114,-0,0,-0,0,-0.0398835,0.119803,0.0107379,0
41.6594,-0,0,-0,0,-0.0398835,0.120093,0.0107379,0
41.7074,-0,0,-0,0,-0.0398835,0.120093,0.0107379,0
41.7554,-0,0,-0,0,-0.0398835,0.120093,0.0107379,0
41.8033,-0,0,-0,0,-0.0398835,0.120093,0.0107379,0
41.8514,-0,0,-0,0,-0.0398835,0.120093,0.0107379,0
41.8994,-0,0,-0,0,-0.0398835,0.120093,0.0107379,0
41.9474,-0,0,-0,0,-0.0398835,0.120093,0.0107379,0
41.9953,-0,0,-0,0,-0.0398835,0.120093,0.0107379,0
42.0433,-0,0,-0,0,-0.0398835,0.120093,0.0107379,0
42.0913,-0,0,-0,0,-0.0398835,0.120093,0.0107379,0
42.1393,-0,0,-0,0,-0.0398835,0.120093,0.0107379,0
42.1873,-0,0,-0,0,-0.0398835,0.120093,0.0107379,0
42.2353,-0,0,-0,0,-0.0398835,0.120093,0.0107379,0
42.2833,-0,0,-0,0,-0.0398835,0.127906,0.0107379,0
42.3313,-0,0,-0,0,-0.0398835,0.129642,0.0107379,0
42.3793,-0,0,-0,0,-0.0398835,0.128485,0.0107379,0
42.4273,-0,0,-0,0,-0.0398835,0.129932,0.0107379,0
42.4754,-0,0,-0,0,-0.0475534,0.129932,0.0107379,0
42.5233,-0,0,-0,0,-0.0506214,0.129932,0.0107379,0.00810264
42.5713,-0,0,-0,0,-0.0598252,0.129932,0.0107379,0.0546928
42.6193,-0,0,-0,0.00607698,-0.0598252,0.129932,0.0107379,0.0590335
42.6673,-0,0,-0,0.0428282,-0.0598252,0.129932,0.0107379,0.0856565
42.7153,-0,0,-0,0.0587441,-0.0598252,0.129932,0.00153398,0.142664
42.7633,-0,0,-0,0.0795795,-0.0598252,0.129932,0.00920388,0.167262
42.8113,-0,0,-0,0.127906,-0.0598252,0.129932,0.0107379,0.195621
42.8593,-0,0,-0,0.161185,-0.0598252,0.129932,0.0107379,0.215009
42.9073,-0,0,-0,0.189255,-0.0598252,0.129932,0.0107379,0.248577
42.9553,-0,0,-0,0.210669,-0.0598252,0.129932,0.0107379,0.259574
43.0033,-0,0,-0,0.239896,-0.0598252,0.129932,0.0107379,0.269702
43.0513,-0,0,-0,0.25668,-0.0598252,0.120382,0.0107379,0.287644
43.0993,-0,0,-0,0.266519,-0.0598252,0.120093,0.0107379,0.309058
43.1473,-0,0,-0,0.282435,-0.0521553,0.120093,0.0107379,0.337128
43.1952,-0,0,-0,0.302981,-0.0598252,0.120093,0.0107379,0.347835
43.2433,-0,0,-0,0.329025,-0.0598252,0.120093,-0,0.35941
43.2913,-0,0,-0,0.343205,-0.0598252,0.120093,0.00920388,0.377641
43.3392,-0,0,-0,0.350729,-0.0598252,0.120093,0.00920388,0.38748
43.3873,-0,0,-0,0.362304,-0.0598252,0.120093,0.0107379,0.399634
43.4352,-0,0,-0,0.36867,-0.0598252,0.120093,0.0107379,0.425678
43.4832,-0,0,-0,0.375615,-0.0598252,0.120093,0.0107379,0.447381
43.5312,-0,0,-0,0.389505,-0.0598252,0.120093,0.0107379,0.477188
43.5792,-0,0,-0,0.401081,-0.0598252,0.120093,0.0107379,0.489631
43.6272,-0,0,-0,0.414971,-0.0598252,0.120093,0.0107379,0.498023
43.6752,-0,0,-0,0.421916,-0.0598252,0.120093,0.0107379,0.517411
43.7232,-0,0,-0,0.422495,-0.0598252,0.120093,0.0107379,0.520016
43.7712,-0,0,-0,0.422784,-0.0598252,0.120093,0.0107379,0.521463
43.8192,-0,0,-0,0.422784,-0.0598252,0.120093,0.0107379,0.528408
43.8672,-0,0,-0,0.422784,-0.0598252,0.120093,0.00153398,0.549243
43.9152,-0,0,-0,0.422784,-0.0598252,0.120093,-0,0.550111
43.9632,-0,0,-0,0.422784,-0.0598252,0.120093,-0,0.550111
44.0112,-0,0,-0,0.422784,-0.0598252,0.120093,-0,0.550111
44.0592,-0,0,-0,0.422784,-0.0598252,0.11199,-0,0.550111
44.1072,-0,0,-0,0.422784,-0.0598252,0.118356,-0,0.550111
44.1552,-0,0,-0,0.422784,-0.0598252,0.119803,0.0076699,0.548375
44.2032,-0,0,-0,0.422784,-0.0598252,0.120093,0.0076699,0.549822
44.2512,-0,0,-0,0.422784,-0.0598252,0.11199,-0,0.550111
44.2991,-0,0,-0,0.422784,-0.0598252,0.110543,-0,0.550111
44.3472,-0,0,-0,0.422784,-0.0598252,0.109964,-0,0.550111
44.3952,-0,0,-0,0.422784,-0.0598252,0.111701,-0,0.550111
44.4431,-0,0,-0,0.422784,-0.0598252,0.118356,-0,0.550111
44.4911,-0,0,-0,0.422784,-0.0598252,0.119803,-0,0.550111
44.5391,-0,0,-0,0.422784,-0.0598252,0.110254,-0,0.542009
44.5871,-0,0,-0,0.422784,-0.0598252,0.118067,-0,0.548375
44.6351,-0,0,-0,0.422784,-0.0598252,0.119803,-0,0.532459
44.6831,-0,0,-0,0.422784,-0.0598252,0.120093,-0,0.522331
44.7311,-0,0,-0,0.422784,-0.0598252,0.129642,-0,0.486448
44.7791,-0,0,-0,0.422784,-0.0598252,0.129932,-0,0.473426
44.8272,-0,0,-0,0.422784,-0.0598252,0.120382,0.00153398,0.415839
44.8751,-0,0,-0,0.422784,-0.0598252,0.127906,0.00920388,0.390952
44.9231,-0,0,-0,0.419601,-0.0521553,0.129642,0.00920388,0.382271
44.9711,-0,0,-0,0.402817,-0.0506214,0.129932,0.0107379,0.319186
45.0192,-0,0,-0,0.386612,-0.0414175,0.129932,0.0107379,0.246262
45.0671,-0,0,-0,0.336549,-0.0490874,0.129932,0.0107379,0.217324
45.1151,-0,0,-0,0.266808,-0.0506214,0.129932,0.0184078,0.175075
45.1631,-0,0,-0,0.223112,-0.0506214,0.120382,0.0199418,0.13514
45.2112,-0,0,-0,0.186071,-0.0398835,0.120093,0.0199418,0.0677149
45.2591,-0,0,-0,0.145269,-0.0398835,0.120093,0.0199418,0.0535353
45.3071,-0,0,-0,0.086814,-0.0414175,0.120093,0.0122718,0.0245973
45.3551,-0,0,-0,0.0561397,-0.0398835,0.120093,0.0107379,0.0107071
45.4031,-0,0,-0,0.0318318,-0.0398835,0.120093,0.0107379,0.00028938
45.4511,-0,0,-0,0.0138902,-0.0398835,0.120093,0.0107379,0
45.4991,-0,0,-0,0.00318318,-0.0398835,0.120093,0.0107379,0
45.5471,-0,0,-0,0.00028938,-0.0398835,0.120093,0.0107379,0
45.595,-0,0,-0,0,-0.0398835,0.120093,0.0107379,0
45.643,-0,0,-0,0,-0.0398835,0.120093,0.0107379,0
45.6911,-0,0,-0,0,-0.0398835,0.120093,0.0107379,0
45.739,-0,0,-0,0,-0.0398835,0.120093,0.0107379,0
45.787,-0,0,-0,0,-0.0398835,0.120093,0.0107379,0
45.8351,-0,0,-0,0,-0.0398835,0.120093,0.0107379,0
45.8831,-0,0,-0,0,-0.0398835,0.120093,0.0107379,0
45.9311,-0,0,-0,0,-0.0398835,0.120093,0.0107379,0
45.9791,-0,0,-0,0,-0.0398835,0.120093,0.0107379,0
46.027,-0,0,-0,0,-0.0398835,0.120093,0.00153398,0
46.075,-0,0,-0,0,-0.0398835,0.120093,-0,0
46.123,-0,0,-0,0,-0.0398835,0.120093,-0,0
46.171,-0,0,-0,0,-0.0398835,0.120093,-0,0
46.2191,-0,0,-0,0,-0.0398835,0.120093,-0,0
46.267,-0,0,-0,0,-0.0398835,0.120093,-0,0
46.315,-0,0,-0,0,-0.0398835,0.120093,-0,0
46.363,-0,0,-0,0,-0.0398835,0.120093,-0,0
46.411,-0,0,-0,0,-0.0398835,0.120093,-0,0
46.4591,-0,0,-0,0,-0.0398835,0.120093,-0,0
46.507,-0,0,-0,0,-0.0398835,0.120093,0.00153398,0
46.555,-0,0,-0,0,-0.0398835,0.120093,-0,0
46.603,-0,0,-0,0,-0.0398835,0.120093,-0,0
46.651,-0,0,-0,0,-0.0398835,0.120093,-0,0
46.699,-0,0,-0,0,-0.0398835,0.120093,-0,0
46.747,-0,0,-0,0,-0.0398835,0.120093,-0,0
46.7949,-0,0,-0,0,-0.0398835,0.120093,-0,0
46.8429,-0,0,-0,0,-0.0398835,0.120093,-0,0
46.891,-0,0,-0,0,-0.0414175,0.120093,-0,0
46.939,-0,0,-0,0,-0.0398835,0.120093,-0,0
46.9869,-0,0,-0,0,-0.0398835,0.120093,-0,0
47.035,-0,0,-0,0,-0.0398835,0.120093,-0,0
47.083,-0,0,-0,0,-0.0398835,0.120093,0.00153398,0
47.131,-0,0,-0,0,-0.0398835,0.120093,-0,0
47.179,-0,0,-0,0,-0.0398835,0.120093,-0,0
47.2269,-0,0,-0,0,-0.0398835,0.120093,-0,0
47.2749,-0,0,-0,0,-0.0398835,0.120093,-0,0
47.3229,-0,0,-0,0,-0.0398835,0.120093,-0,0
47.3709,-0,0,-0,0,-0.0398835,0.120093,-0,0
47.4189,-0,0,-0,0,-0.0398835,0.120093,0.0076699,0
47.4669,-0,0,-0,0,-0.0398835,0.120093,0.0076699,0
47.5149,-0,0,-0,0,-0.0398835,0.120093,-0,0
47.5629,-0,0,-0,0,-0.0398835,0.120093,-0,0
47.6109,-0,0,-0,0,-0.0398835,0.120093,-0,0
47.6589,-0,0,-0,0,-0.0398835,0.11199,-0,0
47.7069,-0,0,-0,0,-0.0398835,0.111701,0.00920388,0
47.7549,-0,0,-0,0,-0.0398835,0.118067,0.0383495,0
47.803,-0,0,-0,0,-0.0475534,0.118356,0.0398835,0
47.851,-0,0,-0,0,-0.0506214,0.119803,0.0398835,0
47.8989,-0,0,-0,0,-0.0506214,0.120093,0.0398835,0
47.9469,-0,0,-0,0,-0.0414175,0.120093,0.0398835,0
47.9949,-0,0,-0,0,-0.0414175,0.120093,0.0398835,0
48.0429,-0,0,-0,0,-0.0475534,0.120093,0.0398835,0
48.0909,-0,0,-0,0,-0.0398835,0.120093,0.0398835,0
48.1389,-0,0,-0,0,-0.0475534,0.120093,0.0398835,0
48.187,-0,0,-0,0,-0.0490874,0.120093,0.0398835,0
48.2349,-0,0,-0,0,-0.0506214,0.120093,0.0398835,0
48.2829,-0,0,-0,0,-0.0506214,0.120093,0.0398835,0
48.3309,-0,0,-0,0,-0.0506214,0.127906,0.0398835,0
48.3789,-0,0,-0,0,-0.0506214,0.129642,0.0398835,0
48.4269,-0,0,-0,0,-0.0506214,0.128485,0.0398835,0
48.4749,-0,0,-0,0,-0.0414175,0.129932,0.0398835,0
48.5229,-0,0,-0,0,-0.0490874,0.129932,0.0398835,0
48.5708,-0,0,-0,0,-0.0506214,0.129932,0.0398835,0
48.6189,-0,0,-0,0,-0.0506214,0.129932,0.0398835,0
48.6669,-0,0,-0,0,-0.0414175,0.129932,0.0398835,0
48.7148,-0,0,-0,0,-0.0490874,0.129932,0.0398835,0
48.7628,-0,0,-0,0,-0.0414175,0.129932,0.0398835,0
48.8108,-0,0,-0,0,-0.0490874,0.129932,0.0398835,0
48.8588,-0,0,-0,0,-0.0506214,0.129932,0.0398835,0
48.9069,-0,0,-0,0,-0.0490874,0.129932,0.0398835,0
48.9548,-0,0,-0,0,-0.0506214,0.129932,0.0398835,0
49.0029,-0,0,-0,0,-0.0490874,0.129932,0.0322136,0
49.0509,-0,0,-0,0,-0.0414175,0.129932,0.0398835,0
49.0988,-0,0,-0,0,-0.0475534,0.129932,0.0398835,0
49.1468,-0,0,-0,0,-0.0506214,0.129932,0.0398835,0
49.1949,-0,0,-0,0,-0.0490874,0.129932,0.0398835,0
49.2428,-0,0,-0,0,-0.0506214,0.120382,0.0398835,0
49.2908,-0,0,-0,0,-0.0414175,0.127906,0.0398835,0
49.3388,-0,0,-0,0,-0.0490874,0.12154,0.0398835,0
49.3868,-0,0,-0,0,-0.0506214,0.128195,0.0398835,0
49.4347,-0,0,-0,0,-0.0414175,0.121829,0.0398835,0
49.4828,-0,0,-0,0,-0.0475534,0.120093,0.0398835,0
49.5308,-0,0,-0,0,-0.0506214,0.120093,0.0398835,0
49.5788,-0,0,-0,0,-0.0506214,0.120093,0.0398835,0
49.6267,-0,0,-0,0,-0.0490874,0.120093,0.0398835,0
49.6748,-0,0,-0,0,-0.0490874,0.120093,0.0398835,0
49.7228,-0,0,-0,0,-0.0506214,0.120382,0.0398835,0
49.7708,-0,0,-0,0,-0.0506214,0.120093,0.0398835,0
49.8188,-0,0,-0,0,-0.0506214,0.120093,0.0398835,0
49.8667,-0,0,-0,0,-0.0506214,0.110543,0.0398835,0
49.9147,-0,0,-0,0,-0.0490874,0.109964,0.0383495,0
49.9627,-0,0,-0,0,-0.0490874,0.118067,0.0398835,0
50.0107,-0,0,-0,0,-0.0506214,0.119803,0.0398835,0
50.0588,-0,0,-0,0,-0.0490874,0.120093,0.0398835,0
50.1068,-0,0,-0,0,-0.0414175,0.120093,0.0398835,0
50.1547,-0,0,-0,0,-0.0475534,0.120093,0.0398835,0
50.2027,-0,0,-0,0,-0.0506214,0.11199,0.0398835,0
50.2507,-0,0,-0,0,-0.0414175,0.109964,0.0398835,0
50.2987,-0,0,-0,0,-0.0490874,0.109964,0.0398835,0
50.3467,-0,0,-0,0,-0.0506214,0.118067,0.0398835,0
50.3947,-0,0,-0,0,-0.0490874,0.110254,0.0398835,0
50.4428,-0,0,-0,0,-0.0506214,0.109964,0.0398835,0
50.4907,-0,0,-0,0,-0.0506214,0.119514,0.0398835,0
50.5387,-0,0,-0,0,-0.0506214,0.120093,0.0398835,0
50.5867,-0,0,-0,0,-0.0414175,0.120093,0.0398835,0
50.6347,-0,0,-0,0,-0.0490874,0.120093,0.0398835,0
50.6827,-0,0,-0,0,-0.0398835,0.120093,0.0398835,0
50.7307,-0,0,-0,0,-0.0398835,0.120093,0.0398835,0
50.7787,-0,0,-0,0,-0.0414175,0.120093,0.0398835,0
50.8266,-0,0,-0,0,-0.0398835,0.120093,0.0398835,0
50.8747,-0,0,-0,0,-0.0398835,0.120093,0.0398835,0
50.9226,-0,0,-0,0,-0.0475534,0.120093,0.0398835,0
50.9706,-0,0,-0,0,-0.0398835,0.120093,0.0398835,0
51.0186,-0,0,-0,0,-0.0414175,0.120093,0.0398835,0
51.0666,-0,0,-0,0,-0.0398835,0.120093,0.0383495,0
51.1146,-0,0,-0,0,-0.0398835,0.120093,0.0383495,0
51.1626,-0,0,-0,0,-0.0398835,0.120093,0.0383495,0
51.2106,-0,0,-0,0,-0.0398835,0.120093,0.0383495,0
