t,aa0,fe0,aa1,fe1,ctq0,ctq1,dtq0,dtq1
1.29997,0.14,0.2,0.1,0.42,0.88,11.5,-5.08,-5.04
1.30002,0,4.56137e-41,0,0,3.63847e-41,0,7.42688e-44,0
1.30005,0,0,0,0,0,0,5.1848e-44,0
1.30006,0,4.56137e-41,0,0,4.0057e-11,1.21115e-39,7.42688e-44,0
1.32314,0,0.04,0,0,0,1.22,0,0
1.34702,0,0.04,0,0,0,0.7,0,0
1.37092,0,0.04,0,0,0,0.17,0,0
1.39155,0,0.04,0,0,0,0,0,0
1.4122,0,0.04,0,0,0,0,0,0
1.43624,0,0.04,0,0,0,0.35,0,0
1.45712,0,0.04,-0.01,0,0,0,0,0
1.47755,0,0.04,0,0,0,0,0,0
1.49822,0,0.04,0,0,0,0,0,0
1.519,0,0.04,0,0,0,0,0,0
1.54293,0,0.04,0,0,0,1.22,0,0
1.56682,0,0.04,0,0,0,0,0,0
1.59066,0,0.04,0,0,0,0.87,0,0
1.61127,0,0.04,0,0,0,0,0,0
1.63537,0,0.04,-0.01,0,0,0.7,0,0
1.65602,0,0.04,0,0,0,0,0,0
1.67665,0,0.04,0,0,0,0,0,0
1.6973,0,0.04,0,0,0,0,0,0
1.7212,0,0.04,0,0,0,0,0,0
1.74506,0,0.04,0,0,0,0,0,0
1.76884,0,0.04,0,0,0,0,0,0
1.79268,0,0.04,0,0,0,0,0,0
1.81676,0,0.04,0,0,0,0,0,0
1.84065,0,0.04,0,0,0,0,0,0
1.86453,0,0.04,0,0,0,0,0,0
1.8886,0,0.04,0,0,0,1.22,0,0
1.91248,0,0.04,0,0,0,1.22,0,0
1.93651,0,0.04,0,0,0,0.7,0,0
1.96043,0,0.04,0,0,0,0.17,0,0
1.98434,0,0.04,0,0,0,0,0,0
2.00819,0,0.04,0,0,0,0,0,0
2.03222,0,0.04,0,0,0,1.05,0,0
2.05628,0,0.04,0,0,0,1.05,0,0
2.08019,0,0.04,0,0,0,0.52,0,0
2.10101,0,0.04,0,0,0,0,0,0
2.12165,0,0.04,0,0,0,0,0,0
2.14227,0,0.04,0,0,0,0,0,0
2.16619,0,0.04,0,0,0,0,0,0
2.19022,0,0.04,0,0,0,0.17,0,0
2.21417,0,0.04,0,0,0,0,0,0
2.238,0,0.04,0,0,0,0,0,0
2.26195,0,0.04,0,0,0,0,0,0
2.28578,0,0.04,0,0,0,0,0,0
2.3097,0,0.04,0,0,0,0,0,0
2.33356,0,0.04,0,0,0,0,0,0
2.35747,0,0.04,0,0,0,0,0,0
2.38137,0,0.04,0,0,0,0,0,0
2.40532,0,0.04,0,0,0,0,0,0
2.42914,0,0.04,0,0,0,0,0,0
2.45304,0,0.04,0,0,0,0,0,0
2.47694,0,0.04,0,0,0,0,0,0
2.50085,0,0.04,0,0,0,0,0,0
2.52796,0,0.05,0,0,1.05,0,0,0
2.55524,0,0.05,0,0,1.05,0,0,0
2.58235,0,0.05,0,0,0.52,0,0,0
2.60618,0,0.04,0,0,0,0,0,0
2.63014,0,0.05,0,0,0,0,0,0
2.65418,0,0.04,0,0,0,0,0,0
2.67808,0,0.05,0,0,0,0,0,0
2.70531,0,0.05,0,0,0,0,0,0
2.72923,0,0.05,0,0,0,0,0,0
2.75307,0,0.04,0,0,0,0,0,0
2.77698,0,0.05,0,0,0,0,0,0
2.8043,0,0.05,0,0,0,0,0,0
2.82818,0,0.05,0,0,0,0,0,0
2.85203,0,0.04,0,0,0,0,0,0
2.87594,0,0.05,0,0,0,0,0,0
2.90304,0,0.05,0,0,0,0,0,0
2.92693,0,0.05,0,0,0,0,0,0
2.95088,0,0.05,0,0,0,0,0,0
2.97488,0,0.05,0,0,0,0,0,0
2.99877,0,0.05,0,0,0,0,0,0
3.02266,0,0.05,0,0,0,0,0,0
3.04654,0,0.04,0,0,0,0,0,0
3.07058,0,0.05,0,0,0,0,0,0
3.09449,0,0.04,0,0,0,0,0,0
3.1184,-0.01,0.04,0,0,0,0,0,0
3.14207,0,0.04,0,0,0,0,0,0
3.16615,0,0.04,0,0,0,0,0,0
3.19004,0,0.04,0,0,0,0,0,0
3.21067,0,0.04,0,0,0,0,0,0
3.23134,0,0.04,0,0,0,0,0,0
3.25197,0,0.04,0,0,0,0,0,0
3.27602,0,0.05,0,0,0.7,0,0,0
3.29667,0,0.04,0,0,0,0,0,0
3.31734,0,0.04,0,0,0,0,0,0
3.33797,0,0.04,0,0,0,0,0,0
3.3653,0,0.05,0,0,0.7,0,0,0
3.39241,0,0.05,0,0,0.7,0,0,0
3.41631,0,0.04,0,0,0,0,0,0
3.4402,0,0.05,0,0,0,0,0,0
3.46407,0,0.04,0,0,0,0,0,0
3.48806,0,0.05,0,0,0,0,0,0
3.51513,0,0.05,0,0,1.05,0,0,0
3.53902,0,0.05,0,0,0,0,0,0
3.56288,0,0.05,0,0,0,0,0,0
3.58676,0,0.05,0,0,0,0,0,0
3.61066,0,0.05,0,0,0,0,0,0
3.63472,0,0.05,0,0,0,0,0,0
3.65862,0,0.05,0,0,0,0,0,0
3.68249,0,0.05,0,0,0,1.22,0,0
3.7065,0,0.05,0,0,0,0,0,0
3.72712,0,0.05,0,0,0,0,0,0
3.75117,0,0.05,0,0,0.87,0,0,0
3.77827,0,0.05,0,0,0.7,0,0,0
3.80544,0,0.05,0,0,0.35,0,0,0
3.8293,0,0.05,0,0,0,0,0,0
3.85314,0,0.05,0,0,0,0,0,0
3.87698,0,0.05,0,0,0,0,0,0
3.90088,0,0.05,0,0,0,0,0,0
3.92477,0,0.05,0,0,0,0,0,0
3.94862,0,0.05,0,0,0,0,0,0
3.97252,0,0.05,0,0,0,0,0,0
3.99638,0,0.05,0,0,0,0,0,0
4.0203,0,0.05,0,0,0,0,0,0
4.04426,0,0.05,0,0,0,0,0,0
4.07139,0,0.05,0,0,0.35,1.22,0,0
4.09856,0,0.05,0,0,0.35,0,0,0
4.12259,0,0.05,0,0,-0.17,0,0,0
4.14321,0,0.05,0,0,0,0,0,0
4.16712,0,0.05,0,0,0,0,0,0
4.19098,0,0.05,0,0,0,0,0,0
4.21482,0,0.05,0,0,0,1.22,0,0
4.23867,0,0.05,0,0,0,0,0,0
4.25928,0,0.05,0,0,0,0,0,0
4.27991,0,0.05,0,0,0,0,0,0
4.30387,0,0.05,0,0,0,1.22,0,0
4.3277,0,0.05,0,0,0,0,0,0
4.35188,0,0.05,0,0,0,0.87,0,0
4.37572,0,0.05,0,0,0,1.05,0,0
4.39639,0,0.05,-0,0,0,0,0,0
4.41703,0,0.05,0,0,0,0,0,0
4.44097,0,0.05,0,0,0.87,0,0,0
4.46498,0,0.05,0,0,0.7,0,0,0
4.49212,0,0.05,0,0,0.35,1.22,0,0
4.51608,0,0.05,0.01,0,0,1.22,0,0
4.53992,0,0.05,0,0,0,0.7,0,0
4.56401,0,0.05,0,0,0,0.17,0,0
4.58786,0,0.05,0,0,0,0,0,0
4.61176,0,0.05,0,0,0,0,0,0
4.63565,0,0.05,0,0,0,0,0,0
4.6597,0,0.05,0,0,0,1.05,0,0
4.68687,0,0.05,0,0,0.52,0.87,0,0
4.71087,0,0.05,0,0,0,0.52,0,0
4.73476,0,0.05,0,0,0,0,0,0
4.76191,-0,0.05,0,0,0.52,0,0,0
4.78906,0,0.05,0,0,0.52,0,0,0
4.81614,0,0.05,0,0,0,0,0,0
4.84023,0,0.05,0,0,0,0,0,0
4.86732,0,0.05,0,0,1.05,0,0,0
4.89447,0,0.05,0,0,0.87,0,0,0
4.92162,0,0.05,0,0,0.35,0,0,0
4.94565,0,0.05,0,0,0,0,0,0
4.96939,0,0.05,0,0,0,0,0,0
4.99323,0,0.05,0,0,0,0,0,0
5.02043,0,0.05,0,0,0,0,0,0
5.04753,0,0.05,0,0,0.17,0,0,0
5.07139,0,0.05,0,0,0,0,0,0
5.09529,0,0.05,0,0,0,0,0,0
5.11915,0,0.05,0,0,0,0,0,0
5.14307,0,0.05,0,0,0,0,0,0
5.16691,0,0.05,0,0,0,0,0,0
5.19087,0,0.05,0,0,0,0,0,0
5.21474,0,0.05,0,0,0,0,0,0
5.23856,0,0.05,0,0,0,0,0,0
5.26242,0,0.05,0,0,0,0,0,0
5.28633,0,0.05,0,0,0,0,0,0
5.31025,0,0.05,0,0,0,0,0,0
5.3341,0,0.05,0,0,0,0,0,0
5.35801,0,0.05,0,0,0,0,0,0
5.38186,0,0.05,0,0,0,0,0,0
5.40576,0,0.05,0,0,0,0,0,0
5.42965,0,0.05,0,0,0,0,0,0
5.4537,0,0.05,0,0,0,0,0,0
5.4776,0,0.05,0,0,0,0,0,0
5.50147,0,0.05,0,0,0,0,0,0
5.52538,0,0.05,0,0,0,0,0,0
5.54927,0,0.05,0,0,0,0,0,0
5.57314,0,0.05,0,0,0,0,0,0
5.59704,0,0.05,0,0,0,0,0,0
5.62091,0,0.05,0,0,0,1.22,0,0
5.64486,0,0.05,0,0,0,0,0,0
5.66546,0,0.05,0,0,0,0,0,0
5.68609,0,0.05,0,0,0,0,0,0
5.71016,0,0.05,0,0,0,0,0,0
5.73405,0,0.05,0,0,0,0,0,0
5.7579,0,0.05,0,0,0,0,0,0
5.78165,0,0.05,0,0,0,0,0,0
5.80553,0,0.05,0,0,0,0,0,0
5.82961,0,0.05,0,0,0,0,0,0
5.85327,0,0.05,0,0,0,0,0,0
5.87718,0,0.05,0,0,0,0,0,0
5.90104,0,0.05,0,0,0,0,0,0
5.92496,0,0.05,0,0,0,0,0,0
5.94886,0,0.05,0,0,0,0,0,0
5.97275,0,0.05,0,0,0,0,0,0
5.9966,0,0.05,0,0,0,0,0,0
6.02068,0,0.05,0,0,0,0,0,0
6.04457,0,0.05,0,0,0,0,0,0
6.06846,0,0.05,0,0,0,0,0,0
6.09232,0,0.05,0,0,0,0,0,0
6.11623,0,0.05,0,0,0,0,0,0
6.14014,0,0.05,0,0,0,0,0,0
6.16401,0,0.05,0,0,0,0,0,0
6.18802,0,0.05,0,0,0,0,0,0
6.21196,0,0.05,0,0,0,0,0,0
6.23579,0,0.05,0,0,0,0,0,0
6.25966,0,0.05,0,0,0,0,0,0
6.28371,0,0.05,0,0,0,0,0,0
6.3076,0,0.05,0,0,0,0,0,0
6.33147,0,0.05,0,0,0,0,0,0
6.35538,0,0.05,0,0,0,0,0,0
6.37924,0,0.05,0,0,0,0,0,0
6.40317,0,0.05,0,0,0,0,0,0
6.42701,0,0.05,0,0,0,0,0,0
6.45096,0,0.05,0,0,0,0,0,0
6.47479,0,0.05,0,0,0,0,0,0
6.49865,0,0.05,0,0,0,0,0,0
6.52254,0,0.05,0,0,0,0,0,0
6.54641,0,0.05,0,0,0,0,0,0
6.57028,0,0.05,0,0,0,0,0,0
6.59411,0,0.05,0,0,0,0,0,0
6.61814,0,0.05,0,0,0,0,0,0
6.642,0,0.05,0,0,0,0,0,0
6.66575,0,0.05,0,0,0,0,0,0
6.68986,0,0.05,0,0,0,0,0,0
6.71365,0,0.05,0,0,0,0,0,0
6.73755,0,0.05,0,0,0,0,0,0
6.76142,0,0.05,0,0,0,0,0,0
6.78546,0,0.05,0,0,0,0,0,0
6.80937,0,0.05,0,0,0,0,0,0
6.83322,0,0.05,0,0,0,0,0,0
6.85709,0,0.05,0,0,0,0,0,0
6.881,0,0.05,0,0,0,0,0,0
6.90487,0,0.05,0,0,0,0,0,0
6.92876,0,0.05,0,0,0,0,0,0
6.9526,0,0.05,0,0,0,0,0,0
6.97651,0,0.05,0,0,0,0,0,0
7.00037,0,0.05,0,0,0,0,0,0
7.02428,0,0.05,0,0,0,0,0,0
7.048,0,0.05,0,0,0,0,0,0
7.07204,0,0.05,0,0,0,0,0,0
7.0959,0,0.05,0,0,0,0,0,0
7.11985,0,0.05,0,0,0,0,0,0
7.14368,0,0.05,0,0,0,0,0,0
7.17095,0,0.05,0,0,2.1,0,0,0
7.19811,0,0.05,0,0,1.92,0,0,0
7.22523,0,0.05,0,0,0.87,0,0,0
7.25261,0,0.06,0,0,1.4,0,0,0
7.27969,0,0.06,0,0,0.88,0,0,0
7.30676,0,0.06,0,0,0.35,0,0,0
7.33059,0,0.06,0,0,0,0,0,0
7.35454,0,0.06,0,0,0,0,0,0
7.37837,0,0.06,0,0,0,0,0,0
7.40253,0,0.06,0,0,0,0,0,0
7.42642,0,0.06,0,0,0,0,0,0
7.45027,0,0.06,0,0,0,0,0,0
7.47418,0,0.06,0,0,0,0,0,0
7.49805,0,0.06,0,0,0,0,0,0
7.52195,0,0.06,0,0,0,0,0,0
7.54583,0,0.06,0,0,0,0,0,0
7.56971,0,0.06,0,0,0,0,0,0
7.59684,0,0.06,0,0,1.05,0,0,0
7.62413,0,0.06,0,0,0.88,0,0,0
7.65127,0,0.06,0,0,0.35,0,0,0
7.67922,0,0.06,0,0,-0.18,0,0,0
7.70467,0,0.06,0,0,0,0,-2.14,-1.48
7.72973,0,0.05,0,0,0,0,-2.48,-1.45
7.75376,0,0.05,0,0,0,0,-2.48,-1.45
7.77905,0,0.05,0,0,0,0,-2.55,-1.44
7.80294,0,0.05,0,0,0,0,-2.55,-1.44
7.82826,0,0.05,0,0,0,0,-2.56,-1.44
7.85212,0,0.05,0,0,0,0,-2.56,-1.44
7.87756,0,0.05,0,0,0,0,-2.57,-1.36
7.90142,0,0.05,0,0,0,0,-2.57,-1.36
7.93086,0,0.05,0,0,0.17,0,-2.57,-1.26
7.95799,0,0.05,0,0,0.35,0,-2.57,-1.26
7.98661,0,0.05,0,0,-0.17,0,-2.65,-1.48
8.01046,0,0.05,0,0,0,0,-2.65,-1.48
8.03567,0,0.05,0,0,0,0,-2.75,-1.78
8.05984,0,0.05,0,0,0,0,-2.75,-1.78
8.08496,0,0.05,0,0,0,0,-2.44,-1.34
8.10901,0,0.05,0,0,0,0,-2.44,-1.34
8.13397,0,0.05,0,0,0,0,-2.46,-1.25
8.15932,0,0.05,0,0,0,0,-2.55,-1.57
8.18319,0,0.05,0,0,0,0,-2.55,-1.57
8.20854,0,0.05,0,0,0,0,-2.48,-1.55
8.23239,0,0.05,0,0,0,0,-2.48,-1.55
8.25766,0,0.05,0,0,0,0,-2.55,-1.3
8.28159,0,0.05,0,0,0,0,-2.55,-1.3
8.30687,0,0.05,0,0,0,0,-2.48,-1.16
8.33091,0,0.05,0,0,0,0,-2.48,-1.16
8.35612,0,0.05,0,0,0,0,-2.3,-0.81
8.38331,0,0.05,0,0,0.17,0,-2.3,-0.81
8.41194,0,0.06,0,0,1.4,0,-2.6,-1.39
8.43924,0,0.06,0,0,0.88,0,-2.6,-1.39
8.46767,0,0.06,0,0,0.35,0,-2.49,-1.43
8.49154,0,0.06,0,0,0,0,-2.49,-1.43
8.51684,0,0.06,0,0,0,0,-2.47,-1.19
8.54068,0,0.06,0,0,0,0,-2.47,-1.19
8.56593,0,0.06,0,0,0,0,-2.38,-1.14
8.59,0,0.06,0,0,0,0,-2.38,-1.14
8.6152,0,0.06,0,0,0,0,-2.37,-1.13
8.63912,0,0.06,0,0,0,0,-2.37,-1.13
8.66435,0,0.06,0,0,0,0,-2.28,-1.05
8.68845,0,0.05,0,0,0,0,-2.28,-1.05
8.71351,0,0.05,0,0,0,0,-2.59,-1.2
8.73742,0,0.05,0,0,0,0,-2.59,-1.2
8.76264,0,0.05,0,0,0,0,-2.49,-1.31
8.78674,0,0.05,0,0,0,0,-2.49,-1.31
8.81183,0,0.05,0,0,0,0,-2.39,-1.25
8.83571,0,0.05,0,0,0,0,-2.39,-1.25
8.86098,0,0.05,0,0,0,0,-2.37,-0.99
8.88618,0,0.05,0,0,0,0,-2.53,-1.02
8.91009,0,0.05,0,0,0,0,-2.53,-1.02
8.93537,0,0.05,0,0,0,0,-2.48,-1.11
8.9594,0,0.05,0,0,0,0,-2.48,-1.11
8.98463,0,0.05,0,0,0,0,-2.47,-1.21
9.00852,0,0.05,0,0,0,0,-2.47,-1.21
9.03704,0,0.06,0,0,1.05,0,-2.38,-1.15
9.06107,0,0.05,0,0,0,0,-2.38,-1.15
9.0863,-0.01,0.05,0,0,0,0,-2.28,-0.89
9.11035,0,0.05,0,0,0,0,-2.28,-0.89
9.13562,0,0.05,0,0,0,0,-2.18,-0.92
9.15953,0,0.05,0,0,0,0,-2.18,-0.92
9.18484,0,0.05,0,0,0,0,-2.33,-0.92
9.20867,0,0.05,0,0,0,0,-2.33,-0.92
9.23393,0,0.05,0,0,0,0,-2.36,-0.92
9.26103,0,0.06,0,0,1.05,0,-2.36,-0.92
9.28628,0,0.05,0,0,0,0,-2.36,-0.84
9.31035,0,0.05,0,0,0,0,-2.36,-0.84
9.33558,0,0.05,0,0,0,0,-2.28,-0.83
9.36068,0,0.05,0,0,0,0,-2.18,-0.58
9.38477,0,0.05,0,0,0,0,-2.18,-0.58
9.40998,0,0.05,0,0,0,0,-2.24,-0.94
9.43402,0,0.05,0,0,0,0,-2.24,-0.94
9.45911,0,0.05,0,0,0,0,-2.26,-1.09
9.48315,0,0.05,0,0,0,0,-2.26,-1.09
9.50844,0,0.05,0,0,0,0,-2.18,-0.96
9.53248,0,0.05,0,0,0,0,-2.18,-0.96
9.55757,0,0.05,0,0,0,0,-2.24,-0.85
9.58162,0,0.05,0,0,0,0,-2.24,-0.85
9.60683,0,0.05,0,0,0,0,-2.26,-0.99
9.63093,0,0.05,0,0,0,0,-2.26,-0.99
9.65615,0,0.05,0,0,0,0,-2.18,-0.77
9.6802,0,0.05,0,0,0,0,-2.18,-0.77
9.70529,0,0.05,0,0,0,0,-2.33,-0.81
9.72934,0,0.05,0,0,0,0,-2.33,-0.81
9.75457,0,0.05,0,0,0,0,-2.44,-0.82
9.77865,0,0.05,0,0,0,0,-2.44,-0.82
9.80387,0,0.05,0,0,0,0,-2.3,-0.66
9.82792,0,0.05,0,0,0,0,-2.3,-0.66
9.85335,0,0.05,0,0,0,0,-2.35,-0.87
9.87725,0,0.05,0,0,0,0,-2.35,-0.87
9.90265,0,0.05,0,0,0,0,-2.36,-0.91
9.92652,0,0.05,0,0,0,0,-2.36,-0.91
9.9521,0,0.05,0,0,0,0,-2.28,-0.59
9.97629,0,0.05,0,0,0,0,-2.28,-0.59
10.0024,0,0.05,0,0,0,0,-2.26,-0.61
10.0265,0,0.05,0,0,0,0,-2.26,-0.61
10.0523,0,0.05,0,0,0,0,-2.26,-0.62
10.0778,0,0.05,0,0,0,0,-2.42,-0.86
10.1016,0,0.05,0,0,0,0,-2.42,-0.86
10.1274,0,0.05,0,0,0,0,-2.37,-0.67
10.1514,0,0.05,0,0,0,0,-2.37,-0.67
10.1775,0,0.05,0,0,0,0,-2.37,-0.71
10.2014,0,0.05,0,0,0,0,-2.37,-0.71
10.2275,0,0.05,0,0,0,0,-2.28,-0.72
10.2513,0,0.05,0,0,0,0,-2.28,-0.72
10.2773,0,0.05,0,0,0,0,-2.18,-0.72
10.3013,0,0.05,0,0,0,0,-2.18,-0.72
10.3274,0,0.05,0,0,0,0,-2.66,-1.29
10.3513,0,0.05,0,0,0,0,-2.66,-1.29
10.3771,0,0.05,0,0,0,0,-2.67,-1.25
10.4011,0,0.05,0,0,0,0,-2.67,-1.25
10.4307,0,0.06,0,0,1.05,0,-2.67,-1.24
10.4547,0,0.05,0,0,0,0,-2.67,-1.24
10.48,0,0.05,0,0,0,0,-2.59,-1.15
10.504,0,0.05,0,0,0,0,-2.59,-1.15
10.5292,0,0.05,0,0,0,0,-2.41,-1.13
10.5546,0,0.05,0,0,0,0,-2.62,-1.54
10.5784,0,0.05,0,0,0,0,-2.62,-1.54
10.6037,0,0.05,0,0,0,0,-2.82,-1.95
10.6278,0,0.05,0,0,0,0,-2.82,-1.95
10.6562,0,0.06,0,0,1.05,0,-2.95,-2.2
10.6803,0,0.05,0,0,0,0,-2.95,-2.2
10.7055,0,0.05,0,0,0,0,-2.89,-2.25
10.7327,0,0.06,0,0,0.7,0,-2.89,-2.25
10.7579,0,0.05,0,0,0,0,-2.88,-2.09
10.7852,0,0.06,0,0,0.53,0,-2.88,-2.09
10.8137,0,0.06,0,0,0.7,0,-3.12,-2.39
10.841,0,0.06,0,0,0.18,0,-3.12,-2.39
10.8662,0,0.05,0,0,0,0,-3.17,-2.53
10.8901,0,0.06,0,0,0,0,-3.17,-2.53
10.9185,0,0.06,0,0,0,0,-3.26,-2.64
10.9425,0,0.06,0,0,0,0,-3.26,-2.64
10.9678,0,0.06,0,0,0,0,-3.2,-2.67
10.9918,0,0.06,0,0,0,0,-3.2,-2.67
11.0171,0,0.06,0,0,0,0,-3.02,-2.26
11.0411,0,0.06,0,0,0,0,-3.02,-2.26
11.0662,0,0.06,0,0,0,0,-3.4,-2.67
11.0902,0,0.06,0,0,0,0,-3.4,-2.67
11.1153,0,0.06,0,0,0,0,-3.39,-2.84
11.1394,0,0.06,0,0,0,0,-3.39,-2.84
11.1646,0,0.06,0,0,0,0,-3.39,-2.95
11.1887,0,0.06,0,0,0,0,-3.39,-2.95
11.2138,0,0.06,0,0,0,0,-3.31,-3.06
11.2379,0,0.06,0,0,0,0,-3.31,-3.06
11.2631,0,0.06,0,0,0,0,-3.29,-2.91
11.2883,0,0.06,0,0,0,0,-3.53,-3.46
11.3123,0,0.06,0,0,0,0,-3.53,-3.46
11.3375,0,0.06,0,0,0,0,-3.67,-3.57
11.3613,0,0.06,0,0,0,0,-3.67,-3.57
11.3866,0,0.06,0,0,0,0,-3.61,-3.43
11.4107,0,0.06,0,0,0,0,-3.61,-3.43
11.4357,0,0.06,0,0,0,0,-3.6,-3.15
11.4598,0,0.06,0,0,0,0,-3.6,-3.15
11.4851,0,0.06,0,0,0,0,-3.6,-3.01
11.5059,0,0.06,0,0,0,0,-3.6,-3.01
11.5279,0,0.06,0,0,0,0,-3.84,-3.73
11.5485,0,0.06,0,0,0,0,-3.84,-3.73
11.5693,0,0.06,0,0,0,0,-3.84,-3.73
11.5912,0,0.06,0,0,0,0,-3.89,-3.62
11.612,0,0.06,0,0,0,0,-3.89,-3.62
11.6338,0,0.06,0,0,0,0,-3.98,-3.68
11.6579,0,0.06,0,0,0,0,-3.98,-3.68
11.6863,0,0.06,0,0,1.05,0,-3.76,-3.61
11.7136,0,0.06,0,0,1.05,0,-3.76,-3.61
11.7389,0,0.05,0,0,0,0,-3.87,-3.76
11.7672,0,0.06,0,0,0,0,-4.55,-4.7
11.7913,0,0.06,0,0,0,0,-4.55,-4.7
11.8162,0,0.05,0,0,0,0,-4.53,-4.72
11.8403,0,0.05,0,0,0,0,-4.53,-4.72
11.8653,0,0.06,0,0,0,0,-4.36,-4.4
11.8928,0,0.06,0,0,0,0,-4.36,-4.4
11.9178,0,0.06,0,0,0,0,-4.32,-4.41
11.9419,0,0.06,0,0,0,0,-4.32,-4.41
11.9671,0,0.06,0,0,0,0,-4.4,-4.74
11.991,0,0.06,0,0,0,0,-4.4,-4.74
12.0162,0,0.06,0,0,0,0,-4.82,-5.22
12.0435,0,0.06,0,0,1.05,0,-4.82,-5.22
12.0719,0,0.06,0,0,1.05,0,-4.99,-5.24
12.0961,0,0.06,0,0,0,0,-4.99,-5.24
12.1213,0,0.06,0,0,0,0,-4.7,-4.83
12.1452,0,0.06,0,0,0,0,-4.7,-4.83
12.1704,0,0.06,0,0,0,0,-4.56,-4.91
12.1977,0,0.06,0,0,0.53,0,-4.56,-4.91
12.2227,0,0.06,0,0,0,0,-4.53,-4.68
12.2501,0,0.06,0,0,0.35,0,-4.53,-4.68
12.2788,0,0.06,0,0,0.53,0,-4.93,-5.21
12.304,0,0.06,0,0,0,0,-4.93,-5.23
12.3278,0,0.06,0,0,0,0,-4.93,-5.23
12.353,0,0.06,0,0,0,0,-4.85,-5.16
12.3769,0,0.06,0,0,0,0,-4.85,-5.16
12.4023,0,0.06,0,0,0,0,-4.67,-4.98
12.4264,0,0.06,0,0,0,0,-4.67,-4.98
12.4557,0,0.06,0,0,1.05,0,-4.63,-4.86
12.4842,0,0.06,0,0,0.88,0,-4.71,-5.24
12.5115,0,0.06,0,0,0.35,0,-4.71,-5.24
12.5368,0,0.06,0,0,0,0,-4.56,-5.24
12.5608,0,0.06,0,0,0,0,-4.56,-5.24
12.5893,0,0.06,0,0,0.18,0,-4.36,-4.91
12.6165,0,0.06,0,0,0.35,0,-4.36,-4.91
12.6451,0,0.06,0,0,-0.18,0,-4.08,-4.6
12.669,0,0.06,0,0,0,0,-4.08,-4.6
12.6942,0,0.06,0,0,0,0,-4.1,-4.37
12.7181,0,0.06,0,0,0,0,-4.1,-4.37
12.7433,0,0.06,0,0,0,0,-4.44,-4.98
12.7674,0,0.06,0,0,0,0,-4.44,-4.98
12.7926,0,0.06,0,0,0,0,-4.42,-4.94
12.8197,0,0.06,0,0,0,0,-4.42,-4.94
12.8482,0,0.06,0,0,0.18,0,-4.42,-4.6
12.8722,0,0.06,0,0,0,0,-4.42,-4.6
12.8975,0,0.06,0,0,0,0,-4.34,-4.29
12.9246,0,0.06,0,0,0.18,0,-4.34,-4.29
12.9533,0,0.06,0,0,0.35,0,-4.24,-4.15
12.9785,0,0.06,0,0,0,0,-4.3,-4.36
13.0038,0,0.06,0,0,0,0,-4.23,-4.24
13.0278,0,0.06,0,0,0,0,-4.23,-4.24
13.053,0,0.06,0,0,0,0,-3.97,-4.05
13.0771,0,0.06,0,0,0,0,-3.97,-4.05
13.1023,0,0.06,0,0,0,0,-3.75,-3.6
13.1264,0,0.06,0,0,0,0,-3.75,-3.6
13.1523,0,0.06,0,0,0,0,-3.87,-3.43
13.1763,0,0.06,0,0,0,0,-3.87,-3.43
13.2023,0,0.06,0,0,0,0,-3.9,-3.81
13.2263,0,0.06,0,0,0,0,-3.9,-3.81
13.2522,0,0.06,0,0,0,0,-3.74,-3.47
13.2763,0,0.06,0,0,0,0,-3.74,-3.47
13.3022,0,0.06,0,0,0,0,-3.71,-3.24
13.3263,0,0.06,0,0,0,0,-3.71,-3.24
13.3524,0,0.06,0,0,0,0,-3.54,-2.95
13.3763,0,0.06,0,0,0,0,-3.54,-2.95
13.4023,0,0.06,0,0,0,0,-3.34,-2.89
13.4264,0,0.06,0,0,0,0,-3.34,-2.89
13.4523,0,0.06,0,0,0,0,-3.79,-3.45
13.4762,0,0.06,0,0,0,0,-3.79,-3.45
13.5023,0,0.06,0,0,0,0,-3.63,-3.16
13.5264,0,0.06,0,0,0,0,-3.63,-3.16
13.5523,0,0.06,0,0,0,0,-3.52,-3.1
13.5763,0,0.06,0,0,0,0,-3.52,-3.1
13.6024,0,0.06,0,0,0,0,-3.5,-3
13.6263,0,0.06,0,0,0,0,-3.5,-3
13.6524,0,0.06,0,0,0,0,-3.49,-3.23
13.6778,0,0.06,0,0,0,0,-3.74,-3.52
13.7017,0,0.06,0,0,0,0,-3.74,-3.52
13.7273,0,0.06,0,0,0,0,-3.54,-3.01
13.7513,0,0.06,0,0,0,0,-3.54,-3.01
13.7773,0,0.06,0,0,0,0,-3.17,-2.57
13.8013,0,0.06,0,0,0,0,-3.17,-2.57
13.8272,0,0.06,0,0,0,0,-3.1,-2.65
13.8513,0,0.06,0,0,0,0,-3.1,-2.65
13.8774,0,0.06,0,0,0,0,-2.84,-2.26
13.9013,0,0.06,0,0,0,0,-2.84,-2.26
13.9275,0,0.06,0,0,0,0,-3.12,-2.42
13.9514,0,0.06,0,0,0,0,-3.12,-2.42
13.9775,0,0.06,0,0,0,0,-3.01,-2.29
14.0013,0,0.06,0,0,0,0,-3.01,-2.29
14.0273,0,0.06,0,0,0,0,-2.74,-1.86
14.0512,0,0.06,0,0,0,0,-2.74,-1.86
14.0773,0,0.06,0,0,0,0,-2.68,-1.6
14.1012,0,0.06,0,0,0,0,-2.68,-1.6
14.1274,0,0.06,0,0,0,0,-2.59,-1.39
14.1527,0,0.06,0,0,0,0,-2.65,-1.67
14.1766,0,0.06,0,0,0,0,-2.65,-1.67
14.2023,0,0.06,0,0,0,0,-2.91,-2.06
14.2264,0,0.06,0,0,0,0,-2.91,-2.06
14.2522,0,0.06,0,0,0,0,-2.88,-1.97
14.2762,0,0.06,0,0,0,0,-2.88,-1.97
14.3023,0,0.06,0,0,0,0,-2.63,-1.46
14.3264,0,0.06,0,0,0,0,-2.63,-1.46
14.3523,0,0.06,0,0,0,0,-2.75,-1.44
14.3763,0,0.06,0,0,0,0,-2.75,-1.44
14.4022,0,0.06,0,0,0,0,-2.77,-1.93
14.4263,0,0.06,0,0,0,0,-2.77,-1.93
14.4522,0,0.06,0,0,0,0,-2.69,-1.62
14.4761,0,0.06,0,0,0,0,-2.69,-1.62
14.5056,0,0.06,0,0,0.88,0,-2.59,-1.31
14.5329,0,0.06,0,0,0.88,0,-2.59,-1.31
14.5582,0,0.06,0,0,0,0,-2.57,-1.33
14.582,0,0.05,0,0,0,0,-2.57,-1.33
14.6073,0,0.06,0,0,0,0,-2.65,-1.58
14.6313,0,0.05,0,0,0,0,-2.65,-1.58
14.6566,0,0.05,0,0,0,0,-2.67,-1.71
14.6806,0,0.05,0,0,0,0,-2.67,-1.71
14.7058,0,0.05,0,0,0,0,-2.67,-1.58
14.7298,0,0.05,0,0,0,0,-2.67,-1.58
14.7551,0,0.05,0,0,0,0,-2.67,-1.38
14.779,0,0.05,0,0,0,0,-2.67,-1.38
14.8043,0,0.05,0,0,0,0,-2.51,-1.18
14.8283,0,0.05,0,0,0,0,-2.51,-1.18
14.8537,0,0.05,0,0,0,0,-2.56,-1.3
14.8789,0,0.05,0,0,0,0,-2.4,-1
14.9029,0,0.05,0,0,0,0,-2.4,-1
14.9282,0,0.05,0,0,0,0,-2.45,-1.1
14.952,0,0.05,0,0,0,0,-2.45,-1.1
14.9774,0,0.05,0,0,0,0,-2.46,-1.12
15.0012,0,0.05,0,0,0,0,-2.46,-1.12
15.0274,0,0.05,0,0,0,0,-2.38,-1.13
15.0512,0,0.05,0,0,0,0,-2.38,-1.13
15.0774,0,0.05,0,0,0,0,-2.61,-1.46
15.1012,0,0.05,0,0,0,0,-2.61,-1.46
15.1273,0,0.05,0,0,0,0,-2.66,-1.44
15.1512,0,0.05,0,0,0,0,-2.66,-1.44
15.1773,0,0.05,0,0,0,0,-2.59,-1.27
15.2012,0,0.05,0,0,0,0,-2.59,-1.27
15.2273,0,0.05,0,0,0,0,-2.49,-1.32
15.2512,0,0.05,0,0,0,0,-2.49,-1.32
15.2774,0,0.05,0,0,0,0,-2.47,-1.17
15.3012,0,0.05,0,0,0,0,-2.47,-1.17
15.3273,0,0.05,0,0,0,0,-2.55,-1.3
15.3527,0,0.05,0,0,0,0,-2.56,-1.08
15.3766,0,0.05,0,0,0,0,-2.56,-1.08
15.4023,0,0.05,0,0,0,0,-2.4,-1.04
15.4264,0,0.05,0,0,0,0,-2.4,-1.04
15.4521,0,0.05,0,0,0,0,-2.37,-1.03
15.4762,0,0.05,0,0,0,0,-2.37,-1.03
15.5023,0,0.05,0,0,0,0,-2.28,-0.86
15.5263,0,0.05,0,0,0,0,-2.28,-0.86
15.5525,0,0.05,0,0,0,0,-2.35,-0.99
15.5763,0,0.05,0,0,0,0,-2.35,-0.99
15.6023,0,0.05,0,0,0,0,-2.36,-1.02
15.6263,0,0.05,0,0,0,0,-2.36,-1.02
15.6523,0,0.05,0,0,0,0,-2.28,-1.11
15.6761,0,0.05,0,0,0,0,-2.28,-1.11
15.7024,0,0.05,0,0,0,0,-2.18,-1.04
15.7263,0,0.05,0,0,0,0,-2.18,-1.04
15.7524,0,0.05,0,0,0,0,-2.24,-0.87
15.7764,0,0.05,0,0,0,0,-2.24,-0.87
15.8024,0,0.05,0,0,0,0,-2.42,-1.24
15.8262,0,0.05,0,0,0,0,-2.42,-1.24
15.8524,0,0.05,0,0,0,0,-2.46,-1.23
15.8762,0,0.05,0,0,0,0,-2.46,-1.23
15.9024,0,0.05,0,0,0,0,-2.38,-1.07
15.9262,0,0.05,0,0,0,0,-2.38,-1.07
15.9524,0,0.05,0,0,0,0,-2.45,-1.04
15.9762,0,0.05,0,0,0,0,-2.45,-1.04
16.0025,0,0.05,0,0,0,0,-2.38,-0.95
16.0263,0,0.05,0,0,0,0,-2.38,-0.95
16.0521,0,0.05,0,0,0,0,-2.45,-1.18
16.0774,0,0.05,0,0,0,0,-2.46,-1.22
16.1014,0,0.05,0,0,0,0,-2.46,-1.22
16.1274,0,0.05,0,0,0,0,-2.46,-1.15
16.1512,0,0.05,0,0,0,0,-2.46,-1.15
16.1773,0,0.05,0,0,0,0,-2.3,-0.97
16.2012,0,0.05,0,0,0,0,-2.3,-0.97
16.2273,0,0.05,0,0,0,0,-2.35,-0.77
16.2514,0,0.05,0,0,0,0,-2.35,-0.77
16.2775,0,0.05,0,0,0,0,-2.28,-0.98
16.3013,0,0.05,0,0,0,0,-2.28,-0.98
16.3274,0,0.05,0,0,0,0,-2.26,-0.93
16.3514,0,0.05,0,0,0,0,-2.26,-0.93
16.3774,0,0.05,0,0,0,0,-2.42,-0.68
16.4013,0,0.05,0,0,0,0,-2.42,-0.68
16.4274,0,0.05,0,0,0,0,-2.29,-0.63
16.4514,0,0.05,0,0,0,0,-2.29,-0.63
16.4774,0,0.05,0,0,0,0,-2.18,-0.62
16.5013,0,0.05,0,0,0,0,-2.18,-0.62
16.5274,0,0.05,0,0,0,0,-2.33,-0.78
16.5527,0,0.05,0,0,0,0,-2.27,-0.9
16.5768,0,0.05,0,0,0,0,-2.27,-0.9
16.6023,0,0.05,0,0,0,0,-2.18,-0.75
16.6263,0,0.05,0,0,0,0,-2.18,-0.75
16.6523,0,0.06,0,0,0,2.27,-2.16,-0.64
16.6763,0,0.06,0,0,0,2.27,-2.16,-0.64
16.7059,0,0.06,0,0,1.05,1.22,-2.16,-0.79
16.7299,0,0.05,0,0,0,0.52,-2.16,-0.79
16.7519,0,0.05,0,0,0,0,-2.32,-0.98
16.776,0.01,0.06,0,0,0.88,0,-2.32,-0.98
16.8,0,0.05,0,0,0,1.92,-2.32,-0.98
16.822,0,0.05,0,0,0,0,-2.35,-0.85
16.8427,0.01,0.05,0,0,0,0,-2.35,-0.85
16.8679,0,0.06,0,0,1.05,0,-2.36,-0.91
16.8954,0,0.06,0,0,0.88,0.35,-2.36,-0.91
16.9239,0,0.06,0,0,0.35,0.7,-2.2,-1
16.9479,0,0.06,0,0,0,0.17,-2.2,-1
16.9731,0,0.06,0,0.01,0,2.09,-2.17,-0.86
16.9974,0,0.06,0,0.02,0,1.22,-2.17,-0.86
17.0226,0,0.06,0,0.04,0,0.17,-2.32,-0.91
17.0433,0,0.06,0,0.05,0,0,-2.32,-0.91
17.0653,0,0.06,0,0.05,0,0,-2.27,-0.84
17.0861,0,0.06,0,0.05,0,0,-2.27,-0.84
17.1113,0,0.06,0,0.05,1.05,0,-2.26,-0.99
17.1354,0,0.06,0,0.05,0.88,0,-2.26,-0.99
17.1607,0,0.06,0,0.06,1.58,0,-2.26,-0.94
17.188,0,0.06,0,0.06,1.05,0,-2.26,-0.94
17.2132,0,0.06,0,0.06,0.18,0,-2.34,-0.93
17.2374,0,0.06,0,0.06,0,1.22,-2.34,-0.93
17.2626,0,0.06,0,0.07,0,0.35,-2.61,-1.58
17.2879,0,0.06,0,0.08,0,1.05,-2.58,-1.47
17.3121,0,0.06,0,0.08,0,2.09,-2.58,-1.47
17.3406,0,0.06,0,0.09,0,2.79,-2.49,-1.44
17.3647,0,0.06,0,0.11,0,5.59,-2.49,-1.44
17.3899,0,0.06,0,0.11,0,4.36,-2.55,-1.52
17.4141,0,0.06,0,0.11,0,2.09,-2.55,-1.52
17.4393,0,0.06,0,0.13,0,0.7,-2.65,-1.87
17.4636,0,0.06,0,0.15,0,9.1,-2.65,-1.87
17.4888,0,0.06,0,0.15,0,9.8,-3.08,-2.51
17.5129,0,0.06,0,0.15,0,3.85,-3.08,-2.51
17.5381,0,0.06,0,0.16,0,1.22,-3.16,-2.47
17.5587,0,0.06,0,0.16,0,0,-3.16,-2.47
17.584,0,0.06,0,0.16,0,1.58,-3.1,-2.38
17.608,0,0.06,0,0.17,0,5.25,-3.1,-2.38
17.6332,0,0.06,0,0.18,0,5.43,-2.92,-2.28
17.6606,0,0.06,0,0.19,0,7.71,-2.92,-2.28
17.6859,0,0.06,0,0.2,0,9.28,-3.13,-2.35
17.7099,0,0.06,0,0.2,0,7.53,-3.13,-2.35
17.7386,0,0.07,0,0.21,1.05,4.73,-3.17,-2.61
17.7672,0,0.07,0,0.23,2.1,6.83,-3.1,-2.58
17.7947,0,0.06,-0,0.24,0.35,6.3,-3.1,-2.58
17.8231,0,0.07,0,0.24,0.7,0.88,-3.17,-2.32
17.8475,0,0.07,-0,0.24,0.88,0,-3.17,-2.32
17.8694,0,0.07,0,0.24,0,0,-3.35,-2.68
17.8967,0,0.07,0,0.24,0,0.53,-3.35,-2.68
17.9219,0,0.07,0,0.26,0,8.56,-3.46,-3
17.946,0,0.07,-0,0.26,0,9.26,-3.46,-3
17.9746,0,0.07,-0,0.27,0,4.89,-3.4,-2.98
17.9987,0,0.07,-0,0.27,0,4.36,-3.4,-2.98
18.024,0,0.07,-0,0.27,0,6.1,-3.23,-2.65
18.048,0,0.06,-0,0.29,0,11.47,-3.23,-2.65
18.0734,0,0.06,0,0.3,0,13.18,-3.19,-2.42
18.0974,0,0.06,0,0.31,0,9.71,-3.19,-2.42
18.1228,0,0.06,0,0.34,0,5.89,-3.27,-2.46
18.1501,0,0.06,0,0.34,0.18,2.77,-3.27,-2.46
18.1755,0,0.07,-0,0.35,1.4,0,-3.45,-2.87
18.2029,0,0.06,-0,0.35,-0.18,2.42,-3.45,-2.87
18.2281,0,0.06,-0,0.35,0,2.59,-3.81,-3.45
18.2534,0,0.06,-0,0.35,0,1.38,-3.8,-3.48
18.2775,0,0.06,-0,0.35,0,2.76,-3.8,-3.48
18.3029,0,0.06,0,0.35,0,3.28,-3.55,-3.16
18.3305,0,0.06,0,0.35,0.18,-0.17,-3.55,-3.16
18.3591,0,0.06,0.01,0.36,0.35,2.07,-3.34,-2.93
18.3833,0,0.06,-0.02,0.38,0,7.56,-3.34,-2.93
18.4084,0,0.06,-0,0.38,0,6.53,-3.54,-3.3
18.4325,0,0.06,0,0.38,0,3.26,-3.54,-3.3
18.4579,0,0.06,0,0.38,0,1.03,-4.08,-3.86
18.4833,0,0.06,-0,0.39,0,1.2,-4.27,-4.06
18.5072,0,0.06,-0,0.38,0,2.91,-4.27,-4.06
18.5325,0,0.06,-0,0.39,0,0,-4.06,-3.85
18.5565,0,0.06,-0,0.39,0,1.2,-4.06,-3.85
18.5817,0,0.06,-0,0.4,0,4.27,-4.1,-4.14
18.609,0,0.06,-0,0.4,0,3.42,-4.1,-4.14
18.6378,0,0.07,-0,0.4,0.88,3.58,-4.02,-4.12
18.6618,0,0.06,-0,0.4,0,0.34,-4.02,-4.12
18.6871,0,0.06,-0,0.4,0,1.19,-4.26,-4.36
18.7112,-0,0.06,-0,0.42,0,6.45,-4.26,-4.36
18.7365,0,0.06,-0,0.43,0,5.77,-4.06,-4.49
18.7639,0,0.06,-0,0.45,0.18,1.53,-4.06,-4.49
18.7891,0,0.06,0,0.46,0,4.9,-4.02,-4.43
18.8134,0,0.06,-0,0.46,0,8.92,-4.02,-4.43
18.8386,0,0.06,0,0.48,0,6.4,-3.93,-4.42
18.8626,0,0.06,-0,0.49,0,6.04,-3.93,-4.42
18.888,0,0.06,-0,0.48,0,3.02,-3.99,-4.25
18.9121,0,0.06,-0,0.49,0,1.85,-3.99,-4.25
18.9406,0,0.06,-0,0.5,0,1.84,-4.58,-5.12
18.9694,0,0.06,-0,0.51,1.4,5.17,-4.7,-5.3
18.9937,0,0.06,-0,0.51,0,5.49,-4.7,-5.3
19.0189,0,0.06,-0,0.51,0,3.16,-4.72,4.86
19.043,0,0.06,-0,0.52,0,4.31,-4.72,4.86
19.0711,0,0.06,-0,0.52,0,3.48,-4.56,12.07
19.0979,0,0.06,-0,0.52,0,3.98,-4.56,12.07
19.1262,0,0.06,-0.01,0.52,0,4.31,-4.53,13.67
19.1552,0,0.06,-0.01,0.52,0,4.64,-5.1,17.44
19.1821,0,0.06,-0.01,0.52,0,5.31,-5.1,17.44
19.2101,0,0.06,-0.01,0.52,0,5.81,-4.88,35.54
19.237,0,0.06,-0.01,0.52,0,7.13,-4.88,35.54
19.265,0,0.06,-0.01,0.52,0,7.31,-4.84,50.33
19.2922,0,0.06,0,0.52,0,9.3,-4.84,50.33
19.32,0,0.06,-0.01,0.52,0,11.13,-4.67,55.51
19.347,0,0.06,-0.01,0.52,0,14.1,-4.67,55.51
19.3751,0,0.06,-0.01,0.52,0,15.11,-4.63,63.04
19.4019,0,0.06,-0.01,0.53,0,21.48,-4.63,63.04
19.4302,0,0.05,-0.01,0.53,0,21.7,-4.71,71.94
19.4583,0,0.06,-0.01,0.54,0,25.48,-4.47,81.45
19.4852,0,0.05,0,0.54,0,28.45,-4.47,81.45
19.5133,0,0.05,-0.01,0.54,0,31.6,-4.43,85.4
19.5434,0,0.06,-0.01,0.54,0,35.4,-4.43,85.4
19.5716,0,0.05,-0.01,0.54,0,38.54,-4.26,106.08
19.5985,0,0.05,-0.01,0.54,0,43.01,-4.26,106.08
19.6299,0,0.06,-0.01,0.53,0,47.64,-4.38,137.58
19.6613,0,0.06,-0.01,0.53,0.18,54.26,-4.33,174.78
19.6896,0,0.06,-0.01,0.53,0,61.7,-4.23,198.57
19.7166,0,0.06,-0.01,0.53,0,69.98,-4.23,198.57
19.7448,0,0.06,-0.01,0.52,0,76.86,-4.05,208.1
19.7717,0,0.06,-0.01,0.52,0,84.43,-4.05,208.1
19.7998,0,0.06,-0.01,0.52,0,92.55,-3.93,211.89
19.83,0,0.06,-0.01,0.52,1.05,100.98,-3.93,211.89
19.8583,0,0.06,-0,0.52,0,107.23,-4.16,213.23
19.8897,0,0.06,-0,0.51,1.4,114.82,-4.04,214.97
19.9201,-0,0.07,-0.01,0.51,1.58,121.28,-4.04,214.97
19.9514,0,0.07,-0.01,0.49,0.7,124.98,-3.93,216.64
19.9837,-0.01,0.07,-0,0.49,1.05,131.62,-3.83,218.04
20.0139,-0.01,0.07,-0.01,0.49,2.1,140.78,-3.83,218.04
20.0454,-0.01,0.07,-0.01,0.47,1.23,144.51,-3.81,218.89
20.0758,-0.01,0.07,-0.01,0.46,0.35,147.86,-3.81,218.89
20.1042,-0.01,0.07,-0,0.44,0,155.03,-3.97,219.39
20.1325,-0.01,0.08,-0,0.43,0,161.08,-3.92,220.64
20.1607,-0.01,0.07,-0,0.41,0,162.36,-3.91,221.47
20.1876,-0.01,0.08,-0,0.4,0,169.91,-3.91,221.47
20.2159,-0.02,0.07,-0,0.4,0,179.15,-3.58,222.29
20.2461,0,0.08,-0,0.39,1.05,185.55,-3.58,222.29
20.2777,-0.02,0.08,-0,0.38,1.05,193.82,-3.43,222.78
20.3092,-0.02,0.08,-0,0.37,0.53,195.14,-3.81,222.88
20.3396,-0.02,0.09,-0.01,0.37,2.1,207.39,-3.81,222.88
20.3713,-0.02,0.09,-0.01,0.35,2.98,206.78,-3.47,223.64
20.4014,-0.02,0.09,-0.01,0.32,3.15,205.34,-3.47,223.64
20.4329,-0.02,0.1,-0,0.3,2.98,206.32,-3.32,224.37
20.4644,-0.02,0.1,-0,0.3,0.7,212.79,-3.21,224.76
20.4914,-0.03,0.1,-0,0.29,0,214.51,-3.21,224.76
20.5228,-0.03,0.1,-0,0.27,2.1,214.11,-3.03,225.42
20.5532,-0.03,0.1,-0.01,0.25,2.1,209.94,-3.03,225.42
20.5815,-0.03,0.1,-0,0.23,0,202.58,-3.32,225.22
20.6098,-0.03,0.1,-0,0.23,0,202.58,-3.21,225.51
20.64,-0.04,0.1,-0,0.23,2.1,202.75,-3.21,225.51
20.6717,-0.04,0.1,-0,0.23,2.45,202.58,-3.03,226.14
20.7019,-0.04,0.1,-0,0.23,1.23,201.45,-3.03,226.14
20.7302,-0.04,0.1,-0,0.23,0,198.84,-2.99,226.51
20.7584,-0.04,0.1,-0,0.22,0,196.39,-3.06,226.83
20.7853,-0.04,0.1,-0,0.21,0,191.44,-3.06,226.83
20.8167,-0.04,0.1,-0.01,0.21,0.53,190.11,-3.24,226.57
20.8469,-0.04,0.1,-0,0.21,0.53,188.95,-3.24,226.57
20.8786,-0.04,0.1,-0,0.21,-0.18,186.26,-3.11,227.18
20.91,-0.04,0.1,-0,0.21,0,189.12,-3.09,227.79
20.9416,-0.04,0.1,-0,0.21,0,188.95,-3,228.24
20.9718,-0.04,0.1,-0,0.21,0,190.28,-3,228.24
21.0033,-0.04,0.1,-0,0.2,0,189.12,-2.9,217.4
21.035,-0.04,0.1,-0,0.19,0,183.91,-2.96,198.63
21.0652,-0.04,0.1,-0,0.18,0,183.91,-2.96,198.63
21.0968,-0.04,0.1,-0,0.18,-0.18,183.91,-2.89,170.14
21.1237,-0.04,0.1,-0,0.17,0,184.08,-2.89,170.14
21.1552,-0.04,0.1,-0.01,0.18,0,181.54,-2.8,126.56
21.1866,-0.04,0.1,-0,0.18,0.18,181.37,-2.7,86.12
21.2136,-0.04,0.1,-0,0.17,0,181.37,-2.7,86.12
21.2449,-0.04,0.1,-0,0.16,0,176.08,-2.76,41.88
21.2751,-0.04,0.1,-0,0.16,0,176.25,-2.76,41.88
21.3033,-0.04,0.1,-0,0.16,0,176.25,-2.77,22.76
21.3347,-0.04,0.1,-0,0.16,0,176.25,-2.61,15.89
21.3633,-0.04,0.1,-0,0.16,0,174.36,-2.58,6.88
21.3909,-0.04,0.1,0,0.16,0,155.79,-2.58,6.88
21.4193,-0.04,0.11,-0,0.16,1.05,129.87,-2.41,3.43
21.447,-0.04,0.11,-0,0.16,0.88,109.23,-2.41,3.43
21.4722,-0.04,0.1,-0,0.17,0,89.16,-2.29,2.33
21.4962,-0.04,0.1,-0,0.18,0,70.83,-2.29,2.33
21.5217,-0.04,0.1,-0,0.19,0,54.07,-2.51,1.78
21.5492,-0.04,0.1,-0,0.19,0.35,39.54,-2.51,1.78
21.5745,-0.04,0.1,-0,0.2,0,24.42,-2.56,1.42
21.6019,-0.04,0.1,-0,0.2,0,17.66,-2.56,1.42
21.6303,-0.04,0.1,-0.01,0.2,0.18,9.96,-2.48,1.19
21.659,-0.04,0.1,-0.01,0.2,0,4.72,-2.47,0.98
21.6831,-0.04,0.1,-0.01,0.21,0,8.23,-2.47,0.98
21.7085,-0.04,0.1,-0.01,0.21,0,6.65,-2.38,0.94
21.7325,-0.04,0.1,-0.01,0.21,0,3.5,-2.38,0.94
21.7578,-0.04,0.1,-0.01,0.21,0,1.4,-2.53,0.6
21.7818,-0.04,0.1,-0.01,0.21,0,1.58,-2.53,0.6
21.8072,-0.04,0.1,-0.01,0.21,0,0,-2.48,0.37
21.8279,-0.04,0.1,-0.01,0.21,0,0,-2.48,0.37
21.8533,-0.04,0.1,-0.01,0.21,0,0.88,-2.39,0.32
21.8774,-0.04,0.1,-0.01,0.21,0,1.05,-2.39,0.32
21.9028,-0.04,0.1,-0.01,0.21,0,0,-2.37,0.31
21.9236,-0.04,0.1,-0.01,0.21,0,0,-2.37,0.31
21.9477,-0.04,0.1,-0.01,0.21,0,0,-2.37,0.31
21.9729,-0.04,0.1,-0.01,0.21,0,0,-2.36,0.39
22.0002,-0.04,0.1,-0.01,0.21,0,0,-2.36,0.39
22.0287,-0.04,0.1,-0.01,0.21,0,1.05,-2.53,0.16
22.0573,-0.04,0.1,-0.01,0.21,0,1.05,-2.31,0.36
22.086,-0.04,0.1,-0.01,0.21,0,0.35,-2.27,0.4
22.1133,-0.04,0.1,-0.01,0.21,0,1.05,-2.27,0.4
22.1418,-0.04,0.1,-0.01,0.21,0,1.05,-2.18,0.49
22.1691,-0.04,0.1,-0.01,0.21,0,0.7,-2.18,0.49
22.1977,-0.04,0.1,-0.01,0.21,0,2.28,-2.24,0.51
22.225,-0.04,0.1,-0.01,0.21,0,0.88,-2.24,0.51
22.2538,-0.04,0.1,-0.01,0.21,0,-0.18,-2.34,0.27
22.279,-0.04,0.1,-0.01,0.21,0,0,-2.36,0.22
22.3031,-0.04,0.1,-0.01,0.21,0,0,-2.36,0.22
22.3284,-0.04,0.1,-0.01,0.21,0,0,-2.36,0.21
22.3524,-0.04,0.1,-0.01,0.21,0,0,-2.36,0.21
22.3809,-0.04,0.1,-0.01,0.21,0,0,-2.36,0.12
22.4082,-0.04,0.1,-0.01,0.21,0,0,-2.36,0.12
22.4367,-0.04,0.1,-0.01,0.21,0,0,-2.36,0.27
22.464,-0.04,0.1,-0.01,0.21,0,0,-2.36,0.27
22.4926,-0.04,0.1,-0.01,0.21,0,0,-2.44,-0.27
22.5199,-0.04,0.1,-0.01,0.21,0,0,-2.44,-0.27
22.5485,-0.04,0.1,-0.01,0.21,0,0,-2.38,-0.22
22.5738,-0.04,0.1,-0.01,0.21,0,0,-2.45,-0.13
22.5977,-0.04,0.1,-0.01,0.21,0,0,-2.45,-0.13
22.6229,-0.04,0.1,-0.02,0.21,0,0,-2.22,0.3
22.647,-0.04,0.1,-0.01,0.21,0,0,-2.22,0.3
22.6722,-0.04,0.1,-0.01,0.21,0,0,-2.25,0.14
22.696,-0.04,0.1,-0.01,0.21,0,0,-2.25,0.14
22.7215,-0.04,0.1,-0.01,0.21,0,0,-2.34,-0.14
22.7454,-0.04,0.1,-0.01,0.21,0,0,-2.34,-0.14
22.7708,-0.04,0.1,-0.01,0.2,0,0,-2.44,-0.11
22.7948,-0.04,0.1,-0.01,0.21,0,0,-2.44,-0.11
22.82,-0.04,0.1,-0.01,0.2,0,0,-2.3,-0.02
22.8441,-0.04,0.1,-0.01,0.19,0,0,-2.3,-0.02
22.8693,-0.04,0.1,-0.01,0.18,0,0,-2.18,0.16
22.8901,-0.04,0.09,-0.01,0.18,0,0,-2.18,0.16
22.9156,-0.04,0.09,-0.01,0.16,0,1.23,-2.16,0.2
22.9396,-0.04,0.09,-0.01,0.13,0,0.35,-2.16,0.2
22.965,-0.04,0.09,-0.01,0.09,0,2.1,-2.32,-0.13
22.9891,-0.04,0.08,-0.01,0.07,0,5.78,-2.32,-0.13
23.0146,-0.04,0.09,-0,0,0,5.78,-2.19,0.06
23.0352,-0.04,0.09,-0.01,0,0,0,-2.19,0.06
23.0574,-0.04,0.09,-0.01,0,0,0,-2.16,0.09
23.078,-0.04,0.08,-0,0,0,0,-2.16,0.09
23.1002,-0.04,0.08,-0,0,0,0,-2.32,-0.23
23.1242,-0.04,0.09,-0,0,0,0,-2.32,-0.23
23.1483,-0.04,0.09,-0,0,0.18,0,-2.32,-0.23
23.1735,-0.04,0.09,-0.01,0,0,1.21,-2.27,-0.46
23.1975,-0.04,0.09,-0,0,0,0,-2.27,-0.46
23.223,-0.04,0.09,-0,0,0,0.69,-2.34,-0.26
23.2438,-0.04,0.09,-0.01,0,0,0,-2.34,-0.26
23.266,-0.04,0.09,-0.01,0,0,0,-2.28,-0.22
23.288,-0.04,0.09,-0.01,0,0,0,-2.26,-0.04
23.3089,-0.04,0.09,-0.01,0,0,0,-2.26,-0.04
23.331,-0.04,0.09,-0.01,0,0,0,-2.18,-0.09
23.355,-0.04,0.09,-0.01,0,0,0,-2.18,-0.09
23.3771,-0.04,0.09,-0.01,0,0,0,-2.24,-0.1
23.4011,-0.04,0.09,-0.01,0,0.88,0,-2.24,-0.1
23.4253,-0.04,0.09,-0.01,0,0,0.52,-2.24,-0.1
23.4506,-0.04,0.09,-0.01,0,0,0.86,-2.26,-0.18
23.4781,-0.04,0.09,-0.01,0,0.53,0.52,-2.26,-0.18
23.5035,-0.04,0.09,-0.01,0,0,0,-2.18,-0.2
23.532,-0.04,0.09,-0,0,0.18,0,-2.08,0.04
23.5593,-0.04,0.09,-0,0,0.35,0,-2.08,0.04
23.5845,-0.04,0.09,-0,0,0,1.21,-2.06,0.01
23.6087,-0.04,0.09,-0.01,0,0,0,-2.06,0.01
23.6308,-0.04,0.09,-0.01,0,0,0,-2.14,-0.08
23.6515,-0.04,0.09,-0,0,0,0,-2.14,-0.08
23.6779,-0.04,0.09,-0.01,0,0,0.17,-2.15,-0.26
23.7019,-0.04,0.09,-0,0,0,0,-2.15,-0.26
23.7277,-0.04,0.09,-0,0,0,0,-2.16,-0.22
23.7531,-0.04,0.09,-0.01,0,0,0,-2.16,-0.21
23.777,-0.04,0.09,-0,0,0,0,-2.16,-0.21
23.8027,-0.04,0.09,-0.01,0,0,0,-2.16,-0.04
23.8268,-0.04,0.09,-0,0,0,0,-2.16,-0.04
23.8527,-0.04,0.09,-0.01,0,0,0,-2.16,-0.34
23.8768,-0.04,0.09,-0.01,0,0,0,-2.16,-0.34
23.9025,-0.04,0.09,-0.01,0,0,0,-2.57,-0.4
23.9266,-0.04,0.09,-0.01,0,0,0,-2.57,-0.4
23.9525,-0.04,0.09,-0,0,0,0,-2.57,-0.57
23.9765,-0.04,0.09,-0,0,0,0,-2.57,-0.57
24.0025,-0.04,0.09,-0,0,0,0,-2.65,-0.77
24.0265,-0.04,0.09,-0,0,0,0,-2.65,-0.77
24.0527,-0.04,0.09,-0,0,0.88,0,-2.58,-0.73
24.0767,-0.04,0.09,-0,0,0.7,0,-2.58,-0.73
24.1027,-0.04,0.09,-0,0,0.35,0,-2.57,-0.64
24.1267,-0.04,0.09,-0,0,1.05,0,-2.57,-0.64
24.1527,-0.04,0.09,-0,0,1.05,0,-2.65,-1.03
24.1768,-0.04,0.09,-0,0,0.7,0,-2.65,-1.03
24.2059,-0.04,0.09,-0,0,0,1.03,-2.75,-1.19
24.2299,-0.04,0.09,-0,0,0,1.38,-2.75,-1.19
24.2586,-0.04,0.09,-0,0,0,-0.17,-2.85,-1.22
24.286,-0.04,0.09,-0,0,0,1.55,-2.85,-1.22
24.3145,-0.04,0.09,0,0,0,1.9,-2.71,-1.15
24.3417,-0.04,0.09,-0,0,0,2.24,-2.71,-1.15
24.3704,-0.04,0.09,-0,0,0,1.55,-2.92,-0.97
24.3976,-0.04,0.09,-0,0,0,0.69,-2.92,-0.97
24.4229,-0.04,0.09,-0,0,0,0,-2.89,-1.26
24.447,-0.04,0.09,-0,0,0,0,-2.89,-1.26
24.4722,-0.04,0.09,-0,0,0,0,-2.96,-1.57
24.4975,-0.04,0.09,-0,0,0,0,-2.89,-1.71
24.5216,-0.04,0.09,-0,0,0,0,-2.89,-1.71
24.5469,-0.04,0.09,-0,0,0,0,-2.96,-1.66
24.574,-0.04,0.09,-0,0,0,0,-2.96,-1.66
24.6026,-0.04,0.09,-0,0,0,0,-3.06,-1.89
24.6313,-0.04,0.09,-0,0,0,2.24,-3.41,-2.35
24.6586,-0.04,0.09,-0,0,0,3.45,-3.41,-2.35
24.6872,-0.04,0.09,-0.02,0,0,-0.17,-3.48,-2.36
24.7111,-0.04,0.09,-0,0,0,0,-3.48,-2.36
24.7396,-0.04,0.09,-0,0,0,0.17,-3.41,-2.53
24.7639,-0.04,0.09,-0,0,0,0,-3.41,-2.53
24.7891,-0.04,0.09,-0,0,0,0,-3.39,-2.4
24.8164,-0.04,0.1,-0,0,1.23,1.73,-3.39,-2.4
24.845,-0.04,0.1,-0,0,1.23,5.19,-3.47,-2.53
24.8725,-0.04,0.1,-0,0,0.53,5.2,-3.47,-2.53
24.9012,-0.04,0.1,-0,0,0,2.77,-3.57,-2.73
24.9287,-0.04,0.1,-0,0,0,1.04,-3.57,-2.73
24.9572,-0.04,0.1,-0,0,0,0.35,-3.51,-2.85
24.9826,-0.04,0.1,-0,0.01,0,0,-3.5,-3.2
25.011,-0.04,0.1,-0,0.02,0,0,-3.66,-3.35
25.0384,-0.04,0.1,-0,0.03,0,0,-3.66,-3.35
25.0669,-0.04,0.1,-0,0.04,0,0,-4.02,-3.46
25.0943,-0.04,0.1,-0,0.05,0,1.21,-4.02,-3.46
25.1196,-0.04,0.1,-0,0.05,0,0,-4.09,-3.4
25.1469,-0.04,0.1,-0,0.05,1.05,0.69,-4.09,-3.4
25.1755,-0.05,0.1,-0,0.05,1.05,1.91,-4.02,-3.56
25.203,-0.04,0.1,-0,0.06,0.53,6.09,-4.02,-3.56
25.2319,-0.04,0.1,-0,0.07,-0.18,7.31,-4.09,-3.59
25.2603,-0.04,0.1,-0,0.07,0,2.09,-3.94,-3.43
25.2843,-0.04,0.1,0,0.08,0,0.87,-3.94,-3.43
25.3095,-0.04,0.1,-0,0.09,0,1.91,-4.16,-3.64
25.3336,-0.04,0.1,-0,0.11,0,7.15,-4.16,-3.64
25.359,-0.04,0.1,0,0.11,0,4.01,-4.04,-3.77
25.3833,-0.04,0.1,-0,0.11,0,2.27,-4.04,-3.77
25.4086,-0.04,0.1,-0,0.11,0,4.37,-4.09,-3.96
25.4358,-0.04,0.1,-0,0.11,0.53,4.72,-4.09,-3.96
25.4612,-0.04,0.1,-0,0.12,0,3.67,-4.11,-3.75
25.4854,-0.04,0.1,-0,0.13,0,2.27,-4.11,-3.75
25.5138,-0.04,0.1,-0,0.14,0.53,0.7,-4.03,-3.54
25.538,-0.04,0.1,-0,0.15,0,0.17,-4.03,-3.54
25.56,-0.04,0.1,-0,0.15,0,0,-4.26,-4.16
25.5841,-0.04,0.1,-0,0.15,0,1.05,-4.26,-4.16
25.6128,-0.04,0.1,-0,0.15,0.35,5.42,-4.3,-4.12
25.6401,-0.04,0.1,-0,0.15,0.53,3.5,-4.3,-4.12
25.6687,-0.04,0.1,-0,0.16,0,3.33,-4.31,-3.95
25.6971,-0.04,0.1,-0,0.16,0,1.05,-4.23,-3.67
25.7245,-0.04,0.1,-0,0.18,0,2.28,-4.23,-3.67
25.7498,-0.04,0.1,-0,0.18,0,5.6,-4.13,-3.77
25.7738,-0.04,0.1,-0.01,0.18,0,8.06,-4.13,-3.77
25.8025,-0.04,0.1,-0,0.18,0.18,1.75,-4.69,-4.53
25.8313,-0.04,0.1,-0,0.2,0.18,1.05,-4.72,-4.77
25.8555,-0.04,0.1,-0,0.2,0,2.45,-4.72,-4.77
25.8842,-0.04,0.1,-0,0.2,1.23,2.8,-4.72,-4.82
25.9115,-0.04,0.1,-0,0.2,0,5.25,-4.72,-4.82
25.9368,-0.04,0.1,-0,0.22,0,6.48,-4.73,-4.74
25.9609,-0.04,0.1,-0.01,0.22,0,4.38,-4.73,-4.74
25.9863,-0.04,0.1,-0,0.22,0,3.33,-4.64,-4.48
26.0103,-0.04,0.1,-0,0.23,0,4.2,-4.64,-4.48
26.039,-0.04,0.11,-0,0.24,2.28,4.03,-4.63,-4.76
26.0665,-0.04,0.11,-0,0.24,3.33,2.28,-4.63,-4.76
26.0951,-0.04,0.11,-0,0.25,1.05,-0.18,-4.54,-4.57
26.1226,-0.04,0.11,-0,0.25,-0.18,0.35,-4.54,-4.57
26.1478,-0.04,0.11,-0,0.26,0,0.53,-4.61,-4.28
26.1764,-0.04,0.11,-0,0.26,0,0,-4.37,-4.23
26.2058,-0.04,0.11,-0,0.26,1.23,0,-4.16,-3.97
26.2333,-0.04,0.11,-0,0.26,-0.18,0,-4.16,-3.97
26.2586,-0.04,0.11,-0,0.27,0,5.77,-4.45,-4.25
26.2826,-0.04,0.11,-0,0.27,0,8.91,-4.45,-4.25
26.3114,-0.04,0.11,-0,0.27,1.05,5.76,-4.34,-4.14
26.3354,-0.04,0.11,-0,0.28,0,4.89,-4.34,-4.14
26.364,-0.04,0.11,-0,0.3,0.7,6.28,-4.24,-3.79
26.3914,-0.04,0.11,-0,0.31,1.93,5.58,-4.24,-3.79
26.4201,-0.04,0.11,-0.02,0.31,1.4,2.79,-4.05,-3.88
26.4442,-0.04,0.11,-0.01,0.31,0,2.26,-4.05,-3.88
26.4696,-0.04,0.11,-0.01,0.31,0,0.52,-3.93,-3.82
26.4938,-0.04,0.11,-0.01,0.34,0,7.29,-3.93,-3.82
26.5225,-0.04,0.11,-0.01,0.35,0.53,8.16,-4.32,-4.13
26.5498,-0.04,0.11,-0.01,0.35,0.7,6.41,-4.32,-4.13
26.5786,-0.04,0.11,-0.01,0.36,1.4,5.71,-4.15,-3.87
26.604,-0.04,0.11,-0.01,0.36,0,3.63,-4.12,-3.81
26.6314,-0.04,0.11,-0.01,0.36,0.7,2.42,-4.12,-3.81
26.6568,-0.04,0.11,-0.01,0.36,0,0.52,-3.95,-3.72
26.6776,-0.04,0.11,-0.01,0.36,0,0,-3.95,-3.72
26.703,-0.04,0.11,-0.01,0.37,0,2.25,-3.75,-3.62
26.7271,-0.04,0.11,-0.01,0.37,0,4.14,-3.75,-3.62
26.7492,-0.04,0.11,-0.01,0.37,0,0,-3.79,-3.6
26.7768,-0.04,0.11,-0.01,0.38,1.23,5.17,-3.79,-3.6
26.8058,-0.04,0.11,-0.01,0.38,1.05,4.14,-3.88,-3.51
26.8332,-0.04,0.11,-0.01,0.39,0.53,5.5,-3.88,-3.51
26.8617,-0.04,0.11,-0.01,0.39,0,6.01,-3.65,-3.25
26.8869,-0.04,0.11,-0.01,0.39,0,6,-3.77,-3.44
26.9143,-0.04,0.11,-0.01,0.4,0,7.68,-3.77,-3.44
26.9396,-0.04,0.11,-0.01,0.4,0,6.48,-3.63,-3.24
26.9638,-0.04,0.11,-0.01,0.4,0,0.34,-3.63,-3.24
26.9892,-0.04,0.11,-0.01,0.41,0,2.56,-3.6,-3.19
27.0133,-0.04,0.11,-0.01,0.43,0,1.71,-3.6,-3.19
27.0385,-0.04,0.11,-0.01,0.44,0,1.53,-3.6,-3.02
27.0627,-0.04,0.11,-0.01,0.44,0,0.85,-3.6,-3.02
27.0914,-0.04,0.11,-0.01,0.45,0,3.23,-3.51,-2.82
27.1154,-0.04,0.11,-0,0.45,0,4.92,-3.51,-2.82
27.1441,-0.04,0.11,-0.01,0.45,0,4.24,-3.33,-2.62
27.1716,-0.04,0.11,-0,0.45,-0.18,1.19,-3.33,-2.62
27.197,-0.04,0.11,-0.01,0.46,0,0.85,-3.21,-2.5
27.2243,-0.04,0.11,-0,0.46,1.23,0.68,-3.21,-2.5
27.2531,-0.04,0.11,-0.01,0.46,-0.18,1.02,-3.44,-2.8
27.2785,-0.04,0.11,-0.01,0.46,0,1.69,-3.32,-2.7
27.3026,-0.04,0.11,-0.01,0.46,0,1.18,-3.32,-2.7
27.3281,-0.04,0.11,-0,0.46,0.88,0,-3.21,-2.43
27.3535,-0.04,0.11,-0.01,0.48,0,1.01,-3.19,4.61
27.3778,-0.04,0.11,-0,0.48,0,1.52,-3.19,4.61
27.4058,-0.04,0.11,-0.01,0.48,0,0.84,-3.27,20.15
27.4359,-0.04,0.11,-0.01,0.48,1.23,1.86,-3.27,20.15
27.4673,-0.04,0.11,-0.01,0.48,1.05,2.36,-3.28,26.22
27.4941,-0.04,0.11,-0.01,0.48,0,4.05,-3.28,26.22
27.5255,-0.04,0.11,-0.01,0.48,0,6.07,-3.2,32.77
27.5523,-0.04,0.11,-0.01,0.48,0,7.25,-3.2,32.77
27.5835,-0.04,0.11,-0.01,0.48,0,8.26,-3.19,39.43
27.6117,-0.04,0.11,-0.01,0.49,0,10.94,-2.94,48.65
27.6418,-0.04,0.11,-0.01,0.49,0,12.79,-2.94,48.65
27.6733,-0.04,0.11,-0.01,0.49,0.18,14.81,-2.89,61.34
27.7034,-0.04,0.11,-0.01,0.49,0,17.34,-2.89,61.34
27.7349,-0.04,0.11,-0.01,0.49,0,19.69,-3.04,67.57
27.7661,-0.04,0.11,-0.01,0.49,0,22.89,-2.83,76.63
27.7963,-0.04,0.11,-0.01,0.49,0,26.09,-2.83,76.63
27.8279,-0.04,0.11,-0.01,0.49,0,29.29,-2.78,90.03
27.8562,-0.04,0.11,-0.01,0.49,0,33.16,-2.61,117.03
27.8864,-0.04,0.11,-0.01,0.49,0,37.41,-2.61,117.03
27.9146,-0.04,0.11,-0.01,0.49,0,41.79,-2.58,144.46
27.9447,-0.04,0.11,-0.01,0.49,0,49.49,-2.58,144.46
27.9761,-0.04,0.11,-0.01,0.49,0.18,54.6,-2.73,154.54
28.0085,-0.04,0.11,-0.01,0.49,0,62.01,-2.6,159.68
28.0389,-0.04,0.11,-0.01,0.47,0,68.75,-2.6,159.68
28.0703,-0.04,0.11,-0.01,0.48,0,74.9,-2.57,168.76
28.102,-0.04,0.11,-0.01,0.47,0,82.33,-2.41,176.83
28.1337,-0.04,0.11,-0.01,0.48,0,92.07,-2.45,180
28.1639,-0.04,0.12,-0.01,0.46,1.05,97.11,-2.45,180
28.1954,-0.04,0.12,-0.01,0.45,1.05,100.17,-2.71,190.58
28.2258,-0.04,0.12,-0.01,0.44,0.35,104.83,-2.71,190.58
28.2541,-0.04,0.11,-0.01,0.44,0,111.24,-2.76,206.58
28.2857,-0.04,0.12,-0.02,0.42,0,114.93,-2.69,212.41
28.3159,-0.04,0.12,-0.01,0.42,0.18,123.68,-2.69,212.41
28.3474,-0.04,0.12,-0.01,0.41,0,129.25,-2.67,215.06
28.3776,-0.04,0.12,-0.01,0.4,0,134.29,-2.67,215.06
28.409,-0.04,0.12,-0.01,0.39,0,140.63,-2.59,216.82
28.4406,-0.04,0.12,-0,0.39,0,152.76,-2.65,218.9
28.4708,-0.04,0.12,-0,0.38,0,157.27,-2.65,218.9
28.499,-0.04,0.11,-0,0.37,0,163.53,-2.59,226.87
28.5259,-0.04,0.11,-0,0.38,0,171.44,-2.59,226.87
28.5542,-0.04,0.11,-0,0.37,0,175.81,-2.57,230.69
28.5858,-0.04,0.12,-0,0.36,0.18,180.93,-2.57,232.43
28.6172,-0.04,0.12,0,0.34,0.35,189.9,-2.49,232.87
28.6474,-0.04,0.12,0,0.32,0,187.92,-2.49,232.87
28.6789,-0.04,0.12,0,0.31,0,196.18,-2.55,233.53
28.7071,-0.04,0.12,0,0.25,0,186.95,-2.56,234.4
28.7373,-0.04,0.12,0,0.21,0,177.39,-2.56,234.4
28.7688,-0.05,0.12,0,0.18,-0.35,172.58,-2.57,235.07
28.7992,-0.05,0.12,0,0.16,-0.35,174.19,-2.57,235.07
28.8306,-0.05,0.12,0,0.16,0,176.43,-2.65,235.53
28.8619,-0.06,0.12,0,0.16,0,172.81,-2.42,236.28
28.8922,-0.05,0.12,0,0.16,0,174.19,-2.42,236.28
28.9237,-0.06,0.12,0,0.16,1.22,174.19,-2.7,236.27
28.9539,-0.06,0.12,0.01,0.16,0.87,174.19,-2.7,236.27
28.9855,-0.06,0.12,0.01,0.16,0.35,174.19,-2.68,236.59
29.0138,-0.06,0.12,0.01,0.15,0,169,-2.59,237.07
29.0408,-0.06,0.12,0.01,0.15,0,167.61,-2.59,237.07
29.069,-0.06,0.12,0.01,0.15,0,166.21,-2.49,235.19
29.0957,-0.06,0.12,0,0.14,0,162.19,-2.49,235.19
29.124,-0.06,0.12,0.01,0.13,0,154.24,-2.47,234.16
29.151,-0.06,0.12,0,0.12,0,154.24,-2.47,234.16
29.1792,-0.06,0.12,0.01,0.1,0,147.48,-2.63,231.57
29.2074,-0.06,0.12,0.01,0.07,0,136.7,-2.5,218.31
29.2344,-0.06,0.12,0.01,0.06,0,136.7,-2.5,218.31
29.2627,-0.06,0.12,0,0.06,0,135.43,-2.47,186.41
29.2941,-0.06,0.12,0.01,0.05,0,132.73,-2.38,148.55
29.321,-0.06,0.12,0.01,0.04,0,131.61,-2.38,148.55
29.3492,-0.06,0.12,0,0.04,0,131.61,-2.28,120.27
29.3761,-0.06,0.12,0,0.03,0,128.9,-2.28,120.27
29.4041,-0.06,0.12,0,0.02,0,115.3,-2.43,96.21
29.4322,-0.06,0.12,0,0.02,0,115.3,-2.38,63.7
29.4592,-0.06,0.12,0,0.02,0,115.3,-2.38,63.7
29.4872,-0.06,0.12,0.01,0.01,0,113.86,-2.28,30.57
29.5141,-0.06,0.12,0,0.02,0,113.86,-2.28,30.57
29.5423,-0.06,0.12,0,0.01,0,113.86,-2.26,13.43
29.5691,-0.06,0.12,0,0.01,0,113.86,-2.26,13.43
29.5945,-0.06,0.12,0,0.01,0,112.42,-2.43,5.56
29.6186,-0.06,0.12,0,0.01,0,100.75,-2.43,5.56
29.6438,-0.06,0.12,0,0.02,0,85.41,-2.38,3.41
29.668,-0.06,0.12,0,0.02,0,76.31,-2.38,3.41
29.6933,-0.06,0.12,0,0.03,0,57.75,-2.45,2.41
29.7175,-0.06,0.11,0,0.03,0,45.44,-2.45,2.41
29.7429,-0.06,0.11,0,0.04,0,25.45,-2.3,2.13
29.7682,-0.06,0.11,0,0.03,0,12.8,-2.35,1.82
29.7924,-0.06,0.12,-0,0.03,0,6.32,-2.35,1.82
29.8177,-0.06,0.12,-0.01,0.03,0,3.66,-2.52,1.35
29.8453,-0.06,0.12,0,0.03,-0.35,4.01,-2.52,1.35
29.8738,-0.06,0.12,-0,0.03,0,3.85,-2.39,1.26
29.9011,-0.06,0.12,-0,0.03,0,5.55,-2.39,1.26
29.9263,-0.06,0.11,-0,0.04,0,5.39,-2.45,1.16
29.9522,-0.06,0.11,-0,0.05,0,6.6,-2.46,1.14
29.9763,-0.06,0.11,-0,0.05,0,5.93,-2.46,1.14
30.0057,-0.06,0.12,-0,0.05,0.18,5.44,-2.38,1.13
30.0299,-0.06,0.11,-0,0.05,0,4.42,-2.38,1.13
30.0551,-0.06,0.11,-0,0.05,0,3.75,-2.45,0.97
30.0793,-0.06,0.11,-0.01,0.06,0,4.61,-2.45,0.97
30.1047,-0.06,0.11,-0,0.05,0,3.25,-2.46,0.85
30.1288,-0.06,0.11,-0,0.06,0,5.14,-2.46,0.85
30.1541,-0.06,0.11,-0,0.06,0,6.18,-2.3,0.83
30.1781,-0.06,0.11,-0,0.06,0,4.29,-2.3,0.83
30.2036,-0.06,0.11,-0,0.06,0,1.03,-2.27,0.99
30.2277,-0.06,0.12,-0,0.06,1.23,0,-2.27,0.99
30.2562,-0.06,0.12,-0,0.06,1.05,2.24,-2.34,1.02
30.2837,-0.06,0.12,-0,0.06,0.53,1.03,-2.34,1.02
30.3124,-0.06,0.12,-0,0.06,-0.35,-0.17,-2.36,0.61
30.3395,-0.06,0.12,-0,0.06,0,0,-2.36,0.61
30.368,-0.06,0.12,-0,0.06,0,0,-2.36,0.7
30.3953,-0.06,0.12,-0,0.06,0,0,-2.36,0.7
30.4239,-0.06,0.12,-0,0.06,0,0,-2.36,0.8
30.4524,-0.06,0.12,-0,0.06,0,0,-2.2,0.82
30.4809,-0.06,0.12,-0,0.06,0,0,-2.17,0.74
30.5049,-0.06,0.11,-0,0.06,0,0,-2.17,0.74
30.5302,-0.06,0.11,-0.01,0.06,0,0,-2.49,0.31
30.5542,-0.06,0.11,-0,0.06,0,0,-2.49,0.31
30.5795,-0.06,0.11,-0,0.06,0,0,-2.47,0.31
30.6035,-0.06,0.11,-0,0.05,0,0,-2.47,0.31
30.6287,-0.06,0.11,-0,0.05,0,0,-2.47,0.23
30.6529,-0.06,0.11,-0,0.05,0,0,-2.47,0.23
30.6782,-0.06,0.11,-0,0.05,0,0,-2.47,0.21
30.7054,-0.05,0.11,-0,0.05,0.88,0,-2.47,0.21
30.7341,-0.06,0.11,-0,0.05,-0.18,0,-2.47,0.29
30.7582,-0.06,0.11,-0,0.05,0,0,-2.47,0.29
30.7834,-0.06,0.11,-0,0.05,0,0,-2.47,0.22
30.8073,-0.06,0.11,-0,0.05,0,0,-2.47,0.22
30.8329,-0.06,0.11,-0,0.05,0,0,-2.55,-0.04
30.8569,-0.06,0.11,-0,0.05,0,0,-2.55,-0.04
30.8857,-0.06,0.11,-0,0.05,-0.18,0,-2.56,-0.25
30.9128,-0.06,0.12,-0,0.05,1.05,0,-2.56,-0.25
30.9414,-0.06,0.11,-0,0.05,-0.18,0,-2.81,-0.38
30.9668,-0.06,0.11,-0,0.06,0,0,-2.7,-0.49
30.9941,-0.06,0.12,-0,0.06,0.53,0,-2.7,-0.49
31.0193,-0.06,0.11,-0,0.06,0,0,-2.92,-1.25
31.0434,-0.06,0.11,-0,0.06,0,1.2,-2.92,-1.25
31.0721,-0.06,0.12,-0,0.06,0.53,5.87,-2.89,-1.15
31.0994,-0.06,0.12,-0,0.07,0.7,8.31,-2.89,-1.15
31.1248,-0.06,0.11,-0,0.07,0,3.28,-2.88,-1.3
31.1489,-0.06,0.12,-0,0.07,0,0.52,-2.88,-1.3
31.1773,-0.06,0.12,-0.01,0.08,0.18,1.04,-2.96,-1.41
31.2029,-0.06,0.11,-0,0.08,0,1.21,-2.97,-1.43
31.227,-0.06,0.11,-0,0.08,0,0.69,-2.97,-1.43
31.2556,-0.06,0.12,-0,0.08,0.18,0,-3.31,-1.68
31.283,-0.06,0.12,-0,0.08,0.35,2.25,-3.31,-1.68
31.3117,-0.06,0.12,-0,0.09,0,4.34,-3.21,-1.49
31.3389,-0.06,0.12,-0,0.1,0,8.7,-3.21,-1.49
31.3674,-0.06,0.12,-0,0.1,0,7.83,-3.19,-1.53
31.3947,-0.06,0.12,-0,0.11,0,5.4,-3.19,-1.53
31.4232,-0.06,0.12,-0.01,0.12,0,1.39,-3.19,-1.7
31.4473,-0.06,0.11,-0,0.13,0,2.27,-3.19,-1.7
31.4728,-0.06,0.11,-0,0.13,0,6.81,-3.27,-1.74
31.4969,-0.06,0.11,-0.01,0.13,0,1.22,-3.27,-1.74
31.5189,-0.06,0.11,-0,0.13,0,0,-3.53,-2.24
31.5431,-0.06,0.12,-0,0.13,0.35,0,-3.53,-2.24
31.5649,-0.06,0.11,-0.01,0.13,0,0,-3.5,-2.26
31.5858,-0.06,0.11,-0,0.13,0,0,-3.5,-2.26
31.6078,-0.06,0.11,-0,0.13,0,0,-3.49,-2.09
31.633,-0.06,0.11,-0,0.13,0,0.35,-3.49,-1.98
31.6571,-0.06,0.11,-0.01,0.13,0,0.87,-3.49,-1.98
31.6825,-0.06,0.11,-0,0.13,0,0.7,-3.66,-2.12
31.7065,-0.06,0.11,-0.01,0.13,0,0.35,-3.66,-2.12
31.732,-0.06,0.11,-0.01,0.13,0,-0.17,-3.77,-2.81
31.7528,-0.06,0.11,-0.01,0.13,0,0,-3.77,-2.81
31.7749,-0.06,0.11,-0.01,0.13,0,0,-3.71,-2.7
31.7956,-0.06,0.11,-0.01,0.13,0,0,-3.71,-2.7
31.8164,-0.06,0.11,-0.01,0.13,0,0,-3.71,-2.7
31.8383,-0.06,0.11,-0.01,0.13,0,0,-3.54,-2.27
31.8591,-0.06,0.11,-0.01,0.13,0,0,-3.54,-2.27
31.8811,-0.06,0.11,-0.01,0.13,0,0,-3.58,-2.34
31.9019,-0.06,0.11,-0.01,0.13,0,0,-3.58,-2.34
31.9243,-0.06,0.11,-0.01,0.13,0,0,-3.51,-2.36
31.9449,-0.06,0.11,-0.01,0.13,0,0,-3.51,-2.36
31.9658,-0.06,0.11,-0.01,0.13,0,0,-3.51,-2.36
31.9879,-0.06,0.11,-0.01,0.13,0,0,-3.91,-2.94
32.0121,-0.06,0.11,-0.01,0.13,0,3.32,-3.91,-2.94
32.0374,-0.06,0.11,-0.01,0.13,0,2.09,-3.74,-2.89
32.0616,-0.06,0.11,-0.01,0.13,0,1.75,-3.74,-2.89
32.087,-0.06,0.11,-0.01,0.13,0,-0.17,-3.95,-2.71
32.1123,-0.06,0.11,-0.01,0.13,0,0.35,-4,-2.84
32.1363,-0.06,0.11,-0.01,0.13,0,0.7,-4,-2.84
32.1617,-0.06,0.11,-0.01,0.13,0,0.17,-4.09,-3.03
32.1825,-0.06,0.11,-0.01,0.12,0,0,-4.09,-3.03
32.2045,-0.06,0.11,-0.01,0.12,0,0,-4.52,-3.98
32.2253,-0.06,0.11,-0.01,0.12,0,0,-4.52,-3.98
32.2462,-0.06,0.11,-0.01,0.12,0,0,-4.52,-3.98
32.2682,-0.06,0.11,-0.01,0.12,0,0,-4.44,-3.75
32.289,-0.06,0.11,-0.01,0.12,0,0,-4.44,-3.75
32.3144,-0.06,0.11,-0.01,0.12,-0.18,0,-4.34,-3.63
32.3352,-0.06,0.11,-0.01,0.12,0,0,-4.34,-3.63
32.3606,-0.06,0.11,-0.01,0.12,0,0,-4.24,-3.77
32.3847,-0.06,0.11,-0.01,0.12,-0.18,0,-4.24,-3.77
32.4068,-0.06,0.11,-0.01,0.12,0,0,-4.22,-3.55
32.4276,-0.06,0.11,-0.01,0.12,0,0,-4.22,-3.55
32.4496,-0.06,0.11,-0.01,0.12,0,0,-4.79,-4.16
32.4738,-0.06,0.11,-0.01,0.12,-0.18,0,-4.79,-4.16
32.4977,-0.06,0.11,-0.01,0.12,0,0,-4.79,-4.16
32.5199,-0.06,0.11,-0.02,0.12,0,0,-4.82,-4.45
32.5439,-0.06,0.11,-0.01,0.12,0,0,-4.82,-4.45
32.5692,-0.06,0.11,-0.01,0.12,0,0,-4.91,-4.67
32.5932,-0.06,0.11,-0.01,0.12,0,0,-4.91,-4.67
32.6187,-0.06,0.11,-0.01,0.12,0,0,-5.01,-4.71
32.6462,-0.06,0.11,-0.01,0.13,-0.18,0.87,-5.01,-4.71
32.6716,-0.06,0.11,-0.01,0.13,0,0.87,-4.54,-4.39
32.6989,-0.06,0.11,-0.01,0.13,-0.18,0.35,-4.54,-4.39
32.7243,-0.06,0.11,-0.01,0.13,0,1.05,-4.85,-4.58
32.7451,-0.06,0.11,-0.01,0.12,0,0,-4.85,-4.58
32.7705,-0.06,0.11,-0.01,0.12,-0.18,0,-4.75,-4.61
32.7912,-0.06,0.11,-0.01,0.12,0,0,-4.75,-4.61
32.8132,-0.06,0.11,-0.01,0.12,0,0,-4.57,-4.46
32.8385,-0.06,0.11,-0.01,0.12,0,0,-4.45,-4.26
32.8627,-0.06,0.11,-0,0.12,0,0.35,-4.45,-4.26
32.888,-0.06,0.11,-0.01,0.12,0,0,-4.34,-4.14
32.9122,-0.06,0.11,-0.01,0.12,-0.18,0,-4.34,-4.14
32.9374,-0.06,0.11,-0.01,0.12,0,0,-4.65,-4.44
32.9582,-0.06,0.11,-0.01,0.12,0,0,-4.65,-4.44
32.9835,-0.06,0.11,-0.01,0.12,0,0,-4.71,-4.5
33.0043,-0.06,0.11,-0.01,0.12,0,0,-4.71,-4.5
33.0263,-0.06,0.11,-0.01,0.12,0,0,-4.56,-4.52
33.0504,-0.06,0.11,-0.01,0.12,0,0,-4.56,-4.52
33.0744,-0.06,0.11,-0.01,0.12,0,0,-4.56,-4.52
33.0997,-0.06,0.11,-0.01,0.12,0,0.87,-4.28,-4.11
33.1239,-0.06,0.11,-0.01,0.12,0,0.87,-4.28,-4.11
33.1492,-0.06,0.11,-0.01,0.12,0,0.35,-4.14,-3.78
33.1766,-0.06,0.11,-0.01,0.12,0,-0.17,-4.14,-3.78
33.2021,-0.06,0.11,-0.01,0.12,-0.18,0,-4.2,-3.96
33.2309,-0.06,0.11,-0.01,0.13,-0.18,4.54,-4.21,-4
33.2582,-0.06,0.11,-0.01,0.13,0,4.19,-4.21,-4
33.2837,-0.06,0.1,-0.01,0.11,0,2.1,-4.13,-3.84
33.3089,-0.06,0.1,-0.01,0.11,0,0.7,-4.03,-3.4
33.333,-0.06,0.11,-0,0.08,0.18,0,-4.03,-3.4
33.3584,-0.06,0.11,-0,0.05,0.7,0,-3.93,-3.23
33.3824,-0.06,0.11,-0,0.02,1.23,0,-3.93,-3.23
33.4045,-0.06,0.1,-0,0,0,0,-3.91,-3.52
33.4253,-0.06,0.11,0,0,0,0,-3.91,-3.52
33.4459,-0.06,0.11,-0.01,0,0,0,-3.91,-3.52
33.4681,-0.06,0.1,-0.01,0,0,0,-3.82,-3.33
33.4889,-0.06,0.1,-0.01,0,0,0,-3.82,-3.33
33.5142,-0.06,0.11,-0.01,0,0.53,0,-3.72,-3.13
33.5384,-0.06,0.11,-0.01,0,0.7,0,-3.72,-3.13
33.5637,-0.06,0.11,-0.01,0,0.18,0,-3.79,-2.85
33.5877,-0.06,0.11,-0.01,0,2.1,0,-3.79,-2.85
33.6164,-0.06,0.11,-0.01,0,2.1,1.04,-3.63,-2.54
33.6437,-0.06,0.11,-0,0,1.23,3.64,-3.63,-2.54
33.6724,-0.06,0.11,-0,0,0.35,1.56,-3.69,-2.89
33.6968,-0.06,0.11,-0.01,0,-0.18,0,-3.69,-2.89
33.722,-0.06,0.11,-0,0,0,0,-3.7,-2.8
33.7459,-0.06,0.11,0,0,0,0,-3.7,-2.8
33.7748,-0.06,0.12,-0,0,1.05,3.82,-3.62,-2.7
33.802,-0.06,0.11,-0,0,-0.18,1.04,-3.62,-2.7
33.8272,-0.06,0.12,-0,0,0.53,0,-3.52,-2.59
33.8527,-0.06,0.12,0,0,1.92,0,-3.33,-2.33
33.8766,-0.06,0.12,0,0,1.4,0,-3.33,-2.33
33.9023,-0.06,0.12,-0,0,0.52,0,-3.46,-2.44
33.9265,-0.06,0.12,-0,0,-0.17,0,-3.46,-2.44
33.9494,-0.06,0.12,0,0,0,0,-3.4,-2.3
33.97,-0.06,0.12,-0,0,0,0,-3.4,-2.3
33.9942,-0.06,0.12,-0,0,0,0,-3.4,-2.3
34.0194,-0.06,0.12,-0,0,0,1.21,-3.39,-2.27
34.0445,-0.06,0.12,-0,0,0,1.21,-3.23,-2.26
34.0655,-0.06,0.12,-0,0,0,0,-3.23,-2.26
34.0875,-0.06,0.12,-0,0,0,0,-3.27,-2.1
34.1082,-0.06,0.12,-0,0,0,0,-3.27,-2.1
34.1302,-0.06,0.12,-0,0,0,0,-3.2,-2.23
34.1542,-0.06,0.12,0,0,0,0.17,-3.2,-2.23
34.1795,-0.06,0.12,-0,0,0,0,-3.02,-2.17
34.2035,-0.06,0.12,0,0,0,0,-3.02,-2.17
34.2288,-0.06,0.12,-0,0,0,0,-2.99,-1.83
34.2529,-0.06,0.12,-0,0,0,0,-2.99,-1.83
34.2749,-0.06,0.12,-0,0,0,0,-2.98,-1.6
34.2957,-0.06,0.12,-0,0,0,0,-2.98,-1.6
34.3165,-0.06,0.12,-0,0,0,0,-2.98,-1.6
34.3385,-0.06,0.12,-0,0,0,0,-2.9,-1.72
34.3624,-0.06,0.12,-0,0,0,0,-2.9,-1.72
34.3877,-0.06,0.12,-0,0,0,2.25,-3.21,-1.9
34.4117,-0.06,0.12,-0,0,0,2.25,-3.21,-1.9
34.4372,-0.06,0.12,-0,0,0,0,-3.19,-1.86
34.4612,-0.06,0.12,-0,0,0,1.73,-3.19,-1.86
34.4865,-0.06,0.12,-0,0,0,1.9,-3.1,-1.85
34.5084,-0.06,0.12,-0,0,0,0,-2.84,-1.52
34.5296,-0.06,0.12,-0,0,0,0,-2.84,-1.52
34.5547,-0.06,0.12,-0,0.01,0,1.04,-3.12,-1.45
34.5789,-0.06,0.12,-0,0.04,0,2.25,-3.12,-1.45
34.6042,-0.06,0.12,-0,0.05,0,0.52,-3.09,-1.77
34.6285,-0.06,0.12,-0,0.05,0,0.87,-3.09,-1.77
34.6504,-0.06,0.12,-0,0.06,0,0,-3,-1.75
34.6712,-0.06,0.12,-0,0.06,0,0,-3,-1.75
34.6953,-0.06,0.12,-0,0.06,0,2.25,-3,-1.75
34.7206,-0.06,0.12,-0,0.07,0,6.95,-2.9,-1.58
34.7446,-0.06,0.12,-0,0.07,0,4.69,-2.9,-1.58
34.77,-0.06,0.12,-0.01,0.08,0,8.71,-2.8,-1.3
34.7942,-0.06,0.12,-0,0.09,0,12.05,-2.8,-1.3
34.8227,-0.06,0.12,-0.01,0.11,0.87,5.23,-2.94,-1.58
34.8468,-0.06,0.12,-0,0.13,0,5.77,-2.94,-1.58
34.8755,-0.06,0.12,-0,0.14,0.35,4.02,-2.89,-1.55
34.8995,-0.06,0.12,-0,0.15,0,8.75,-2.89,-1.55
34.9281,-0.06,0.12,0,0.15,0.17,8.05,-2.71,-1.38
34.9536,-0.06,0.12,-0,0.16,0,2.27,-2.68,-0.93
34.9776,-0.06,0.12,-0.01,0.17,0,0.87,-2.68,-0.93
35.003,-0.06,0.12,-0,0.17,0,3.15,-2.67,-0.93
35.0273,-0.06,0.12,-0,0.18,0,5.95,-2.67,-0.93
35.0527,-0.06,0.12,-0,0.19,0,8.06,-2.75,-1.25
35.0768,-0.06,0.11,-0,0.2,0,9.28,-2.75,-1.25
35.1027,-0.06,0.12,-0,0.2,0,4.73,-2.77,-0.99
35.1268,-0.06,0.12,-0,0.22,0,6.3,-2.77,-0.99
35.1527,-0.06,0.12,0,0.23,0,4.73,-2.77,-0.94
35.1766,-0.06,0.12,-0,0.23,0,3.85,-2.77,-0.94
35.2027,-0.06,0.11,-0,0.23,0,4.38,-2.69,-0.93
35.2281,-0.06,0.11,-0,0.24,0,3.15,-2.67,-0.68
35.2556,-0.06,0.11,-0,0.24,0,2.45,-2.67,-0.68
35.2841,-0.06,0.11,-0,0.24,0,1.58,-2.84,-1.12
35.3113,-0.06,0.12,-0,0.25,0.87,2.8,-2.84,-1.12
35.3402,-0.06,0.12,-0,0.25,0.87,-0.18,-2.7,-1.13
35.3642,-0.06,0.12,-0,0.25,0.35,0,-2.7,-1.13
35.3895,-0.06,0.11,-0,0.25,0,5.94,-2.68,-0.88
35.4135,-0.06,0.11,-0,0.26,0,6.99,-2.68,-0.88
35.4388,-0.06,0.12,-0,0.26,0,5.59,-2.67,-0.75
35.4628,-0.06,0.11,-0,0.27,0,4.19,-2.67,-0.75
35.4883,-0.06,0.11,-0,0.27,0,3.49,-2.59,-0.81
35.5123,-0.06,0.11,-0,0.27,0,4.53,-2.59,-0.81
35.5376,-0.06,0.11,-0,0.28,0,8.87,-2.82,-1.07
35.5616,-0.06,0.11,-0,0.29,0,8.17,-2.82,-1.07
35.587,-0.06,0.11,-0,0.29,0,5.56,-2.78,-1.03
35.6111,-0.06,0.11,-0,0.3,0,4.17,-2.78,-1.03
35.6365,-0.06,0.11,-0,0.31,0,6.59,-2.78,-0.86
35.6637,-0.06,0.12,-0,0.32,0,6.24,-2.78,-0.86
35.6925,-0.06,0.12,-0,0.33,0,3.12,-2.61,-0.67
35.7177,-0.06,0.12,-0,0.34,0,0,-2.58,-0.79
35.7419,-0.06,0.12,-0,0.34,-0.35,0,-2.58,-0.79
35.7672,-0.06,0.12,-0,0.34,0,0,-2.65,-0.73
35.7912,-0.06,0.11,-0,0.35,0,2.25,-2.65,-0.73
35.8165,-0.06,0.11,0,0.36,0,5.7,-2.58,-0.72
35.8438,-0.06,0.12,-0,0.35,0,3.28,-2.58,-0.72
35.8726,-0.06,0.12,-0,0.36,0.18,2.93,-2.49,-0.64
35.8967,-0.06,0.12,-0,0.36,-0.35,0,-2.49,-0.64
35.9221,-0.06,0.12,-0,0.36,0,0,-2.39,-0.62
35.9492,-0.06,0.12,-0,0.36,0,1.21,-2.39,-0.62
35.9748,-0.06,0.12,-0,0.36,-0.35,0,-2.37,-0.62
35.9987,-0.06,0.12,-0,0.36,0,0,-2.37,-0.62
36.0241,-0.06,0.11,-0,0.37,0,4.65,-2.53,-0.7
36.0512,-0.06,0.12,0,0.39,0,9.28,-2.53,-0.7
36.0801,-0.06,0.12,0,0.39,0,6.01,-2.48,-0.63
36.1087,-0.06,0.12,0,0.39,0,3.43,-2.47,-0.54
36.1358,-0.06,0.12,0,0.39,0,2.57,-2.47,-0.54
36.1643,-0.06,0.12,-0.01,0.39,0,1.37,-2.47,-0.68
36.1917,-0.06,0.12,0,0.4,0,0.51,-2.47,-0.68
36.2171,-0.06,0.11,0,0.39,0,-0.17,-2.3,-0.47
36.241,-0.06,0.12,0,0.39,0,0,-2.3,-0.47
36.2697,-0.06,0.12,0,0.4,0,1.03,-2.6,-0.83
36.2969,-0.06,0.12,0,0.4,0,5.12,-2.6,-0.83
36.3254,-0.06,0.12,0,0.4,0,3.08,-2.49,-0.91
36.3527,-0.06,0.12,0,0.4,0,0.68,-2.49,-0.91
36.3814,-0.06,0.12,0,0.4,1.22,-0.17,-2.47,-0.84
36.41,-0.06,0.12,0,0.4,1.92,1.02,-2.55,-0.74
36.4387,-0.06,0.12,0,0.4,1.4,0.85,-2.48,-0.72
36.466,-0.06,0.12,0,0.41,0.52,0.34,-2.48,-0.72
36.4947,-0.06,0.12,0,0.42,-0.17,1.7,-2.47,-0.88
36.5187,-0.06,0.12,0,0.43,0,0.68,-2.47,-0.88
36.544,-0.06,0.12,0,0.42,0,0,-2.3,-0.59
36.5648,-0.06,0.12,0,0.42,0,0,-2.3,-0.59
36.5866,-0.06,0.12,0,0.42,0,0,-2.35,7.03
36.6106,-0.06,0.12,0,0.42,0,0,-2.35,7.03
36.6354,-0.06,0.12,0,0.43,0,0,-2.28,19.32
36.6622,-0.06,0.12,0,0.42,0,0.34,-2.28,19.32
36.6901,-0.06,0.12,0.01,0.43,0,0.85,-2.35,26.3
36.7171,-0.06,0.12,0,0.43,0,1.54,-2.35,26.3
36.7451,-0.06,0.12,-0,0.43,0,2.39,-2.44,28.11
36.7722,-0.06,0.12,0,0.42,0,3.24,-2.44,28.11
36.8002,-0.06,0.12,0,0.44,0,4.09,-2.38,29.53
36.827,-0.06,0.12,0,0.44,0,6.98,-2.38,29.53
36.8553,-0.06,0.12,-0,0.45,0,11.04,-2.28,35.08
36.8834,-0.06,0.12,-0,0.46,0,15.4,-2.43,51.64
36.9114,-0.06,0.12,-0,0.47,0,15.43,-2.38,66.04
36.9384,-0.06,0.12,-0.01,0.48,0,19.8,-2.38,66.04
36.9665,-0.06,0.12,0,0.47,0,22.34,-2.53,70.49
36.9934,-0.06,0.12,0,0.49,0,30.3,-2.53,70.49
37.0216,-0.06,0.12,-0,0.5,0,32.99,-2.48,72.53
37.0487,-0.06,0.12,0,0.51,0,41.45,-2.48,72.53
37.0767,-0.06,0.12,0,0.51,0,44.29,-2.47,78.03
37.1052,-0.06,0.12,0,0.51,0,47.47,-2.38,84.96
37.1321,-0.06,0.12,0,0.51,0,50.64,-2.38,84.96
37.1602,-0.06,0.12,0,0.51,0,53.82,-2.28,87.5
37.187,-0.06,0.12,0,0.51,0,57.16,-2.28,87.5
37.2151,-0.06,0.12,0,0.5,0,59.41,-2.51,88.42
37.2419,-0.06,0.12,0,0.5,0,62.75,-2.51,88.42
37.2701,-0.06,0.12,0,0.5,0,62.21,-2.47,89.34
37.2971,-0.06,0.11,0,0.5,0,66.67,-2.47,89.34
37.3252,-0.06,0.11,0,0.5,0,71.71,-2.38,100.87
37.3522,-0.06,0.11,0,0.49,0,72.04,-2.38,100.87
37.3804,-0.06,0.11,0,0.48,0,74.65,-2.2,113.36
37.4085,-0.06,0.11,0,0.47,0,76.25,-2.33,117.75
37.4354,-0.06,0.11,0,0.46,0,79.89,-2.33,117.75
37.4668,-0.06,0.11,0,0.46,0,84.04,-2.52,123.48
37.4937,-0.06,0.11,0,0.46,0,91.54,-2.52,123.48
37.5252,-0.06,0.11,0,0.46,0,94.78,-2.48,130.3
37.5553,-0.06,0.11,0,0.46,0.18,98.37,-2.48,130.3
37.5869,-0.06,0.11,0,0.46,0,103.8,-2.47,133.14
37.6185,-0.06,0.11,0,0.45,0,104.83,-2.47,134.36
37.6499,-0.06,0.11,0,0.45,0,110.63,-2.63,140.77
37.6803,-0.07,0.11,0,0.45,0,116.59,-2.63,140.77
37.7116,-0.06,0.11,0,0.43,0,113.15,-2.83,156.35
37.7432,-0.06,0.11,0,0.43,0,118.92,-2.78,182.56
37.7734,-0.06,0.11,0,0.42,0,122.9,-2.78,182.56
37.805,-0.06,0.11,0,0.42,0,132.55,-2.61,200.29
37.8363,-0.06,0.11,0,0.4,0,140.23,-2.66,205.48
37.8666,-0.06,0.11,0,0.4,1.05,149.03,-2.66,205.48
37.8982,-0.06,0.11,0,0.38,0,153.6,-2.75,207.84
37.9251,-0.06,0.11,0,0.38,0,159.52,-2.75,207.84
37.9534,-0.06,0.11,0,0.38,0,167.31,-3.02,208.31
37.9816,-0.06,0.11,0,0.37,0,172.82,-3.07,209.39
38.0085,-0.06,0.11,0,0.36,0,177.81,-3.07,209.39
38.0401,-0.06,0.11,0,0.35,-0.18,181.38,-3.08,210.51
38.0704,-0.06,0.12,0.01,0.34,2.27,184.71,-3.08,210.51
38.1018,-0.06,0.12,0.01,0.33,2.1,192.28,-3.25,211.06
38.1332,-0.06,0.12,0.01,0.32,0.87,192.33,-3.11,211.91
38.1649,-0.06,0.12,0.01,0.32,-0.17,200.24,-3.42,217.75
38.1917,-0.06,0.12,0.01,0.3,0,201.41,-3.42,217.75
38.22,-0.06,0.12,0,0.27,0,204.38,-3.4,228.21
38.247,-0.06,0.12,0,0.26,0,206.73,-3.4,228.21
38.2751,-0.06,0.12,0,0.25,0,207.66,-3.31,231.61
38.3055,-0.06,0.12,0.01,0.23,0.87,203.52,-3.31,231.61
38.3337,-0.07,0.12,0.01,0.22,0,202.75,-3.13,232.87
38.3619,-0.07,0.12,0.01,0.18,0,180.18,-3.42,233.28
38.3888,-0.08,0.12,0.01,0.15,0,173.68,-3.42,233.28
38.4169,-0.08,0.12,0.01,0.15,0,169.7,-3.56,233.61
38.4439,-0.08,0.12,0.01,0.14,0,167.09,-3.56,233.61
38.4721,-0.08,0.12,0,0.13,0,159.04,-3.67,234.01
38.4992,-0.08,0.12,0,0.12,0,156.39,-3.67,234.01
38.5273,-0.08,0.12,0,0.12,0,153.91,-3.61,234.66
38.5558,-0.08,0.12,0.01,0.11,0,152.66,-3.6,234.55
38.5827,-0.08,0.12,0.01,0.09,0,147.31,-3.6,234.55
38.6142,-0.08,0.12,0,0.08,0.87,143.37,-3.68,233.37
38.6445,-0.08,0.12,0,0.08,1.05,141.94,-3.68,233.37
38.6759,-0.08,0.12,0,0.08,0.35,140.84,-4.19,225.49
38.7029,-0.08,0.12,0,0.08,0,140.84,-4.19,225.49
38.7312,-0.08,0.12,0,0.08,0,139.41,-4.29,186.28
38.7594,-0.08,0.12,0.01,0.07,0,139.41,-4.31,138.58
38.7863,-0.08,0.12,0.01,0.07,0,138.14,-4.31,138.58
38.8144,-0.08,0.12,0,0.07,0,138.14,-4.07,107.35
38.8426,-0.08,0.12,0,0.07,0,138.14,-3.85,80.88
38.8695,-0.08,0.12,0,0.06,0,134,-3.85,80.88
38.8976,-0.08,0.12,0,0.06,0,135.27,-4.06,49.79
38.9278,-0.08,0.12,0,0.05,0.87,136.87,-4.06,49.79
38.9592,-0.08,0.12,0,0.05,0.7,134.16,-4.1,25.74
38.9876,-0.08,0.12,0,0.05,0,132.73,-4.19,15.83
39.0146,-0.08,0.12,0,0.05,0,132.73,-4.19,15.83
39.0457,-0.08,0.12,0.01,0.05,0,132.73,-3.96,10.64
39.076,-0.08,0.12,0,0.05,0.17,132.73,-3.96,10.64
39.1014,-0.08,0.12,0,0.05,0,132.56,-4,2.21
39.1276,-0.08,0.12,0,0.05,0,118.8,-4.33,-0.38
39.1551,-0.08,0.12,0,0.05,0,96.18,-4.33,-0.38
39.1804,-0.08,0.12,0,0.05,0,79.65,-4.4,-1.31
39.2046,-0.08,0.12,0,0.06,0,59.86,-4.4,-1.31
39.2331,-0.08,0.12,0,0.06,0,39.65,-4.5,-1.82
39.2573,-0.08,0.12,0,0.07,0,30.83,-4.5,-1.82
39.2826,-0.08,0.12,0,0.07,0,22.2,-4.43,-1.93
39.308,-0.08,0.12,0,0.07,0,18.45,-4.5,-3.1
39.3355,-0.08,0.12,0,0.08,0,16.32,-4.5,-3.1
39.364,-0.08,0.12,0,0.08,0.17,10.32,-4.85,-3.17
39.3882,-0.08,0.12,0,0.08,0,6.54,-4.85,-3.17
39.4136,-0.08,0.12,0,0.08,0,11.26,-4.75,-3.02
39.4376,-0.08,0.12,0,0.08,0,3.45,-4.75,-3.02
39.4628,-0.08,0.12,0,0.08,0,1.21,-4.65,-2.74
39.487,-0.08,0.12,0,0.08,0,0.86,-4.65,-2.74
39.5122,-0.07,0.12,0,0.08,0,1.73,-4.63,-2.93
39.5329,-0.07,0.12,0,0.08,0,0,-4.63,-2.93
39.5549,-0.07,0.12,0,0.08,0,0,-4.71,-3.22
39.579,-0.07,0.12,0,0.08,0,1.04,-4.71,-3.22
39.6044,-0.07,0.12,0,0.08,0,0,-4.72,-3.52
39.6284,-0.07,0.12,0,0.08,0,0.69,-4.72,-3.52
39.6537,-0.07,0.12,0,0.08,0,1.04,-4.72,-3.5
39.6777,-0.07,0.12,0,0.08,0,0.69,-4.72,-3.5
39.703,-0.07,0.12,0,0.08,0,0,-4.56,-3
39.727,-0.07,0.12,0,0.08,0,1.04,-4.56,-3
39.7525,-0.07,0.12,0,0.08,0,0,-4.53,-2.82
39.7764,-0.07,0.12,0,0.08,0,0.52,-4.53,-2.82
39.8023,-0.07,0.12,0,0.08,0,0.87,-4.6,-3.28
39.8298,-0.07,0.12,0,0.08,0.17,0.35,-4.6,-3.28
39.855,-0.07,0.12,0,0.08,0.35,0,-4.29,-2.71
39.8757,-0.07,0.12,0,0.08,0,0,-4.29,-2.71
39.8966,-0.07,0.12,0,0.07,0,0,-4.29,-2.71
39.9183,-0.07,0.12,0,0.07,0,0,-4.23,-2.6
39.9391,-0.07,0.12,0,0.07,0,0,-4.23,-2.6
39.9612,-0.07,0.12,0,0.07,0,0,-4.13,-2.25
39.9852,-0.07,0.12,0,0.07,0.35,0,-4.13,-2.25
40.0105,-0.06,0.12,0,0.07,0,0,-4.03,-2.42
40.0356,-0.07,0.12,0,0.07,0,0,-4.18,-2.7
40.0596,-0.07,0.12,0,0.07,0,0,-4.18,-2.7
40.0849,-0.06,0.12,-0,0.07,0,1.21,-4.04,-2.35
40.1089,-0.06,0.12,0,0.07,0,1.21,-4.04,-2.35
40.1344,-0.06,0.12,0,0.07,0,0.69,-4.26,-2.61
40.1584,-0.06,0.12,0,0.07,0,0.17,-4.26,-2.61
40.1837,-0.06,0.12,0,0.07,0,1.04,-4.06,-2.58
40.2076,-0.06,0.12,0,0.08,0,0,-4.06,-2.58
40.2296,-0.06,0.11,0,0.08,0,0,-3.77,-2.32
40.2504,-0.06,0.11,-0,0.08,0,0,-3.77,-2.32
40.2745,-0.06,0.11,-0,0.08,0,1.04,-3.77,-2.32
40.2997,-0.06,0.11,-0,0.08,0,1.04,-3.96,-2.6
40.3238,-0.06,0.12,0,0.08,0.17,0,-3.96,-2.6
40.349,-0.06,0.12,0,0.08,0.17,0,-3.83,-2.49
40.3698,-0.06,0.12,0,0.08,0,0,-3.83,-2.49
40.3917,-0.06,0.12,0,0.08,0,0,-3.56,-2.22
40.4157,-0.06,0.11,0,0.08,0,0,-3.56,-2.22
40.441,-0.07,0.11,0,0.08,0,0,-3.42,-1.84
40.4649,-0.07,0.11,0,0.08,0,0,-3.42,-1.84
40.4901,-0.07,0.11,0,0.08,0,0,-3.64,-2.26
40.5155,-0.07,0.11,0,0.08,0,0,-3.85,-2.42
40.5396,-0.06,0.11,0,0.08,0,0,-3.85,-2.42
40.5648,-0.07,0.11,0,0.08,0,0,-3.56,-2.05
40.5887,-0.06,0.11,0,0.08,0,1.04,-3.56,-2.05
40.6174,-0.07,0.12,0,0.08,0.87,1.04,-3.42,-1.89
40.6414,-0.07,0.11,0,0.08,0,0.52,-3.42,-1.89
40.6665,-0.07,0.11,0,0.08,0,0,-3.56,-2.02
40.6906,-0.07,0.11,0,0.08,0,0,-3.56,-2.02
40.7124,-0.07,0.11,0,0.07,0,0,-3.51,-1.97
40.7332,-0.07,0.11,0,0.07,0,0,-3.51,-1.97
40.7585,-0.07,0.11,-0.01,0.05,0,3.82,-3.5,-2.04
40.7858,-0.06,0.12,0,0.02,2.27,3.99,-3.5,-2.04
40.8145,-0.07,0.12,0,0,2.1,8.88,-3.41,-1.89
40.8385,-0.07,0.12,0,0,0.87,0,-3.41,-1.89
40.8638,-0.07,0.12,0.01,0,0.17,0,-3.15,-1.36
40.8846,-0.07,0.12,0.01,0,0,0,-3.15,-1.36
40.9098,-0.07,0.12,0,0,0.87,0,-3.26,-1.51
40.9338,-0.07,0.12,0.01,0,0.87,0,-3.26,-1.51
40.9626,-0.07,0.12,0.01,0,0.35,0.17,-3.2,-1.37
40.9834,-0.07,0.12,0.01,0,0,0,-3.2,-1.37
41.0086,-0.07,0.12,0.01,0,0,0,-3.43,-1.84
41.0327,-0.07,0.12,0.01,0,0,1.73,-3.43,-1.84
41.0579,-0.06,0.12,0.01,0,0,1.38,-3.32,-1.68
41.0819,-0.06,0.12,0.01,0,0,0.69,-3.32,-1.68
41.1074,-0.05,0.12,0.01,0,0.35,0,-3.21,-1.49
41.1315,-0.05,0.12,0.01,0,0.52,0,-3.21,-1.49
41.1535,-0.04,0.12,0.01,0,0,0,-3.27,-1.37
41.1743,-0.04,0.11,0.01,0,0,0,-3.27,-1.37
41.2016,-0.04,0.12,0.01,0,0,0.52,-3.27,-1.37
41.2303,-0.04,0.12,0.01,0,0.7,0.86,-3.04,-1.09
41.2587,-0.04,0.12,0.01,0,0.17,1.73,-3.07,-1.29
41.2809,-0.04,0.12,0.01,0,0,0,-3.08,-1.16
41.305,-0.04,0.12,0.01,0,1.05,0,-3.08,-1.16
41.3337,-0.04,0.12,0.01,0,1.92,0.17,-3.08,-1.22
41.3609,-0.04,0.12,0.01,0,0.52,0,-3.08,-1.22
41.3894,-0.04,0.12,0.01,0,0.7,0,-2.92,-0.98
41.4167,-0.04,0.12,0.01,0,0.87,0,-2.92,-0.98
41.4421,-0.04,0.12,0.01,0,0,0,-2.8,-0.77
41.4662,-0.04,0.12,0.01,0,0,1.21,-2.8,-0.77
41.4913,-0.04,0.12,0.01,0,0,0,-2.86,-0.89
41.5154,-0.04,0.12,0.01,0,0,0.69,-2.86,-0.89
41.5406,-0.04,0.12,0.01,0,0,1.04,-2.79,-0.84
41.5647,-0.04,0.12,0.01,0,0,0.69,-2.79,-0.84
41.5901,-0.04,0.12,0.01,0,0,0.17,-2.69,-0.66
41.6141,-0.04,0.12,0.01,0,0,0,-2.69,-0.66
41.6362,-0.04,0.12,0.01,0,0,0,-2.76,-0.54
41.657,-0.04,0.12,0.01,0,0,0,-2.76,-0.54
41.6822,-0.04,0.12,0.01,0,0,0.52,-2.61,-0.52
41.7044,-0.04,0.12,0.01,0,0,0,-2.82,-0.76
41.7283,-0.04,0.12,0.01,0,0,0.69,-2.82,-0.76
41.7572,-0.04,0.12,0.01,0,0.87,1.04,-2.87,-0.81
41.7845,-0.04,0.12,0.01,0,0.87,2.77,-2.87,-0.81
41.8131,-0.04,0.12,0.01,0,0.17,-0.17,-2.71,-0.65
41.8339,-0.04,0.12,0.01,0,0,0,-2.71,-0.65
41.856,-0.04,0.12,0.01,0,0,0,-2.6,-0.71
41.8766,-0.04,0.12,0.01,0,0,0,-2.6,-0.71
41.9026,-0.04,0.12,0.01,0,0,0,-2.57,-0.63
41.93,-0.04,0.13,0.01,0,1.05,0,-2.57,-0.63
41.9586,-0.04,0.13,0.01,0,1.05,0,-2.82,-0.78
41.9826,-0.04,0.12,0.01,0,0,0,-2.82,-0.78
42.0111,-0.04,0.13,0.01,0,0,1.04,-2.78,-0.98
42.0352,-0.04,0.13,0.01,0,0.17,0,-2.78,-0.98
42.0606,-0.04,0.13,0.01,0,0,4.16,-2.69,-1.02
42.0879,-0.04,0.13,0.01,0,0.87,5.02,-2.69,-1.02
42.1133,-0.05,0.13,0.01,0,0,2.77,-2.59,-0.78
42.1374,-0.05,0.13,0.01,0,0,1.04,-2.59,-0.78
42.1659,-0.05,0.13,0.01,0.01,0.52,1.56,-2.57,-0.57
42.1932,-0.06,0.13,0.01,0.04,0.7,9.05,-2.57,-0.57
42.2185,-0.06,0.13,0.01,0.06,0,5.91,-2.65,-0.77
42.2427,-0.06,0.13,0.01,0.06,0,3.48,-2.65,-0.77
42.2681,-0.06,0.13,0.01,0.07,0,6.45,-2.67,-0.65
42.2954,-0.06,0.13,0.01,0.09,0.17,3.83,-2.67,-0.65
42.3241,-0.06,0.13,0.01,0.12,0.35,9.09,-2.67,-0.62
42.3516,-0.06,0.13,0,0.15,0,13.47,-2.67,-0.62
42.3768,-0.06,0.13,0.01,0.16,0,6.82,-2.51,-0.62
42.4027,-0.06,0.13,0.01,0.17,0,7.7,-2.47,-0.45
42.4281,-0.06,0.13,0.01,0.18,0,7.18,-2.63,-0.67
42.4522,-0.06,0.13,0.01,0.2,0,7.71,-2.63,-0.67
42.4778,-0.06,0.13,0.01,0.22,0,12.08,-2.58,-0.63
42.5018,-0.06,0.13,0.01,0.25,0,11.56,-2.58,-0.63
42.5278,-0.06,0.13,0.01,0.25,0,9.8,-2.49,-0.54
42.5518,-0.06,0.13,0.01,0.26,0,5.95,-2.49,-0.54
42.5777,-0.06,0.13,0.01,0.26,0,7.17,-2.39,-0.27
42.6018,-0.06,0.13,0.01,0.27,0,8.73,-2.39,-0.27
42.6278,-0.06,0.13,0.01,0.27,0,6.99,-2.45,-0.3
42.6518,-0.06,0.12,0.01,0.28,0,4.89,-2.45,-0.3
42.6778,-0.06,0.12,0.01,0.29,0,12.52,-2.54,-0.55
42.702,-0.06,0.12,0.01,0.31,0,10.96,-2.54,-0.55
42.7278,-0.06,0.12,0.01,0.31,0,5.56,-2.48,-0.44
42.7518,-0.06,0.12,0.01,0.33,0,5.56,-2.48,-0.44
42.7777,-0.05,0.12,0.01,0.34,0,2.95,-2.47,-0.5
42.8018,-0.06,0.12,0.01,0.34,0,4.34,-2.47,-0.5
42.8277,-0.06,0.12,0.01,0.35,0,6.58,-2.55,-0.35
42.8517,-0.06,0.12,0,0.36,0,5.88,-2.55,-0.35
42.8811,-0.06,0.12,0,0.36,1.05,2.94,-2.56,-0.32
42.9098,-0.06,0.12,0.01,0.37,0.87,3.28,-2.57,-0.72
42.9371,-0.06,0.12,0.01,0.38,0.52,5.52,-2.57,-0.72
42.9627,-0.06,0.12,0.01,0.39,0,9.61,-2.4,-0.39
42.9867,-0.06,0.12,0.01,0.4,0,12.48,-2.4,-0.39
43.0121,-0.06,0.12,0.01,0.4,0,10.75,-2.45,-0.24
43.036,-0.06,0.12,0.01,0.41,0,6.14,-2.45,-0.24
43.0615,-0.06,0.12,0.01,0.43,0,3.41,-2.38,-0.13
43.0888,-0.06,0.12,0.01,0.44,0.87,3.57,-2.38,-0.13
43.1174,-0.06,0.12,0.01,0.45,0.87,4.58,-2.37,-0.19
43.1415,-0.06,0.12,0.01,0.47,0,5.08,-2.37,-0.19
43.1667,-0.06,0.12,0.01,0.48,0,6.42,-2.45,-0.37
43.191,-0.06,0.12,0.01,0.49,0,4.39,-2.45,-0.37
43.2162,-0.06,0.12,0.01,0.49,0,5.22,-2.46,-0.32
43.2402,-0.06,0.12,0.01,0.49,0,3.87,-2.46,-0.32
43.2655,-0.06,0.12,0.01,0.5,0,4.7,-2.46,-0.39
43.2896,-0.06,0.12,0.01,0.51,0,4.52,-2.46,-0.39
43.3149,-0.06,0.12,0.01,0.52,0,5.68,-2.38,-0.33
43.3389,-0.06,0.12,0.01,0.52,0,5,-2.38,-0.33
43.3644,-0.06,0.12,0.01,0.52,0,3.83,-2.2,-0.23
43.3884,-0.06,0.12,0.01,0.53,0,3.33,-2.2,-0.23
43.4172,-0.06,0.12,0.01,0.52,0,-0.17,-2.41,-0.46
43.4413,-0.06,0.12,0.01,0.53,0,-0.17,-2.41,-0.46
43.4666,-0.06,0.12,0.01,0.55,0,3.98,-2.37,-0.58
43.4906,-0.06,0.12,0,0.55,0,3.81,-2.37,-0.58
43.5158,-0.06,0.12,0,0.55,0,3.14,-2.36,-0.61
43.5399,-0.06,0.12,0,0.55,0,0.83,-2.36,-0.61
43.5651,-0.06,0.12,0,0.55,0,0.83,-2.36,-0.53
43.5894,-0.06,0.12,0,0.55,0,0.83,-2.36,-0.53
43.6147,-0.06,0.12,0,0.55,0,0.5,-2.36,-0.44
43.6431,-0.06,0.12,0,0.55,0.52,-0.17,-2.53,5.83
43.6671,-0.06,0.12,0,0.55,0,0,-2.53,5.83
43.6954,-0.06,0.11,0,0.55,0,0,-2.4,19.33
43.7222,-0.06,0.12,0,0.55,0,0.66,-2.4,19.33
43.7533,-0.06,0.12,0,0.54,0.17,1.65,-2.37,38.96
43.7847,-0.06,0.12,0.01,0.55,0.35,3.64,-2.45,58.41
43.8116,-0.06,0.12,0,0.55,0,5.96,-2.45,58.41
43.8397,-0.06,0.12,0.01,0.55,0,8.11,-2.3,75.45
43.8666,-0.06,0.12,0,0.55,0,11.08,-2.3,75.45
43.8947,-0.06,0.11,0,0.55,0,14.06,-2.43,98.83
43.9215,-0.06,0.11,0,0.55,0,19.96,-2.43,98.83
43.9498,-0.06,0.11,0,0.55,0,23.76,-2.38,131.86
43.9767,-0.06,0.11,0,0.55,0,30.31,-2.38,131.86
44.0081,-0.06,0.12,0,0.55,0,35.14,-2.2,169.44
44.0363,-0.06,0.11,0,0.55,0,41.8,-2.33,203.18
44.0632,-0.06,0.12,0,0.55,0,50.22,-2.33,203.18
44.0946,-0.06,0.12,0,0.55,0,59.31,-2.44,218.72
44.1228,-0.06,0.12,0,0.55,0,68.39,-2.38,223.71
44.1497,-0.06,0.11,0,0.55,0,77.32,-2.38,223.71
44.178,-0.06,0.11,0,0.54,0,85.36,-2.45,226.68
44.2094,-0.06,0.12,0,0.55,0,96.81,-2.54,228.51
44.2397,-0.06,0.12,0,0.54,3.5,108.41,-2.54,228.51
44.2712,-0.06,0.12,0,0.53,2.97,116.97,-2.48,230.11
44.3016,-0.06,0.12,0,0.52,1.22,120.02,-2.48,230.11
44.333,-0.06,0.13,0,0.51,1.4,119.32,-2.55,231.25
44.3645,-0.06,0.13,0,0.48,0.87,123.75,-2.73,231.65
44.3948,-0.06,0.13,0,0.47,0.35,132.01,-2.73,231.65
44.4231,-0.06,0.12,0.01,0.43,0,125.06,-2.68,232.79
44.45,-0.06,0.12,0,0.41,0,133.28,-2.68,232.79
44.4782,-0.06,0.12,0.01,0.39,0,142.45,-2.76,233.35
44.5098,-0.06,0.13,0.01,0.39,0.35,150.95,-2.61,234.28
44.5401,-0.05,0.13,0.01,0.38,0.52,161.77,-2.61,234.28
44.5717,-0.05,0.13,0.01,0.35,-0.17,163.72,-2.58,234.96
44.5987,-0.05,0.13,0.01,0.31,0,153.5,-2.58,234.96
44.6268,-0.05,0.13,0.01,0.26,0,147.95,-2.65,235.35
44.6554,-0.04,0.13,0.01,0.24,0,152.76,-2.83,235.83
44.6857,-0.05,0.13,0.01,0.21,0,151.99,-2.83,235.83
44.7171,-0.05,0.13,0.01,0.19,0.35,146.79,-2.87,236.09
44.744,-0.05,0.13,0.02,0.17,0,149.48,-2.87,236.09
44.7723,-0.05,0.12,0.02,0.15,0,153.56,-2.79,236.64
44.7993,-0.05,0.12,0.02,0.13,0,150.79,-2.79,236.64
44.8274,-0.04,0.12,0.02,0.09,0,143.46,-2.7,237.08
44.8557,-0.04,0.12,0.02,0.06,0,134.45,-2.92,236.84
44.8841,-0.04,0.12,0.02,0.05,0,132.73,-3.13,237.03
44.9109,-0.05,0.12,0.02,0.04,0,130.18,-3.13,237.03
44.9392,-0.04,0.12,0.01,0.02,0,122.02,-3.01,237.32
44.9662,-0.04,0.12,0.01,0.01,0,112.58,-3.01,237.32
44.9942,-0.04,0.12,0.01,0.01,0,113.86,-3.15,237.3
45.0212,-0.04,0.12,0.01,0,0,114.02,-3.15,237.3
45.0493,-0.04,0.12,0.01,0,0,114.02,-3.34,237.13
45.0763,-0.04,0.12,0.01,0,0,111.3,-3.34,237.13
45.1044,-0.04,0.12,0.01,0,0,110.02,-3.3,237.59
45.1326,-0.04,0.12,0.01,0,0,110.02,-3.29,238.01
45.1596,-0.04,0.12,0.01,0,0,108.58,-3.29,238.01
45.1879,-0.04,0.12,0.01,0,0,107.3,-3.21,238.01
45.2147,-0.04,0.12,0.01,0,0,104.74,-3.21,238.01
45.2428,-0.04,0.12,0.01,0,0,110.17,-3.19,238.09
45.2699,-0.04,0.12,0.01,0,0,111.45,-3.19,238.09
45.2979,-0.04,0.12,0.01,0,0,108.74,-3.84,235.56
45.3262,-0.04,0.12,0.01,0,0,104.74,-3.81,213.77
45.3531,-0.04,0.12,0.01,0,0,103.46,-3.81,213.77
45.3815,-0.04,0.12,0.01,0,0,104.74,-3.64,162.73
45.4095,-0.04,0.12,0.01,0,0,104.74,-3.52,83.58
45.4363,-0.04,0.12,0.01,0,0,104.74,-3.52,83.58
45.4644,-0.04,0.12,0.01,0,0,104.74,-3.66,24.28
45.4914,-0.04,0.12,0.01,0,0,103.46,-3.66,24.28
45.5167,-0.04,0.12,0.01,0,0,103.31,-3.69,6.99
45.5408,-0.04,0.12,0.01,0,0,90.66,-3.69,6.99
45.566,-0.04,0.12,0.01,0,0,76.93,-3.61,2.55
45.5903,-0.04,0.12,0.01,0,0,60.96,-3.61,2.55
45.6155,-0.04,0.12,0.01,0,0,44.75,-3.68,1.33
45.6395,-0.04,0.12,0.01,0,0,24.28,-3.68,1.33
45.665,-0.04,0.12,0,0,0,17.57,-3.69,0.6
45.689,-0.04,0.12,0,0,0,19.71,-3.69,0.6
45.7144,-0.04,0.12,0,0,0,13.47,-3.78,0.04
45.7385,-0.04,0.12,0,0,0,7.73,-3.78,0.04
45.7637,-0.04,0.12,0,0,0,6.62,-4.21,-1.06
45.7878,-0.04,0.12,0,0,0,4.64,-4.21,-1.06
45.8133,-0.04,0.12,0,0,0,2.15,-4.46,-1.61
45.8371,-0.04,0.12,0,0,0,1.99,-4.46,-1.61
45.8625,-0.04,0.12,0,0,0,1.33,-4.43,-1.55
45.8866,-0.04,0.12,0,0,0,2.83,-4.43,-1.55
45.9118,-0.04,0.12,0,0,0,2.16,-3.84,-0.97
45.9359,-0.04,0.12,0,0,0,0.17,-3.84,-0.97
45.9579,-0.04,0.12,-0,0,0,0,-3.97,-1.26
45.9787,-0.04,0.12,0,0,0,0,-3.97,-1.26
46.004,-0.04,0.12,0,0,0,0,-4.25,-1.9
46.0325,-0.04,0.12,0,0,0.87,0.5,-4.38,-2.1
46.0598,-0.04,0.12,0,0,0.87,1.17,-4.38,-2.1
46.0884,-0.04,0.12,0,0,0.35,1.17,-4.33,-2.06
46.1125,-0.04,0.12,0.01,0,0,0.5,-4.33,-2.06
46.1377,-0.04,0.12,0,0,0,1.17,-4.15,-1.97
46.165,-0.04,0.12,0,0,0,2.01,-4.15,-1.97
46.1937,-0.04,0.12,0,0,0.35,0.33,-4.2,-2.2
46.2177,-0.04,0.12,0,0,0,0.84,-4.2,-2.2
46.2398,-0.04,0.12,0,0,0,0,-4.46,-2.66
46.2607,-0.04,0.12,-0,0,0,0,-4.46,-2.66
46.286,-0.04,0.12,0,0,0,1.17,-4.84,-3.33
46.3101,-0.04,0.12,0,0,0,1.34,-4.84,-3.33
46.3353,-0.04,0.12,0,0,0,1,-4.67,-3.29
46.3594,-0.04,0.12,0,0,0,0.5,-4.67,-3.29
46.3879,-0.04,0.12,0,0,0.52,0,-4.3,-3.21
46.4152,-0.04,0.12,0,0,0.52,0,-4.3,-3.21
46.4438,-0.04,0.12,0,0,1.05,0,-4.07,-2.94
46.4713,-0.04,0.12,0,0,0.7,1.17,-4.07,-2.94
46.4998,-0.05,0.12,0,0,0.35,1.17,-4.18,-2.97
46.5252,-0.04,0.12,0,0,0,0.67,-4.04,-2.9
46.5492,-0.04,0.12,0,0,0,0.33,-4.04,-2.9
46.5745,-0.04,0.12,0,0,0,1.01,-4.01,-2.8
46.5986,-0.04,0.12,0,0,0,1.01,-4.01,-2.8
46.624,-0.04,0.12,0,0,0,1.68,-3.93,-2.61
46.648,-0.04,0.12,0,0,0,1.34,-3.93,-2.61
46.6733,-0.04,0.12,0,0,0,0.67,-3.91,-2.25
46.6973,-0.04,0.12,0.01,0,0,1.35,-3.91,-2.25
46.7226,-0.04,0.12,0,0,0,0.84,-4.23,-3.08
46.7466,-0.04,0.12,0,0,0,1.68,-4.23,-3.08
46.7721,-0.04,0.12,0,0,0,1.18,-4.3,-3.08
46.7961,-0.04,0.12,0,0,0,1.86,-4.3,-3.08
46.8247,-0.04,0.12,0,0,0,1.18,-4.31,-3.08
46.8487,-0.04,0.12,0,0,0,2.88,-4.31,-3.08
46.8741,-0.04,0.12,0,0,0,1.18,-3.99,-2.59
46.8981,-0.04,0.12,0,0,0,1.35,-3.99,-2.59
46.9201,-0.04,0.12,0,0,0,0,-3.92,-2.41
46.941,-0.04,0.12,0,0,0,0,-3.92,-2.41
46.963,-0.04,0.12,0,0,0,0,-4.15,-2.86
46.987,-0.04,0.12,0,0,0,0,-4.15,-2.86
47.0155,-0.04,0.12,0,0,0,0,-3.79,-2.38
47.0394,-0.04,0.12,0.01,0,0,0,-3.79,-2.38
47.0647,-0.04,0.12,0,0,0,0,-3.8,-2.28
47.0887,-0.04,0.12,0.01,0,0,0,-3.8,-2.28
47.114,-0.04,0.12,0,0,0,1.18,-3.72,-2.26
47.1382,-0.04,0.12,0,0,0,1.18,-3.72,-2.26
47.1634,-0.04,0.12,0,0,0,0.85,-3.62,-1.93
47.1876,-0.04,0.12,0,0,0,0.34,-3.62,-1.93
47.2096,-0.04,0.12,0,0,0,0,-3.76,-2.28
47.235,-0.04,0.12,0,0,0,0,-3.71,-2.26
47.2589,-0.04,0.12,0,0,0,0,-3.71,-2.26
47.2841,-0.04,0.11,0,0,0,0,-3.54,-1.77
47.3049,-0.04,0.12,0.01,0,0,0,-3.54,-1.77
47.3302,-0.04,0.11,0.01,0,0,0,-3.5,-1.67
47.3544,-0.04,0.11,0.04,0,0,0.51,-3.5,-1.67
47.3796,-0.04,0.12,0.04,0,0,0.17,-3.33,-1.48
47.4037,-0.04,0.11,0.04,0,0,1.19,-3.33,-1.48
47.429,-0.05,0.12,0.04,0,0,0,-3.46,-1.78
47.4563,-0.05,0.12,0.04,0,1.22,0.85,-3.46,-1.78
47.4817,-0.05,0.12,0.04,0,0,4.42,-3.4,-1.59
47.5058,-0.05,0.12,0.04,0,0,1.7,-3.4,-1.59
47.5346,-0.05,0.12,0.04,0,0.7,-0.17,-3.56,-1.88
47.5585,-0.05,0.12,0.04,0,0.87,0,-3.56,-1.88
47.5839,-0.04,0.12,0.04,0,0.35,0,-3.26,-1.53
47.6048,-0.05,0.12,0.04,0,0,0,-3.26,-1.53
47.6269,-0.04,0.12,0.04,0,0,0,-3.03,-1.29
47.6509,-0.04,0.12,0.04,0,0,1.02,-3.03,-1.29
47.675,-0.05,0.12,0.04,0,0,1.02,-3.03,-1.29
47.7004,-0.04,0.12,0.04,0,0,0.68,-3.48,-1.82
47.7257,-0.04,0.12,0.04,0,0,0,-3.57,-2.09
47.7466,-0.04,0.12,0.04,0,0,0,-3.57,-2.09
47.7718,-0.05,0.12,0.04,0,0.52,0,-3.43,-1.81
47.7959,-0.04,0.12,0.04,0,0.52,0,-3.43,-1.81
47.8211,-0.05,0.12,0.04,0,0,0,-3.23,-1.6
47.8452,-0.05,0.12,0.04,0,0,0.34,-3.23,-1.6
47.8738,-0.05,0.12,0.04,0,0.87,1.02,-2.95,-1.14
47.8979,-0.05,0.12,0.04,0,0,0,-2.95,-1.14
47.9231,-0.05,0.12,0.04,0,0.35,0,-3.14,-1.3
47.9473,-0.05,0.12,0.04,0,0.52,0,-3.14,-1.3
47.9758,-0.05,0.13,0.04,0,1.4,2.21,-3.01,-1.25
48.0033,-0.05,0.13,0.04,0,0.87,0,-3.01,-1.25
48.0252,-0.05,0.12,0.04,0,0,0,-2.9,-1.07
48.0525,-0.05,0.13,0.04,0,0,0.34,-2.9,-1.07
48.0778,-0.05,0.13,0.04,0,0.17,0,-2.72,-0.95
48.1035,-0.04,0.13,0.04,0,0,3.92,-2.68,-0.93
48.1306,-0.05,0.13,0.04,0,0.87,2.89,-2.68,-0.93
48.156,-0.05,0.13,0.04,0,0.7,0,-2.75,-1.17
48.1803,-0.05,0.13,0.04,0,0.35,0,-2.75,-1.17
48.2057,-0.05,0.13,0.04,0,0.87,0,-2.77,-1.06
48.233,-0.05,0.13,0.04,0,0.87,0.85,-2.77,-1.06
48.2584,-0.05,0.13,0.04,0,0.35,0,-2.69,-0.87
48.2825,-0.05,0.13,0.04,0,0,0,-2.69,-0.87
48.3077,-0.04,0.13,0.04,0,0,3.58,-2.51,-0.75
48.3317,-0.05,0.13,0.04,0,0,3.24,-2.51,-0.75
48.3572,-0.05,0.13,0.04,0,0,1.7,-2.47,-0.4
48.3812,-0.05,0.13,0.04,0,0,0.85,-2.47,-0.4
48.4099,-0.04,0.13,0.04,0,0.52,0.17,-2.71,-1.07
48.4353,-0.05,0.13,0.04,0,0.7,0,-2.68,-0.95
48.4593,-0.05,0.13,0.04,0,0.35,0,-2.68,-0.95
48.4847,-0.05,0.13,0.04,0,0,1.19,-2.59,-0.68
48.5056,-0.05,0.13,0.04,0,0,0,-2.59,-0.68
48.5276,-0.04,0.13,0.04,0,0,0,-2.49,-0.63
48.5484,-0.05,0.13,0.04,0,0,0,-2.49,-0.63
48.5692,-0.05,0.13,0.04,0,0,0,-2.49,-0.63
48.5945,-0.05,0.13,0.04,0,0,1.19,-2.55,-0.54
48.6185,-0.04,0.13,0.04,0,0,0.51,-2.55,-0.54
48.6439,-0.05,0.13,0.03,0,0,1.02,-2.56,-0.76
48.6681,-0.05,0.13,0.04,0,0,0,-2.56,-0.76
48.6934,-0.04,0.13,0.04,0,0,0,-2.57,-0.65
48.7142,-0.04,0.13,0.04,0,0,0,-2.57,-0.65
48.7395,-0.05,0.13,0.04,0,0,0,-2.49,-0.54
48.7635,-0.05,0.13,0.04,0,0,0,-2.49,-0.54
48.7887,-0.05,0.13,0.04,0,0,0,-2.47,-0.35
48.813,-0.04,0.13,0.04,0,0,0,-2.47,-0.35
48.8383,-0.05,0.13,0.04,0,0,0,-2.38,-0.24
48.8621,-0.05,0.12,0.04,0,0,0,-2.38,-0.24
48.8876,-0.05,0.12,0.04,0,0,0,-2.37,-0.29
48.9128,-0.05,0.12,0.04,0,0,0,-2.45,-0.39
48.9369,-0.04,0.13,0.04,0,0.17,0,-2.45,-0.39
48.9589,-0.05,0.12,0.04,0,0,0,-2.54,-0.41
48.9829,-0.05,0.13,0.04,0,0.17,0,-2.54,-0.41
49.0051,-0.05,0.12,0.04,0,0,0,-2.48,-0.33
49.0292,-0.05,0.13,0.04,0,0,0,-2.48,-0.33
49.0544,-0.05,0.13,0.04,0,0.17,0,-2.39,-0.31
49.0752,-0.04,0.12,0.04,0,0,0,-2.39,-0.31
49.0991,-0.04,0.12,0.04,0,0,0,-2.39,-0.31
49.1213,-0.05,0.12,0.04,0,0,0,-2.61,-0.56
49.1453,-0.05,0.12,0.04,0,0,0,-2.61,-0.56
49.1706,-0.05,0.12,0.04,0,0,1.01,-2.5,-0.36
49.1947,-0.05,0.12,0.04,0,0,2.2,-2.5,-0.36
49.2201,-0.05,0.12,0.04,0,0,1.86,-2.47,-0.4
49.2441,-0.04,0.12,0.04,0,0,1.02,-2.47,-0.4
49.2693,-0.05,0.12,0.04,0,0,0.34,-2.38,-0.33
49.2936,-0.05,0.12,0.04,0,0,-0.17,-2.38,-0.33
49.3221,-0.05,0.13,0.04,0,0.87,0,-2.45,-0.39
49.3462,-0.05,0.12,0.04,0,0,0,-2.45,-0.39
49.3714,-0.05,0.12,0.04,0,0,0,-2.54,-0.57
49.3953,-0.05,0.12,0.04,0,0,1.19,-2.54,-0.57
49.4207,-0.05,0.12,0.04,0,0,1.19,-2.48,-0.69
49.4413,-0.05,0.12,0.04,0,0,0,-2.48,-0.69
49.4666,-0.05,0.11,0.04,0,0,0.34,-2.47,-0.63
49.4874,-0.05,0.11,0.04,0,0,0,-2.47,-0.63
49.5129,-0.05,0.11,0.04,0,0,0.85,-2.38,-0.7
49.5369,-0.04,0.11,0.03,0,0,1.19,-2.38,-0.7
49.5589,-0.05,0.11,0.04,0,0,0,-2.45,-0.63
49.5829,-0.05,0.12,0.04,0,1.05,0,-2.45,-0.63
49.6116,-0.05,0.12,0.04,0,0.87,1.87,-2.46,-0.7
49.6403,-0.05,0.12,0.04,0,0.17,1.02,-2.46,-0.55
49.6643,-0.04,0.12,0.04,0,0,3.4,-2.46,-0.55
49.6896,-0.05,0.12,0.04,0,0,4.26,-2.38,-0.44
49.7169,-0.05,0.12,0.04,0,0,3.92,-2.38,-0.44
49.7455,-0.04,0.12,0.04,0,0.17,4.45,-2.28,-0.33
49.7696,-0.04,0.12,0.04,0,0,7.73,-2.28,-0.33
49.7949,-0.05,0.12,0.04,0,0,6.01,-2.26,-0.15
49.819,-0.05,0.12,0.04,0,0,3.26,-2.26,-0.15
49.8443,-0.05,0.11,0.04,0,0,1.2,-2.43,-0.52
49.8685,-0.05,0.11,0.04,0,0,0.52,-2.43,-0.52
49.8939,-0.04,0.11,0.04,0,0,0,-2.38,-0.6
49.9179,-0.05,0.11,0.04,0,0,0,-2.38,-0.6
49.9464,-0.05,0.11,0.04,0,0.18,0,-2.37,-0.53
49.9739,-0.05,0.12,0.04,0,2.1,0,-2.37,-0.53
50.0024,-0.04,0.11,0.04,0,0.18,0,-2.36,-0.43
50.0277,-0.05,0.11,0.04,0,0,0,-2.44,-0.74
50.0515,-0.05,0.11,0.04,0,0.7,0,-2.44,-0.74
50.0808,-0.05,0.11,0.04,0,0.87,0.17,-2.38,-0.72
50.1095,-0.05,0.12,0.04,0,0.35,0,-2.37,-0.64
50.1302,-0.05,0.12,0.04,0,0,0,-2.37,-0.64
50.1525,-0.05,0.12,0.04,0,0,0,-2.36,-0.46
50.1798,-0.05,0.12,0.04,0,0.87,0,-2.36,-0.46
50.2053,-0.04,0.12,0.04,0,0,0,-2.44,-0.34
50.2326,-0.05,0.12,0.04,0,0.35,0,-2.44,-0.34
50.2611,-0.05,0.12,0.04,0,0.52,0,-2.38,-0.56
50.2884,-0.04,0.12,0.04,0,0,0,-2.38,-0.56
50.3138,-0.04,0.12,0.04,0,0,0,-2.28,-0.44
50.3379,-0.04,0.12,0.04,0,0,0,-2.28,-0.44
50.3631,-0.04,0.12,0.04,0,0,1.03,-2.35,-0.25
50.3872,-0.05,0.12,0.04,0,0,1.03,-2.35,-0.25
50.4124,-0.04,0.12,0.04,0,0,0.52,-2.28,-0.21
50.4333,-0.04,0.12,0.04,0,0,0,-2.28,-0.21
50.4553,-0.04,0.12,0.04,0,0,0,-2.26,-0.21
50.4761,-0.04,0.12,0.04,0,0,0,-2.26,-0.21
50.5001,-0.04,0.12,0.04,0,0,0,-2.26,-0.21
50.5254,-0.04,0.12,0.04,0,0,0,-2.34,-0.21
50.5525,-0.05,0.12,0.04,0,0,0,-2.34,-0.21
50.5778,-0.04,0.12,0.04,0,0,0,-2.28,-0.21
50.6032,-0.04,0.12,0.04,0,0,0,-2.26,-0.12
50.6273,-0.05,0.12,0.04,0,0,0,-2.26,-0.12
50.6525,-0.04,0.12,0.04,0,0,0,-2.18,-0.02
50.6766,-0.04,0.12,0.03,0,0,0,-2.18,-0.02
50.7025,-0.04,0.12,0.04,0,0,0,-2.24,-0
50.7266,-0.04,0.12,0.03,0,0,0,-2.24,-0
50.7524,-0.04,0.11,0.04,0,0,0,-2.34,-0.41
50.7765,-0.04,0.12,0.04,0,0,0,-2.34,-0.41
50.8026,-0.04,0.12,0.03,0,0,0,-2.28,-0.25
50.828,-0.04,0.12,0.03,0,0,0,-2.43,-0.3
50.8519,-0.04,0.12,0.04,0,0,0,-2.43,-0.3
50.8774,-0.04,0.12,0.04,0,0,0,-2.54,-0.22
50.9014,-0.05,0.12,0.04,0,0,0,-2.54,-0.22
50.9275,-0.04,0.12,0.04,0,0,0,-2.48,-0.54
50.9514,-0.04,0.12,0.04,0,0,0,-2.48,-0.54
50.9777,-0.04,0.12,0.04,0,0,0,-2.55,-0.85
51.0017,-0.04,0.12,0.03,0,0,0,-2.55,-0.85
51.0274,-0.04,0.12,0.04,0,0,0,-2.4,-0.66
51.0513,-0.04,0.12,0.04,0,0,0,-2.4,-0.66
51.0753,-0.04,0.12,0.04,0,0,0,-2.4,-0.66
51.0993,-0.04,0.12,0.04,0,0,0,-2.4,-0.66
51.1232,-0.04,0.12,0.04,0,0,0,-2.4,-0.66
51.1473,-0.04,0.11,0.04,0,0,0,-2.4,-0.66
51.1713,-0.04,0.12,0.03,0,0,0,-2.4,-0.66
51.1952,-0.04,0.11,0.04,0,0,0,-2.4,-0.66
51.2192,-0.04,0.12,0.04,0,0,0,-2.4,-0.66
