t,aa0,fe0,aa1,fe1,ctq0,ctq1,dtq0,dtq1
1329.3,0.18,0.52,-0.02,0.52,305.76,170,-0.27,-0.11
1329.3,0,0,0,0,3.63847e-41,0,7.42688e-44,0
1329.3,0,4.58253e-41,0,0,3.63847e-41,0,5.1848e-44,0
1329.3,0.01,-0.01,0,0,0,0,0,3.35036e-41
1329.31,0.27,0,-0.01,0,0,0,0,0
1329.34,0.27,0,-0.01,0,0,0,0,0
1329.37,0.27,0,-0.01,0,0,0,0,0
1329.39,0.27,0,-0.01,0,0,0,0,0
1329.42,0.27,0,-0.01,0,0,0,0,0
1329.44,0.27,0,-0.01,0,0.33,0,0,0
1329.47,0.27,0,-0.01,0,0,0,0,0
1329.49,0.27,0,-0.01,0,0,0,0,0
1329.52,0.27,0,-0.01,0,0,0,0,0
1329.54,0.27,0,-0.01,0,0,0,0,0
1329.56,0.27,0,-0.01,0,0,0,0,0
1329.59,0.27,0,-0.01,0,0,0,0,0
1329.61,0.27,0,-0.01,0,0,0,0,0
1329.64,0.27,0,-0.01,0,0,0,0,0
1329.66,0.27,0,-0.01,0,0,0,0,0
1329.68,0.27,0,-0.01,0,0,0,0,0
1329.71,0.27,0,-0.01,0,0,0,0,0
1329.73,0.27,0,-0.01,0,0,0,0,0
1329.76,0.27,0,-0.01,0,0,0,0,0
1329.78,0.27,0,-0.01,0,0,0,0,0
1329.8,0.27,0,-0.01,0,0,0,0,0
1329.83,0.27,0,-0.01,0,0,0,0,0
1329.85,0.27,0,-0.01,0,0,0,0,0
1329.88,0.27,0,-0.01,0,0,0,0,0
1329.9,0.27,0,-0.01,0,0,0,0,0
1329.92,0.27,0,-0.01,0,0,0,0,0
1329.95,0.27,0,-0.01,0,0,0,0,0
1329.97,0.27,0,-0.01,0,0,0,0,0
1330,0.27,0,-0.01,0,0,0,0,0
1330.02,0.27,0,-0.01,0,0,0,0,0
1330.04,0.27,0,-0.01,0,0,0,0,0
1330.07,0.27,0,-0.01,0,0,0,0,0
1330.09,0.27,0,-0.01,0,0,0,0,0
1330.12,0.27,0,-0.01,0,0,0,0,0
1330.14,0.27,0,-0.01,0,0,0,0,0
1330.16,0.27,0,-0.01,0,0,0,0,0
1330.19,0.27,0,-0.01,0,0,0,0,0
1330.21,0.27,0,-0.01,0,0,0,0,0
1330.24,0.27,0,-0.01,0,0,0,0,0
1330.26,0.27,0,-0.01,0,0,0,0,0
1330.28,0.27,0,-0.01,0,0,0,0,0
1330.31,0.27,0,-0.01,0,0,0,0,0
1330.33,0.27,0,-0.01,0,0,0,0,0
1330.36,0.27,0,-0.01,0,0,0,0,0
1330.38,0.27,0,-0.01,0,0,0,0,0
1330.4,0.27,0,-0.01,0,0,0,0,0
1330.43,0.27,0,-0.01,0,0,0,0,0
1330.45,0.27,0,-0.01,0,0,0,0,0
1330.47,0.27,0,-0.01,0,0,0,0,0
1330.5,0.26,0,-0.01,0,0,0,0,0
1330.52,0.27,0,-0.01,0,0,0,0,0
1330.55,0.27,0,-0.01,0,0,0,0,0
1330.57,0.27,0,-0.01,0,0,0,0,0
1330.59,0.27,0,-0.01,0,0,0,0,0
1330.62,0.27,0,-0.01,0,0,0,0,0
1330.64,0.27,0,-0.01,0,0,0,0,0
1330.67,0.27,0,-0.01,0,0,0,0,0
1330.69,0.27,0,-0.01,0,0,0,0,0
1330.71,0.27,0,-0.01,0,0,0,0,0
1330.74,0.27,0,-0.01,0,0,0,0,0
1330.76,0.27,0,-0.01,0,0,0,0,0
1330.79,0.26,0,-0.01,0,0,0,0,0
1330.81,0.27,0,-0.01,0,0,0,0,0
1330.83,0.27,0,-0.01,0,0,0,0,0
1330.86,0.27,0,-0.01,0,0,0,0,0
1330.88,0.27,0,-0.01,0,0,0,0,0
1330.91,0.27,0,-0.01,0,0,0,0,0
1330.93,0.27,0,-0.01,0,0,0,0,0
1330.95,0.27,0,-0.01,0,0,0,0,0
1330.98,0.27,0,-0.01,0,0,0,0,0
1331,0.27,0,-0.01,0,0,0,0,0
1331.03,0.27,0,-0.01,0,0,0,0,0
1331.05,0.27,0,-0.01,0,0,0,0,0
1331.07,0.27,0,-0.01,0,0,0,0,0
1331.1,0.27,0,-0.01,0,0,0,0,0
1331.12,0.27,0,-0.01,0,0,0,0,0
1331.15,0.27,0,-0.01,0,0,0,0,0
1331.17,0.27,0,-0.01,0,0,0,0,0
1331.19,0.27,0,-0.01,0,0,0,0,0
1331.22,0.26,0,-0.01,0,0,0,0,0
1331.24,0.27,0,-0.01,0,0,0,0,0
1331.27,0.27,0,-0.01,0,0,0,0,0
1331.29,0.27,0,-0.01,0,0,0,0,0
1331.31,0.27,0,-0.01,0,0,0,0,0
1331.34,0.27,0,-0.01,0,0,0,0,0
1331.36,0.27,0,-0.01,0,0,0,0,0
1331.39,0.27,0,-0.01,0,0,0,0,0
1331.41,0.27,0,-0.01,0,0,0,0,0
1331.43,0.27,0,-0.01,0,0,0,0,0
1331.46,0.27,0,-0.01,0,0,0,0,0
1331.48,0.27,0,-0.01,0,0,0,0,0
1331.51,0.27,0,-0.01,0,0,0,0,0
1331.53,0.27,0,-0.01,0,0,0,0,0
1331.55,0.27,0,-0.01,0,0,0,0,0
1331.58,0.27,0,-0.01,0,0,0,0,0
1331.6,0.27,0,-0.01,0,0,0,0,0
1331.63,0.27,0,-0.01,0,0,0,0,0
1331.65,0.27,0,-0.01,0,0,0,0,0
1331.67,0.27,0,-0.01,0,0,0,0,0
1331.7,0.27,0,-0.01,0,0,0,0,0
1331.72,0.27,0,-0.01,0,0,0,0,0
1331.75,0.27,0,-0.01,0,0,0,0,0
1331.77,0.27,0,-0.01,0,0,0,0,0
1331.79,0.27,0,-0.01,0,0,0,0,0
1331.82,0.27,0,-0.01,0,0,0,0,0
1331.84,0.27,0,-0.01,0,0,0,0,0
1331.87,0.27,0,-0.01,0,0,0,0,0
1331.89,0.27,0,-0.01,0,0,0,0,0
1331.91,0.27,0,-0.01,0,0,0,0,0
1331.94,0.27,0,-0.01,0,0,0,0,0
1331.96,0.27,0,-0.01,0,0,0,0,0
1331.99,0.27,0,-0.01,0,0,0,0,0
1332.01,0.27,0,-0.01,0,0,0,0,0
1332.03,0.27,0,-0.01,0,0,0,0,0
1332.06,0.27,0,-0.01,0,0,0,0,0
1332.08,0.27,0,-0.01,0,0,0,0,0
1332.1,0.27,0,-0.01,0,0,0,0,0
1332.13,0.27,0,-0.01,0,0,0,0,0
1332.15,0.27,0,-0.01,0,0,0,0,0
1332.18,0.27,0,-0.01,0,0,0,0,0
1332.2,0.27,0,-0.01,0,0,0,0,0
1332.22,0.27,0,-0.01,0,0,0,0,0
1332.25,0.27,0,-0.01,0,0,0,0,0
1332.27,0.27,0,-0.01,0,0,0,0,0
1332.3,0.27,0,-0.01,0,0,0,0,0
1332.32,0.27,0,-0.01,0,0,0,0,0
1332.34,0.27,0,-0.01,0,0,0,0,0
1332.37,0.27,0,-0.01,0,0,0,0,0
1332.39,0.27,0,-0.01,0,0,0,0,0
1332.42,0.27,0,-0.01,0,0,0,0,0
1332.44,0.27,0,-0.01,0,0,0,0,0
1332.46,0.27,0,-0.01,0,0,0,0,0
1332.49,0.27,0,-0.01,0,0,0,0,0
1332.51,0.27,0,-0.01,0,0,0,0,0
1332.54,0.27,0,-0.01,0,0,0,0,0
1332.56,0.27,0,-0.01,0,0,0,0,0
1332.58,0.27,0,-0.01,0,0,0,0,0
1332.61,0.27,0,-0.01,0,0,0,0,0
1332.63,0.27,0,-0.01,0,0,0,0,0
1332.66,0.27,0,-0.01,0,0,0,0,0
1332.68,0.27,0,-0.01,0,0,0,0,0
1332.7,0.26,0,-0.01,0,0,0,0,0
1332.73,0.27,0,-0.01,0,0,0,0,0
1332.75,0.27,0,-0.01,0,0,0,0,0
1332.78,0.27,0,-0.01,0,0,0,0,0
1332.8,0.27,0,-0.01,0,0,0,0,0
1332.82,0.27,0,-0.01,0,0,0,0,0
1332.85,0.27,0,-0.01,0,0,0,0,0
1332.87,0.27,0,-0.01,0,0,0,0,0
1332.9,0.27,0,-0.01,0,0,0,0,0
1332.92,0.27,0,-0.01,0,0,0,0,0
1332.94,0.27,0,-0.01,0,0,0,0,0
1332.97,0.27,0,-0.01,0,0,0,0,0
1332.99,0.27,0,-0.01,0,0,0,0,0
1333.02,0.27,0,-0.01,0,0,0,0,0
1333.04,0.27,0,-0.01,0,0,0,0,0
1333.06,0.27,0,-0.01,0,0,0,0,0
1333.09,0.27,0,-0.01,0,0,0,0,0
1333.11,0.27,0,-0.01,0,0,0,0,0
1333.13,0.27,0,-0.01,0,0,0,0,0
1333.16,0.27,0,-0.01,0,0,0,0,0
1333.18,0.27,0,-0.01,0,0,0,0,0
1333.21,0.27,0,-0.01,0,0,0,0,0
1333.23,0.27,0,-0.01,0,0,0,0,0
1333.25,0.27,0,-0.01,0,0,0,0,0
1333.28,0.27,0,-0.01,0,0,0,0,0
1333.3,0.27,0,-0.01,0,0,0,0,0
1333.33,0.27,0,-0.01,0,0,0,0,0
1333.35,0.27,0,-0.01,0,0,0,0,0
1333.37,0.27,0,-0.01,0,0,0,0,0
1333.4,0.27,0,-0.01,0,0,0,0,0
1333.42,0.27,0,-0.01,0,0,0,0,0
1333.45,0.27,0,-0.01,0,0,0,0,0
1333.47,0.27,0,-0.01,0,0,0,0,0
1333.49,0.27,0,-0.01,0,0,0,0,0
1333.52,0.27,0,-0.01,0,0,0,0,0
1333.54,0.27,0,-0.01,0,0,0,0,0
1333.57,0.27,0,-0.01,0,0,0,0,0
1333.59,0.27,0,-0.01,0,0,0,0,0
1333.61,0.26,0,-0.01,0,0,0,0,0
1333.64,0.27,0,-0.01,0,0,0,0,0
1333.66,0.27,0,-0.01,0,0,0,0,0
1333.69,0.27,0,-0.01,0,0,0,0,0
1333.71,0.26,0,-0.01,0,0,0,0,0
1333.73,0.27,0,-0.01,0,0,0,0,0
1333.76,0.27,0,-0.01,0,0,0,0,0
1333.78,0.27,0,-0.01,0,0,0,0,0
1333.81,0.27,0,-0.01,0,0,0,0,0
1333.83,0.27,0,-0.01,0,0,0,0,0
1333.85,0.27,0,-0.01,0,0,0,0,0
1333.88,0.27,0,-0.01,0,0,0,0,0
1333.9,0.27,0,-0.01,0,0,0,0,0
1333.93,0.27,0,-0.01,0,0,0,0,0
1333.95,0.27,0,-0.01,0,0,0,0,0
1333.97,0.27,0,-0.01,0,0,0,0,0
1334,0.27,0,-0.01,0,0,0,0,0
1334.02,0.27,0,-0.01,0,0,0,0,0
1334.05,0.27,0,-0.01,0,0,0,0,0
1334.07,0.27,0,-0.01,0,1,0,0,0
1334.1,0.27,0,-0.01,0,0,0,0,0
1334.12,0.27,0,-0.01,0,0,0,0,0
1334.14,0.27,0,-0.01,0,0,0,0,0
1334.17,0.27,0,-0.01,0,0,0,0,0
1334.19,0.27,0,-0.01,0,0,0,0,0
1334.22,0.27,0,-0.01,0,0,0,0,0
1334.24,0.27,0,-0.01,0,0,0,0,0
1334.26,0.26,0,-0.01,0,0,0,0,0
1334.29,0.27,0,-0.01,0,0,0,0,0
1334.31,0.27,0,-0.01,0,0,0,0,0
1334.34,0.27,0,-0.01,0,0,0,0,0
1334.36,0.26,0,-0.01,0,0,0,0,0
1334.38,0.27,0,-0.01,0,0,0,0,0
1334.41,0.27,0,-0.01,0,0,0,0,0
1334.43,0.27,0,-0.01,0,0,0,0,0
1334.46,0.27,0,-0.01,0,0,0,0,0
1334.48,0.26,0,-0.01,0,0,0,0,0
1334.5,0.27,0,-0.01,0,0,0,0,0
1334.53,0.27,0,-0.01,0,0,0,0,0
1334.55,0.27,0,-0.01,0,0,0,0,0
1334.58,0.27,0,-0.01,0,0,0,0,0
1334.6,0.27,0,-0.01,0,0,0,0,0
1334.62,0.27,0,-0.01,0,0,0,0,0
1334.65,0.27,0,-0.01,0,0,0,0,0
1334.67,0.27,0,-0.01,0,0,0,0,0
1334.7,0.27,0,-0.01,0,0,0,0,0
1334.72,0.27,0,-0.01,0,0,0,0,0
1334.74,0.27,0,-0.01,0,0,0,0,0
1334.77,0.27,0,-0.01,0,0,0,0,0
1334.79,0.27,0,-0.01,0,0,0,0,0
1334.82,0.27,0,-0.01,0,0,0,0,0
1334.84,0.27,0,-0.01,0,0,0,0,0
1334.86,0.27,0,-0.01,0,0,0,0,0
1334.89,0.27,0,-0.01,0,0,0,0,0
1334.91,0.27,0,-0.01,0,0,0,0,0
1334.94,0.27,0,-0.01,0,0,0,0,0
1334.96,0.27,0,-0.01,0,0,0,0,0
1334.98,0.27,0,-0.01,0,0,0,0,0
1335.01,0.27,0,-0.01,0,0,0,0,0
1335.03,0.27,0,-0.01,0,0,0,0,0
1335.06,0.27,0,-0.01,0,0,0,0,0
1335.08,0.27,0,-0.01,0,0,0,0,0
1335.1,0.27,0,-0.01,0,0,0,0,0
1335.13,0.26,0,-0.01,0,0,0,0,0
1335.15,0.27,0,-0.01,0,0,0,0,0
1335.18,0.27,0,-0.01,0,0,0,0,0
1335.2,0.27,0,-0.01,0,0,0,0,0
1335.22,0.27,0,-0.01,0,0,0,0,0
1335.25,0.27,0,-0.01,0,0,0,0,0
1335.27,0.27,0,-0.01,0,0,0,0,0
1335.3,0.27,0,-0.01,0,0,0,0,0
1335.32,0.27,0,-0.01,0,0,0,0,0
1335.34,0.27,0,-0.01,0,0,0,0,0
1335.37,0.27,0,-0.01,0,0,0,0,0
1335.39,0.27,0,-0.01,0,0,-0.16,-0,0
1335.41,0.27,0,-0.01,0,0,0,-0,0
1335.44,0.27,0,-0.01,0,0,0,-0,0
1335.46,0.27,0,-0.01,0,0,0,-0,0
1335.48,0.27,0,-0.01,0,0,0,-0,0
1335.5,0.27,0,-0.01,0,0,0,-0,0
1335.52,0.27,0,-0.01,0,0,0,-0,0
1335.54,0.27,0,-0.01,0,0,0,-0,0
1335.56,0.27,0.01,-0.01,0,0,0,-0,0
1335.58,0.27,0.01,-0.01,0,0,0,-0,0
1335.61,0.27,0.01,-0.01,0,0,0,-0,0
1335.63,0.27,0,-0.01,0,0,0,-0,0
1335.65,0.27,0.01,-0.01,0,0,0,-0,0
1335.67,0.26,0.01,-0.01,0,0,0,-0,0
1335.69,0.27,0.01,-0.01,0,0,0,-0,0
1335.71,0.27,0.01,-0.01,0,0,0,-0,0
1335.73,0.27,0.01,-0.01,0,0,0,-0,0
1335.75,0.27,0.01,-0.01,0,0,0,-0,0
1335.78,0.27,0.01,-0.01,0,0,0,-0,0
1335.8,0.27,0.01,-0.01,0,0,0,-0,0
1335.82,0.27,0.01,-0.01,0,0,0,-0,0
1335.84,0.27,0.01,-0,0,0,0,-0,0
1335.86,0.27,0.01,-0.01,0,0,0,-0,0
1335.88,0.26,0.01,-0.01,0,0,0,-0,0
1335.9,0.27,0.01,-0.01,0,0,0,-0,0
1335.93,0.27,0.01,-0.01,0,0,0,-0,0
1335.95,0.27,0.01,-0.01,0,0,0,-0,0
1335.97,0.27,0.01,-0.01,0,0,0,-0,0
1335.99,0.27,0.01,-0.01,0,0,0,-0,0
1336.01,0.27,0.01,-0.01,0,0,0,-0,0
1336.03,0.27,0.01,-0.01,0,0,0,-0,0
1336.05,0.27,0.01,-0.01,0,0,0,-0,0
1336.07,0.27,0.01,-0.01,0,0,0,-0,0
1336.1,0.27,0.01,-0.01,0,0,0,-0,0
1336.12,0.27,0.01,-0.01,0,0,0,-0,0
1336.14,0.27,0.01,-0.01,0,0,0,-0,0
1336.16,0.27,0.01,-0.01,0,0,0,-0,0
1336.18,0.27,0.01,-0.01,0,0,0,-0,0
1336.2,0.27,0.01,-0.01,0,0,0,-0,0
1336.22,0.27,0.01,-0.01,0,0,0,-0,0
1336.25,0.26,0.01,-0.01,0,0,0,-0,0
1336.27,0.27,0.01,-0.01,0,0,0,-0,0
1336.29,0.27,0.01,-0.01,0,0,0,-0,0
1336.31,0.27,0.01,-0.01,0,0,0,-0,0
1336.33,0.27,0.01,-0.01,0,0,0,-0,0
1336.35,0.27,0.01,-0.01,0,0,0,-0,0
1336.37,0.27,0.01,-0.01,0,0,0,-0,0
1336.39,0.27,0.01,-0.01,0,0,0,-0,0
1336.42,0.27,0.01,-0.01,0,0,0,-0,0
1336.44,0.27,0.01,-0.01,0,0,0,-0,0
1336.46,0.27,0.01,-0.01,0,0,0,-0,0
1336.48,0.27,0.01,-0.01,0,0,0,-0,0
1336.5,0.27,0.01,-0.01,0,0,0,-0,0
1336.52,0.27,0.01,-0.01,0,0,0,-0,0
1336.54,0.27,0.01,-0.01,0,0,0,-0,0
1336.56,0.27,0.01,-0.01,0,0,0,-0,0
1336.59,0.27,0.01,-0.01,0,0,0,-0,0
1336.61,0.26,0.01,-0,0,0,0,-0,0
1336.63,0.27,0.01,-0.01,0,0,0,-0,0
1336.65,0.27,0.01,-0.01,0,0,0,-0,0
1336.67,0.27,0.01,-0.01,0,0,0,-0,0
1336.69,0.27,0.01,-0.01,0,0,0,-0,0
1336.71,0.27,0.01,-0.01,0,0,0,-0,0
1336.74,0.27,0.01,-0.01,0,0,0,-0,0
1336.76,0.27,0.01,-0.01,0,0,0,-0,0
1336.78,0.27,0.01,-0.01,0,0,0,-0,0
1336.8,0.27,0.01,-0.01,0,0,0,-0,0
1336.82,0.27,0.01,-0.01,0,0,0,-0,0
1336.84,0.27,0.01,-0.01,0,0,0,-0,0
1336.86,0.27,0.01,-0.01,0,0,0,-0,0
1336.88,0.27,0.01,-0.01,0,0,0,-0,0
1336.91,0.27,0.01,-0.01,0,0,0,-0,0
1336.93,0.27,0.01,-0.01,0,0,0,-0,0
1336.95,0.27,0.01,-0.01,0,0,0,-0,0
1336.97,0.27,0.01,-0.01,0,0,0,-0,0
1336.99,0.27,0.01,-0.01,0,0,0,-0,0
1337.01,0.27,0,-0.01,0,0,0,-0,0
1337.03,0.27,0.01,-0.01,0,0,0,-0,0
1337.05,0.27,0.01,-0.01,0,0,0,-0,0
1337.08,0.27,0.01,-0.01,0,0,0,-0,0
1337.1,0.27,0.01,-0.01,0,0,0,-0,0
1337.12,0.27,0.01,-0.01,0,0,0,-0,0
1337.14,0.27,0.01,-0.01,0,0,0,-0,0
1337.16,0.27,0,-0,0.01,0,0,-0,0
1337.18,0.27,0.01,-0,0.02,0,0,-0,0
1337.2,0.26,0.01,-0,0.03,0,0,-0,-0.01
1337.22,0.27,0.01,-0,0.03,0,0,-0,-0.01
1337.25,0.27,0.01,-0,0.04,0,0,-0,-0.01
1337.27,0.27,0.01,-0,0.04,0,0,-0,-0.01
1337.29,0.27,0.01,-0,0.05,0,0,-0,-0.01
1337.31,0.27,0.01,-0,0.06,0,0,-0,-0.03
1337.33,0.27,0.01,-0,0.06,0,0,-0,-0.03
1337.35,0.27,0.01,-0,0.07,0,0,-0,-0.03
1337.37,0.27,0.01,-0,0.07,0,0,-0,-0.03
1337.4,0.27,0.01,-0,0.08,0,0,-0,-0.03
1337.42,0.27,0.01,-0.01,0.08,0,0,-0,-0.03
1337.44,0.27,0.01,-0.01,0.1,0,0,-0,-0.03
1337.46,0.27,0.01,-0,0.1,0,0,-0,-0.05
1337.48,0.27,0.01,-0,0.11,0,0,-0,-0.05
1337.5,0.27,0.01,-0,0.11,0,0,-0,-0.05
1337.52,0.27,0.01,-0,0.12,0,0,-0,-0.06
1337.55,0.27,0.01,-0,0.13,0,0.86,-0,-0.06
1337.57,0.27,0.01,-0,0.14,0,5.33,-0,-0.06
1337.6,0.27,0.01,-0,0.14,0,3.09,-0,-0.06
1337.62,0.27,0.01,-0,0.15,0,4.12,-0.01,-0.07
1337.65,0.27,0.02,-0,0.16,0,4.12,-0.01,-0.07
1337.67,0.26,0.02,-0,0.17,0,6.54,-0.01,-0.07
1337.69,0.27,0.02,-0,0.17,0,8.79,-0.01,-0.07
1337.72,0.27,0.02,-0.01,0.18,0,10.01,-0.01,-0.08
1337.75,0.27,0.02,-0.01,0.18,0,11.23,-0.01,-0.08
1337.77,0.27,0.02,-0.01,0.2,0,11.4,-0.01,-0.08
1337.8,0.27,0.02,-0,0.21,0,12.62,-0.01,-0.1
1337.82,0.27,0.02,-0,0.22,0,15.59,-0.01,-0.1
1337.84,0.27,0.03,-0,0.23,0,18.21,-0.01,-0.1
1337.87,0.27,0.03,-0,0.24,0,21.01,-0.01,-0.1
1337.89,0.27,0.03,-0.01,0.25,0,25.21,-0.01,-0.1
1337.92,0.26,0.03,-0,0.25,0,28.9,-0.01,-0.1
1337.95,0.27,0.04,-0,0.25,0,28.36,-0.02,-0.09
1337.97,0.27,0.04,0,0.26,0,33.44,-0.02,-0.09
1337.99,0.27,0.04,-0,0.27,0,36.42,-0.02,-0.09
1338.02,0.27,0.05,-0,0.28,0,42.07,-0.02,-0.08
1338.04,0.27,0.05,-0,0.28,0,42.04,-0.02,-0.08
1338.07,0.27,0.05,-0,0.29,0,42.71,-0.02,-0.08
1338.09,0.27,0.05,-0,0.29,0,44.3,-0.02,-0.08
1338.12,0.27,0.05,-0,0.3,0,47.13,-0.03,-0.08
1338.14,0.27,0.05,-0,0.31,0,54.38,-0.03,-0.08
1338.17,0.27,0.06,-0,0.32,0,60.03,-0.03,-0.08
1338.19,0.27,0.06,-0,0.33,0,62.68,-0.03,-0.09
1338.22,0.27,0.06,-0,0.33,0,66.19,-0.03,-0.09
1338.24,0.27,0.06,-0,0.33,0,66.72,-0.03,-0.09
1338.27,0.27,0.07,-0,0.33,0,63.89,-0.03,-0.08
1338.29,0.27,0.07,-0,0.33,0,64.59,-0.03,-0.08
1338.32,0.27,0.07,0,0.34,0,66.35,-0.03,-0.08
1338.34,0.27,0.08,0,0.35,0,71.1,-0.04,-0.08
1338.37,0.27,0.08,0,0.34,0,73.74,-0.04,-0.08
1338.39,0.27,0.08,0,0.35,0,76.54,-0.04,-0.08
1338.42,0.27,0.08,0,0.35,0,77.58,-0.04,-0.07
1338.44,0.27,0.08,0,0.36,0,81.06,-0.04,-0.07
1338.47,0.27,0.08,0,0.37,0,83.32,-0.04,-0.07
1338.49,0.27,0.08,0,0.38,0,84.35,-0.04,-0.07
1338.52,0.27,0.09,0,0.39,0,84.35,-0.04,-0.07
1338.54,0.26,0.09,0,0.4,0,82.09,-0.04,-0.07
1338.56,0.27,0.09,0,0.4,0,82.25,-0.04,-0.07
1338.59,0.27,0.09,0,0.41,0,82.94,-0.05,-0.07
1338.61,0.27,0.09,0,0.42,0,82.88,-0.05,-0.07
1338.64,0.27,0.1,0,0.42,0,85.89,-0.05,-0.07
1338.67,0.27,0.1,0,0.44,0,86.7,-0.05,-0.08
1338.69,0.27,0.1,0,0.45,0,84.4,-0.05,-0.08
1338.71,0.27,0.1,0,0.46,0,88.34,-0.05,-0.08
1338.74,0.27,0.1,0,0.46,0,86.12,-0.05,-0.1
1338.76,0.27,0.1,0,0.48,0,88.07,-0.05,-0.1
1338.79,0.27,0.1,0,0.48,0,87.2,-0.05,-0.1
1338.81,0.27,0.1,0,0.48,0,87.03,-0.05,-0.11
1338.84,0.27,0.1,0,0.49,0,87.8,-0.05,-0.11
1338.86,0.27,0.11,0,0.49,0,87.92,-0.05,-0.11
1338.89,0.27,0.11,0,0.5,0,89.54,-0.05,-0.11
1338.91,0.27,0.11,0,0.5,0,89.2,-0.05,-0.11
1338.94,0.26,0.11,0,0.52,0,84.18,-0.05,-0.11
1338.96,0.27,0.11,0,0.53,0,82.15,-0.05,-0.11
1338.99,0.27,0.11,0,0.55,0,85.01,-0.06,-0.11
1339.01,0.27,0.11,0,0.56,0,73.23,-0.06,-0.11
1339.04,0.27,0.11,0,0.58,0,62.11,-0.06,-0.11
1339.06,0.27,0.11,0,0.6,0,59.48,-0.06,-0.13
1339.09,0.27,0.11,0,0.61,0,73.03,-0.06,-0.13
1339.11,0.27,0.11,-0,0.61,0,91.66,-0.06,-0.13
1339.14,0.27,0.11,0,0.61,0,109.45,-0.06,-0.14
1339.16,0.27,0.11,0,0.61,0,129.04,-0.06,-0.14
1339.19,0.27,0.11,0,0.6,0,145.06,-0.06,-0.14
1339.21,0.27,0.12,0,0.59,0,163.09,-0.06,-0.13
1339.24,0.27,0.12,0,0.58,0,176.06,-0.06,-0.13
1339.26,0.27,0.12,0,0.58,0,182.39,-0.06,-0.13
1339.28,0.27,0.13,0,0.58,0,184.61,-0.06,-0.13
1339.31,0.27,0.13,0,0.58,0,185.29,-0.07,-0.13
1339.34,0.27,0.13,0,0.58,0,185.64,-0.07,-0.13
1339.36,0.27,0.12,0,0.58,0,185.81,-0.07,-0.13
1339.39,0.26,0.13,0,0.58,0,185.81,-0.06,-0.13
1339.41,0.27,0.14,0.01,0.58,0,185.81,-0.06,-0.13
1339.43,0.27,0.14,0,0.58,0,185.81,-0.06,-0.13
1339.46,0.27,0.14,0,0.58,0,185.98,-0.07,-0.13
1339.48,0.27,0.14,0,0.59,0,186.15,-0.07,-0.13
1339.51,0.27,0.14,0,0.59,0,186.15,-0.07,-0.13
1339.54,0.27,0.14,0,0.59,0,186.15,-0.07,-0.13
1339.56,0.27,0.14,0,0.59,0,186.15,-0.07,-0.13
1339.58,0.27,0.14,0,0.59,0,186.15,-0.07,-0.13
1339.61,0.26,0.14,0,0.59,0,186.15,-0.07,-0.13
1339.63,0.26,0.14,0,0.59,0,186.32,-0.07,-0.13
1339.66,0.27,0.14,0,0.59,0,186.32,-0.07,-0.13
1339.68,0.26,0.14,0,0.59,0,186.32,-0.07,-0.13
1339.71,0.27,0.14,-0.01,0.59,0,186.32,-0.07,-0.13
1339.73,0.26,0.14,0,0.59,0,186.32,-0.07,-0.13
1339.76,0.27,0.14,0,0.59,0,186.32,-0.07,-0.13
1339.78,0.27,0.14,0,0.59,0,186.32,-0.07,-0.13
1339.81,0.26,0.14,0,0.59,0,186.32,-0.07,-0.13
1339.83,0.26,0.14,0,0.59,0,186.32,-0.07,-0.13
1339.86,0.27,0.14,0,0.58,0,186.32,-0.07,-0.13
1339.88,0.27,0.15,0,0.59,0,186.32,-0.07,-0.13
1339.91,0.27,0.14,0,0.59,0,187.34,-0.07,-0.13
1339.93,0.27,0.15,0,0.59,0,186.32,-0.07,-0.13
1339.96,0.27,0.15,0,0.59,0,186.32,-0.07,-0.13
1339.98,0.27,0.15,0,0.58,0,186.32,-0.07,-0.13
1340.01,0.27,0.15,0,0.59,0,187.34,-0.08,-0.13
1340.03,0.27,0.15,0,0.57,0,182.69,-0.08,-0.13
1340.06,0.27,0.15,0,0.55,0,177.19,-0.08,-0.13
1340.08,0.27,0.15,0,0.54,0,172.28,-0.08,-0.13
1340.11,0.27,0.15,0,0.52,0,166.5,-0.08,-0.1
1340.13,0.26,0.15,0,0.48,0,157.47,-0.08,-0.1
1340.16,0.27,0.15,0,0.44,0,143.35,-0.08,-0.1
1340.18,0.27,0.15,0,0.38,0,127.63,-0.08,-0.05
1340.21,0.27,0.15,0,0.35,0,123.16,-0.08,-0.05
1340.23,0.27,0.15,0,0.32,0,113.77,-0.08,-0.05
1340.26,0.27,0.15,0,0.3,0,103.16,-0.08,0.01
1340.28,0.27,0.14,0,0.28,0,94.5,-0.08,0.01
1340.3,0.27,0.14,0,0.26,0,87.26,-0.08,0.01
1340.33,0.27,0.14,0,0.22,0,81.31,-0.07,0.04
1340.36,0.27,0.14,0,0.21,0,70.37,-0.07,0.04
1340.38,0.27,0.13,0,0.2,0,69.08,-0.07,0.04
1340.41,0.27,0.13,-0,0.18,0,64.45,-0.07,0.07
1340.43,0.26,0.13,-0,0.15,0,56.02,-0.07,0.07
1340.45,0.27,0.13,-0,0.14,0,53.65,-0.07,0.07
1340.48,0.27,0.13,-0,0.12,0,51.29,-0.07,0.07
1340.5,0.27,0.13,-0,0.11,0,50.19,-0.07,0.11
1340.53,0.27,0.13,-0,0.08,0,45.35,-0.07,0.11
1340.55,0.27,0.13,-0,0.07,0,41.8,-0.07,0.11
1340.58,0.27,0.13,-0,0.07,0,40.57,-0.07,0.13
1340.6,0.27,0.13,-0,0.05,0,36.9,-0.07,0.13
1340.63,0.27,0.13,-0,0.04,0,35.84,-0.07,0.13
1340.65,0.27,0.13,-0.01,0.04,0,35.52,-0.07,0.15
1340.68,0.27,0.13,-0,0.04,0,24.65,-0.07,0.15
1340.7,0.27,0.13,-0,0.04,0,12.44,-0.07,0.15
1340.73,0.27,0.13,-0.01,0.04,0,5.58,-0.07,0.13
1340.75,0.27,0.13,-0,0.04,0,0,-0.07,0.13
1340.77,0.27,0.13,-0.01,0.05,0,0,-0.07,0.13
1340.79,0.27,0.13,-0,0.05,0,0,-0.07,0.13
1340.81,0.27,0.13,-0,0.05,0,0,-0.06,0.11
1340.83,0.27,0.13,-0,0.05,0,0,-0.06,0.11
1340.85,0.27,0.13,-0,0.05,0,0,-0.06,0.11
1340.88,0.27,0.13,-0,0.05,0,0,-0.06,0.11
1340.9,0.26,0.13,-0,0.05,0,0,-0.06,0.08
1340.92,0.27,0.13,-0.01,0.05,0,0,-0.06,0.08
1340.94,0.27,0.13,-0.01,0.05,0,0,-0.06,0.08
1340.96,0.27,0.13,-0.01,0.05,0,0,-0.06,0.08
1340.98,0.27,0.13,-0.01,0.05,0,0,-0.06,0.05
1341.01,0.27,0.13,-0,0.05,0,0,-0.06,0.05
1341.03,0.27,0.13,0,0.05,0,0,-0.06,0.05
1341.05,0.27,0.13,-0.01,0.05,0,0,-0.07,0.03
1341.07,0.27,0.13,-0.01,0.05,0,0,-0.07,0.03
1341.09,0.27,0.13,-0.01,0.05,0,0,-0.07,0.03
1341.11,0.27,0.13,-0.01,0.06,0,0,-0.07,0.03
1341.13,0.27,0.13,-0.01,0.06,0,0,-0.07,0.01
1341.15,0.27,0.13,-0.01,0.06,0,0,-0.07,0.01
1341.18,0.27,0.13,-0.01,0.07,0,0,-0.07,0.01
1341.2,0.27,0.13,-0.01,0.07,0,0,-0.06,0
1341.22,0.27,0.13,-0,0.07,0,0,-0.06,0
1341.24,0.27,0.13,-0.01,0.1,0,0,-0.06,0
1341.26,0.26,0.13,-0.01,0.13,0,2.88,-0.06,0
1341.29,0.27,0.13,-0.01,0.17,0,12.14,-0.06,0
1341.31,0.27,0.13,-0,0.18,0,15.44,-0.07,-0.05
1341.34,0.27,0.14,-0,0.18,0,15.44,-0.07,-0.05
1341.36,0.27,0.14,-0,0.21,0,21.21,-0.07,-0.05
1341.39,0.27,0.13,-0,0.23,0,28.25,-0.07,-0.07
1341.41,0.27,0.13,-0,0.24,0,28.25,-0.07,-0.07
1341.44,0.27,0.13,-0,0.25,0,29.14,-0.07,-0.07
1341.46,0.27,0.13,-0,0.26,0,34.97,-0.07,-0.09
1341.49,0.27,0.13,-0,0.28,0,38.69,-0.07,-0.09
1341.51,0.27,0.13,-0,0.3,0,45.77,-0.07,-0.09
1341.54,0.26,0.13,-0,0.3,0,44.53,-0.07,-0.12
1341.56,0.27,0.13,-0,0.32,0,50.37,-0.07,-0.12
1341.59,0.27,0.13,0,0.33,0,52.67,-0.07,-0.12
1341.61,0.27,0.13,-0,0.34,0,58.31,-0.07,-0.13
1341.64,0.27,0.13,-0,0.35,0,60.77,-0.07,-0.13
1341.66,0.27,0.13,-0,0.35,0,63.05,-0.07,-0.13
1341.69,0.27,0.13,0,0.36,0,71.07,-0.07,-0.13
1341.71,0.27,0.13,-0,0.39,0,71.07,-0.07,-0.13
1341.74,0.27,0.13,-0,0.41,0,77.15,-0.07,-0.13
1341.76,0.27,0.14,-0,0.41,0,77.16,-0.07,-0.13
1341.79,0.27,0.14,-0,0.44,0,86.42,-0.07,-0.13
1341.81,0.27,0.14,-0.01,0.44,0,91.41,-0.07,-0.13
1341.84,0.27,0.13,-0,0.46,0,96.7,-0.07,-0.13
1341.86,0.27,0.13,0,0.47,0,103.88,-0.07,-0.12
1341.89,0.27,0.14,-0,0.48,0,106.71,-0.07,-0.12
1341.91,0.27,0.14,-0,0.48,0,104.75,-0.07,-0.12
1341.94,0.27,0.14,-0,0.49,0,106.71,-0.07,-0.11
1341.96,0.26,0.14,0,0.51,0,102.02,-0.07,-0.11
1341.99,0.27,0.15,0,0.51,0,95.89,-0.07,-0.11
1342.01,0.27,0.15,0,0.54,0,100.5,-0.07,-0.11
1342.04,0.27,0.15,0,0.55,0,89.37,-0.07,-0.11
1342.06,0.27,0.15,0,0.58,0,74.29,-0.07,-0.11
1342.08,0.26,0.15,-0,0.6,0,58.97,-0.07,-0.11
1342.11,0.27,0.15,0,0.63,0,51.06,-0.08,-0.15
1342.13,0.27,0.15,-0.01,0.63,0,57.8,-0.08,-0.15
1342.16,0.27,0.15,-0.01,0.63,0,75.33,-0.08,-0.15
1342.19,0.27,0.15,-0.01,0.62,0,85.97,-0.08,-0.15
1342.21,0.27,0.15,-0.01,0.62,0,101.67,-0.08,-0.15
1342.23,0.27,0.15,-0.01,0.62,0,118.31,-0.08,-0.15
1342.26,0.27,0.15,-0.01,0.61,0,130.36,-0.08,-0.15
1342.28,0.27,0.15,-0.01,0.61,0,141.88,-0.08,-0.15
1342.31,0.27,0.15,-0.01,0.61,0,148.86,-0.08,-0.15
1342.33,0.27,0.15,-0.01,0.61,0,152.09,-0.08,-0.14
1342.36,0.27,0.15,-0.01,0.6,0,153.26,-0.08,-0.14
1342.38,0.27,0.15,-0.01,0.58,0,150.76,-0.08,-0.14
1342.41,0.27,0.15,-0.01,0.53,0,133.79,-0.08,-0.13
1342.43,0.27,0.15,-0.01,0.45,0,115.34,-0.08,-0.13
1342.46,0.27,0.15,-0.01,0.4,0,98.96,-0.08,-0.13
1342.48,0.27,0.15,-0.01,0.35,0,90.13,-0.08,-0.13
1342.51,0.27,0.15,-0,0.32,0,79.78,-0.08,-0.01
1342.53,0.27,0.14,-0.01,0.29,0,66.82,-0.08,-0.01
1342.56,0.27,0.14,-0.01,0.27,0,59.77,-0.08,-0.01
1342.58,0.27,0.14,-0.01,0.25,0,57.6,-0.07,0.03
1342.61,0.27,0.14,-0.01,0.24,0,56.51,-0.07,0.03
1342.63,0.27,0.14,-0.01,0.23,0,51.82,-0.07,0.03
1342.66,0.27,0.14,-0.01,0.22,0,48.23,-0.07,0.05
1342.68,0.27,0.14,-0.01,0.21,0,45.9,-0.07,0.05
1342.71,0.27,0.14,-0.01,0.2,0,43.57,-0.07,0.05
1342.73,0.27,0.14,-0.01,0.2,0,42.49,-0.07,0.07
1342.76,0.27,0.14,-0.01,0.2,0,38.93,-0.07,0.07
1342.78,0.27,0.14,-0.01,0.19,0,40.17,-0.07,0.07
1342.81,0.27,0.14,-0.01,0.19,0,38.93,-0.07,0.07
1342.83,0.26,0.14,-0.02,0.18,0,37.35,-0.07,0.07
1342.86,0.26,0.14,-0.01,0.18,0,37.18,-0.07,0.07
1342.88,0.27,0.14,-0.01,0.18,0,37.18,-0.07,0.07
1342.91,0.27,0.14,-0.01,0.18,0,35.94,-0.07,0.07
1342.93,0.27,0.14,-0.01,0.18,0,34.2,-0.07,0.07
1342.95,0.27,0.14,-0.01,0.18,0,33.53,-0.07,0.07
1342.98,0.27,0.14,-0.01,0.18,0,34.09,-0.07,0.08
1343,0.27,0.14,-0.01,0.18,0,22.61,-0.07,0.08
1343.03,0.27,0.14,-0.01,0.18,0,10.97,-0.07,0.08
1343.05,0.27,0.14,-0.01,0.18,0,8.12,-0.07,0.07
1343.08,0.27,0.14,-0.01,0.19,0,0,-0.07,0.07
1343.1,0.27,0.14,-0.01,0.19,0,0,-0.07,0.07
1343.12,0.27,0.14,-0.01,0.2,0,0,-0.07,0.07
1343.14,0.27,0.14,-0.01,0.2,0,0,-0.07,0.04
1343.16,0.27,0.14,-0.01,0.21,0,0,-0.07,0.04
1343.18,0.27,0.14,-0.01,0.21,0,0,-0.07,0.04
1343.2,0.26,0.14,-0.01,0.21,0,0,-0.07,0.02
1343.23,0.27,0.14,-0.01,0.21,0,0,-0.07,0.02
1343.25,0.27,0.14,-0.01,0.21,0,7.18,-0.07,0.02
1343.27,0.27,0.14,-0.01,0.21,0,12.49,-0.07,0.02
1343.3,0.27,0.14,-0.01,0.21,0,14.54,-0.07,0.02
1343.32,0.27,0.14,-0.01,0.21,0,16.42,-0.07,0.02
1343.35,0.27,0.14,-0.01,0.21,0,17.62,-0.07,0.02
1343.38,0.27,0.14,-0.01,0.21,0,19.35,-0.07,0.02
1343.4,0.27,0.14,-0.01,0.21,0,18.47,-0.07,0.02
1343.42,0.26,0.14,-0.01,0.21,0,18.81,-0.07,0.02
1343.45,0.27,0.14,-0.01,0.2,0,17.6,-0.07,0.02
1343.47,0.27,0.14,-0.01,0.2,0,17.77,-0.07,0.02
1343.5,0.27,0.14,-0.01,0.2,0,17.94,-0.07,0.02
1343.52,0.27,0.14,-0.01,0.21,0,17.06,-0.07,0.02
1343.55,0.27,0.14,-0.01,0.2,0,18.28,-0.07,0.02
1343.57,0.27,0.14,-0.01,0.2,0,18.28,-0.07,0.02
1343.6,0.27,0.14,-0.01,0.2,0,18.28,-0.07,0.02
1343.62,0.27,0.14,-0.01,0.2,0,18.28,-0.07,0.02
1343.65,0.27,0.14,-0.01,0.2,0,18.28,-0.07,0.02
1343.67,0.27,0.14,-0.01,0.21,0,19.5,-0.07,0.02
1343.7,0.27,0.14,-0.01,0.21,0,19.5,-0.07,0.02
1343.72,0.27,0.14,-0.01,0.2,0,18.28,-0.07,0.02
1343.75,0.27,0.14,-0.01,0.21,0,19.5,-0.07,0.02
1343.77,0.27,0.14,-0.01,0.21,0,19.5,-0.07,0.02
1343.8,0.27,0.14,-0.01,0.2,0,18.11,-0.07,0.02
1343.82,0.27,0.14,-0.01,0.21,0,19.5,-0.07,0.02
1343.85,0.27,0.14,-0.01,0.21,0,19.5,-0.07,0.02
1343.87,0.27,0.14,-0.01,0.21,0,19.33,-0.07,0.02
1343.9,0.27,0.14,-0.01,0.19,0,16.02,-0.07,0.02
1343.92,0.27,0.14,-0.01,0.17,0,10.32,-0.07,0.02
1343.95,0.27,0.14,-0.01,0.16,0,10.32,-0.07,0.04
1343.97,0.27,0.14,-0.01,0.14,0,6.91,-0.07,0.04
1344,0.27,0.14,-0.01,0.14,0,8.1,-0.07,0.04
1344.02,0.27,0.14,-0.01,0.12,0,5.72,-0.07,0.05
1344.04,0.27,0.13,-0.01,0.08,0,0,-0.07,0.05
1344.06,0.27,0.13,-0.01,0.06,0,0,-0.07,0.05
1344.08,0.27,0.13,-0.01,0.05,0,0,-0.07,0.05
1344.11,0.27,0.13,-0.01,0.04,0,0,-0.07,0.1
1344.13,0.27,0.13,-0.01,0.03,0,0,-0.07,0.1
1344.15,0.27,0.13,-0.01,0.03,0,0,-0.07,0.1
1344.17,0.27,0.13,-0.01,0.02,0,0,-0.07,0.11
1344.19,0.27,0.13,-0.01,0.01,0,0,-0.07,0.11
1344.21,0.27,0.13,-0.01,0,0,0,-0.07,0.11
1344.23,0.27,0.13,-0.01,0,0,0,-0.07,0.11
1344.26,0.27,0.13,-0.01,0,0,0,-0.07,0.12
1344.28,0.27,0.13,-0.01,0,0,0,-0.07,0.12
1344.3,0.27,0.13,-0.01,0,0,0,-0.07,0.12
1344.32,0.27,0.13,-0.01,0,0,0,-0.07,0.12
1344.34,0.27,0.13,-0.01,0,0,0,-0.07,0.12
1344.36,0.27,0.13,-0.01,0,0,0,-0.07,0.12
1344.38,0.27,0.13,-0.01,0,0,0,-0.07,0.12
1344.41,0.27,0.13,-0.01,0,0,0,-0.06,0.11
1344.43,0.27,0.12,-0,0,0,0,-0.06,0.11
1344.45,0.27,0.12,-0,0.01,0,0,-0.06,0.11
1344.47,0.27,0.12,-0.01,0,0,0,-0.06,0.11
1344.49,0.27,0.12,-0.01,0,0,0,-0.06,0.11
1344.51,0.27,0.13,-0.01,0.01,0,0,-0.06,0.09
1344.53,0.27,0.13,-0.01,0.01,0,0,-0.06,0.09
1344.55,0.27,0.13,-0.01,0.01,0,0,-0.06,0.09
1344.58,0.27,0.13,-0.01,0.01,0,0,-0.06,0.06
1344.6,0.27,0.13,-0.01,0.01,0,0,-0.06,0.06
1344.62,0.27,0.13,-0.01,0.01,0,0,-0.06,0.06
1344.64,0.27,0.13,-0.01,0.01,0,0,-0.06,0.06
1344.66,0.27,0.13,-0.01,0.02,0,0,-0.07,0.03
1344.68,0.27,0.13,-0.01,0.02,0,0,-0.07,0.03
1344.7,0.27,0.13,-0.01,0.03,0,0,-0.07,0.03
1344.73,0.27,0.13,-0.01,0.03,0,0,-0.07,0.01
1344.75,0.27,0.13,-0.01,0.03,0,0,-0.07,0.01
1344.77,0.27,0.13,-0.01,0.04,0,0,-0.07,0.01
1344.79,0.27,0.13,-0.01,0.05,0,0,-0.07,0.01
1344.81,0.27,0.14,-0.01,0.07,0,0,-0.07,-0.01
1344.83,0.27,0.14,-0.01,0.09,0,0,-0.07,-0.01
1344.85,0.27,0.14,-0.01,0.1,0,0,-0.07,-0.01
1344.88,0.27,0.14,-0.01,0.12,0,0,-0.07,-0.01
1344.9,0.27,0.14,-0.01,0.15,0,5.13,-0.07,-0.04
1344.93,0.27,0.14,-0.01,0.18,0,12.05,-0.07,-0.04
1344.95,0.27,0.14,-0.01,0.2,0,17.81,-0.07,-0.04
1344.98,0.27,0.14,-0.01,0.22,0,20.09,-0.07,-0.09
1345,0.27,0.14,-0.01,0.24,0,23.6,-0.07,-0.09
1345.03,0.27,0.14,-0.01,0.25,0,27.13,-0.07,-0.09
1345.05,0.27,0.14,-0.01,0.28,0,34.01,-0.07,-0.11
1345.08,0.27,0.14,-0.01,0.3,0,35.25,-0.07,-0.11
1345.1,0.27,0.14,-0.01,0.32,0,45.67,-0.07,-0.11
1345.13,0.27,0.14,-0.01,0.34,0,49.2,-0.07,-0.15
1345.15,0.27,0.14,-0.01,0.35,0,57.27,-0.07,-0.15
1345.17,0.27,0.14,-0.01,0.36,0,61.81,-0.07,-0.15
1345.2,0.27,0.15,-0.01,0.38,0,63.9,-0.07,-0.16
1345.23,0.27,0.15,-0.01,0.4,0,67.54,-0.07,-0.16
1345.25,0.27,0.15,-0.01,0.42,0,74.07,-0.07,-0.16
1345.27,0.27,0.15,-0.01,0.44,0,78.5,-0.07,-0.16
1345.3,0.27,0.15,-0.01,0.45,0,80.71,-0.08,-0.19
1345.32,0.27,0.16,-0.01,0.46,0,88.51,-0.08,-0.19
1345.35,0.27,0.15,-0.01,0.48,0,94.39,-0.08,-0.19
1345.38,0.27,0.15,-0.01,0.49,0,96.25,-0.08,-0.18
1345.4,0.27,0.16,-0.01,0.49,0,101.21,-0.08,-0.18
1345.42,0.27,0.16,-0.01,0.5,0,104.33,-0.08,-0.18
1345.45,0.27,0.16,-0.01,0.52,0,108.63,-0.08,-0.15
1345.47,0.27,0.16,-0.01,0.52,0,112.28,-0.08,-0.15
1345.5,0.27,0.16,-0.01,0.54,0,122.31,-0.08,-0.15
1345.53,0.27,0.16,-0.01,0.55,0,123.74,-0.08,-0.13
1345.55,0.27,0.16,-0,0.55,0,111.99,-0.08,-0.13
1345.57,0.27,0.16,-0,0.56,0,92.05,-0.08,-0.13
1345.6,0.27,0.17,-0,0.58,0,71.9,-0.08,-0.11
1345.62,0.27,0.17,-0.01,0.59,0,69.34,-0.08,-0.11
1345.65,0.27,0.17,-0.01,0.58,0,86.15,-0.08,-0.11
1345.67,0.27,0.17,-0.01,0.59,0,107.32,-0.08,-0.11
1345.7,0.27,0.17,-0.01,0.56,0,120.59,-0.08,-0.11
1345.72,0.27,0.17,-0.01,0.55,0,143.11,-0.09,-0.11
1345.75,0.27,0.17,-0.01,0.51,0,144.45,-0.09,-0.11
1345.77,0.27,0.16,-0.01,0.46,0,151.19,-0.09,-0.11
1345.8,0.27,0.16,-0.01,0.38,0,147.97,-0.08,-0.06
1345.82,0.27,0.16,-0.01,0.3,0,136.41,-0.08,-0.06
1345.85,0.27,0.16,-0.01,0.22,0,108.17,-0.08,-0.06
1345.87,0.27,0.16,-0.01,0.19,0,100.74,-0.08,0.06
1345.9,0.27,0.16,-0.01,0.17,0,96.83,-0.08,0.06
1345.92,0.27,0.16,-0.01,0.16,0,96.14,-0.08,0.06
1345.95,0.27,0.16,-0,0.15,0,92.42,-0.08,0.09
1345.97,0.27,0.16,-0.01,0.13,0,82.47,-0.08,0.09
1346,0.27,0.16,-0.01,0.11,0,80.12,-0.08,0.09
1346.02,0.27,0.16,-0.01,0.1,0,76.44,-0.08,0.12
1346.05,0.27,0.16,-0.01,0.1,0,76.6,-0.08,0.12
1346.07,0.27,0.16,-0.01,0.1,0,74.11,-0.08,0.12
1346.09,0.27,0.16,-0.01,0.09,0,72.78,-0.08,0.12
1346.12,0.27,0.16,-0.01,0.08,0,71.62,-0.08,0.13
1346.15,0.27,0.16,-0,0.08,0,70.3,-0.08,0.13
1346.17,0.27,0.16,-0.01,0.07,0,68.15,-0.08,0.13
1346.2,0.27,0.16,-0.01,0.05,0,66.68,-0.08,0.13
1346.22,0.27,0.16,-0.01,0.05,0,55.08,-0.08,0.13
1346.24,0.27,0.16,-0.01,0.05,0,39.12,-0.08,0.13
1346.27,0.27,0.16,-0.01,0.05,0,29.21,-0.08,0.13
1346.29,0.27,0.16,-0.01,0.05,0,14.22,-0.08,0.13
1346.32,0.27,0.16,-0.01,0.06,0,-0.16,-0.08,0.13
1346.34,0.27,0.16,-0.01,0.06,0,0,-0.08,0.1
1346.36,0.27,0.16,-0.01,0.07,0,0,-0.08,0.1
1346.38,0.27,0.16,-0.01,0.07,0,0,-0.08,0.1
1346.41,0.27,0.16,-0.01,0.07,0,0,-0.08,0.06
1346.43,0.27,0.16,-0.01,0.07,0,0,-0.08,0.06
1346.45,0.27,0.16,-0.01,0.07,0,0,-0.08,0.06
1346.47,0.27,0.16,-0.01,0.08,0,0,-0.08,0.06
1346.49,0.27,0.16,-0.01,0.08,0,0,-0.08,0.06
1346.51,0.27,0.16,-0.01,0.08,0,0,-0.08,0.03
1346.53,0.27,0.16,-0.01,0.08,0,0,-0.08,0.03
1346.55,0.27,0.16,-0.01,0.08,0,0,-0.08,0.03
1346.58,0.27,0.16,-0.01,0.08,0,0,-0.08,0.02
1346.6,0.27,0.16,-0.01,0.08,0,0,-0.08,0.02
1346.62,0.27,0.16,-0.01,0.08,0,0,-0.08,0.02
1346.64,0.27,0.16,-0.01,0.08,0,0,-0.08,0.02
1346.66,0.27,0.16,-0.01,0.08,0,0,-0.08,0.01
1346.68,0.27,0.16,-0.01,0.08,0,0,-0.08,0.01
1346.7,0.27,0.16,-0.01,0.08,0,0,-0.08,0.01
1346.73,0.27,0.16,-0.01,0.09,0,0,-0.08,0.01
1346.75,0.27,0.16,-0.01,0.08,0,0,-0.08,0.01
1346.77,0.27,0.16,-0.01,0.08,0,0,-0.08,0.01
1346.79,0.27,0.16,-0.01,0.08,0,0,-0.08,0.01
1346.81,0.27,0.16,-0.01,0.08,0,0,-0.08,0.01
1346.83,0.27,0.16,-0.01,0.08,0,0,-0.08,0.01
1346.85,0.27,0.16,-0.01,0.08,0,0,-0.08,0.01
1346.87,0.27,0.16,-0.01,0.09,0,0,-0.08,0.01
1346.9,0.27,0.16,-0.01,0.08,0,0,-0.08,0.01
1346.92,0.27,0.16,-0.01,0.08,0,0,-0.08,0.01
1346.94,0.27,0.16,-0.01,0.1,0,0,-0.08,0.01
1346.96,0.27,0.16,-0.01,0.13,0,4.56,-0.08,0.01
1346.99,0.27,0.16,-0.01,0.16,0,13.65,-0.08,-0.02
1347.01,0.27,0.16,-0.01,0.18,0,19.39,-0.08,-0.02
1347.04,0.27,0.16,-0.01,0.2,0,20.44,-0.08,-0.02
1347.06,0.27,0.16,-0.01,0.22,0,26.24,-0.08,-0.05
1347.09,0.27,0.16,-0.01,0.24,0,32.23,-0.08,-0.05
1347.11,0.27,0.16,-0.01,0.26,0,38.97,-0.08,-0.05
1347.14,0.27,0.17,-0.01,0.28,0,46.24,-0.08,-0.08
1347.16,0.27,0.17,-0.01,0.31,0,48.37,-0.08,-0.08
1347.19,0.27,0.17,-0.01,0.34,0,61.28,-0.08,-0.08
1347.21,0.27,0.16,-0.01,0.35,0,64.62,-0.08,-0.12
1347.24,0.27,0.16,-0.01,0.35,0,69.35,-0.08,-0.12
1347.26,0.27,0.16,-0.01,0.37,0,72.84,-0.08,-0.12
1347.29,0.27,0.16,-0.01,0.39,0,74.93,-0.08,-0.12
1347.31,0.27,0.17,-0.01,0.4,0,77.18,-0.08,-0.15
1347.34,0.27,0.17,-0.01,0.42,0,79.42,-0.08,-0.15
1347.36,0.27,0.17,-0.01,0.44,0,87.12,-0.08,-0.15
1347.39,0.27,0.16,-0.01,0.45,0,92.69,-0.09,-0.17
1347.41,0.27,0.16,-0.01,0.47,0,100,-0.09,-0.17
1347.44,0.27,0.17,-0,0.48,0,101.16,-0.09,-0.17
1347.46,0.27,0.17,-0.01,0.49,0,101.33,-0.08,-0.18
1347.49,0.27,0.17,-0.01,0.49,0,104.68,-0.08,-0.18
1347.51,0.27,0.17,-0.01,0.5,0,107.83,-0.08,-0.18
1347.54,0.27,0.17,-0.01,0.5,0,106.24,-0.09,-0.15
1347.56,0.27,0.17,-0.01,0.52,0,111.05,-0.09,-0.15
1347.59,0.27,0.17,-0.02,0.52,0,113.39,-0.09,-0.15
1347.61,0.27,0.17,-0.01,0.53,0,114.7,-0.08,-0.13
1347.64,0.27,0.17,-0.01,0.55,0,115,-0.08,-0.13
1347.66,0.27,0.17,-0.01,0.55,0,107.03,-0.08,-0.13
1347.68,0.27,0.17,-0.01,0.56,0,103.85,-0.08,-0.13
1347.71,0.27,0.17,-0.01,0.56,0,103.76,-0.09,-0.12
1347.73,0.27,0.17,-0.01,0.56,0,115.55,-0.09,-0.12
1347.76,0.27,0.17,-0.01,0.56,0,135.04,-0.09,-0.12
1347.79,0.27,0.17,-0.01,0.56,0,154.32,-0.09,-0.11
1347.81,0.27,0.17,-0.01,0.56,0,173.84,-0.09,-0.11
1347.83,0.27,0.17,-0.01,0.55,0,187.8,-0.09,-0.11
1347.86,0.27,0.17,-0.01,0.55,0,209.45,-0.09,-0.1
1347.88,0.27,0.17,-0.01,0.55,0,222.17,-0.09,-0.1
1347.91,0.27,0.17,-0.01,0.54,0,228.36,-0.09,-0.1
1347.94,0.27,0.17,-0.01,0.53,0,226.13,-0.09,-0.1
1347.96,0.27,0.17,-0.01,0.51,0,221.66,-0.09,-0.1
1347.98,0.27,0.17,-0.01,0.51,0,222.36,-0.09,-0.1
1348.01,0.27,0.17,-0.01,0.51,0,219.45,-0.09,-0.09
1348.03,0.27,0.17,-0.01,0.46,0,203.29,-0.09,-0.09
1348.06,0.27,0.17,-0.01,0.41,0,190.37,-0.09,-0.09
1348.08,0.27,0.17,-0.01,0.33,0,165.7,-0.09,-0.09
1348.11,0.27,0.17,-0.01,0.28,0,147.53,-0.09,0.01
1348.13,0.27,0.17,-0.01,0.25,0,132.57,-0.09,0.01
1348.16,0.27,0.17,-0.01,0.2,0,117.21,-0.09,0.01
1348.18,0.27,0.17,-0.01,0.17,0,101.76,-0.09,0.07
1348.21,0.27,0.17,-0.01,0.14,0,99.51,-0.09,0.07
1348.23,0.27,0.17,-0.01,0.12,0,88.04,-0.09,0.07
1348.26,0.27,0.17,-0.01,0.1,0,84.29,-0.09,0.12
1348.28,0.27,0.17,-0.01,0.08,0,78.18,-0.09,0.12
1348.31,0.27,0.17,-0.01,0.06,0,75.66,-0.09,0.12
1348.33,0.27,0.17,-0.01,0.05,0,73.3,-0.09,0.15
1348.36,0.27,0.17,-0.01,0.04,0,71.97,-0.09,0.15
1348.38,0.27,0.17,-0.01,0.03,0,70.95,-0.09,0.15
1348.41,0.27,0.17,-0.01,0.03,0,70.8,-0.09,0.16
1348.43,0.27,0.17,-0.01,0.02,0,69.32,-0.09,0.16
1348.46,0.27,0.17,-0.01,0.03,0,70.03,-0.09,0.16
1348.48,0.27,0.17,-0.01,0.03,0,69.88,-0.09,0.16
1348.51,0.27,0.17,-0.01,0.03,0,69.73,-0.09,0.16
1348.53,0.27,0.17,-0.01,0.02,0,57.16,-0.09,0.16
1348.55,0.27,0.17,-0.01,0.03,0,42.72,-0.09,0.16
1348.58,0.27,0.17,-0.01,0.03,0,20.22,-0.09,0.13
1348.61,0.27,0.18,-0.01,0.03,0,7.74,-0.09,0.13
1348.63,0.27,0.17,-0.01,0.04,0,0,-0.09,0.13
1348.65,0.27,0.17,-0.01,0.04,0,0,-0.09,0.1
1348.67,0.27,0.17,-0.01,0.04,0,0,-0.09,0.1
1348.69,0.27,0.17,-0.03,0.05,0,0,-0.09,0.1
1348.71,0.27,0.17,-0.01,0.05,0,0,-0.09,0.1
1348.73,0.27,0.17,-0.01,0.05,0,0,-0.09,0.06
1348.76,0.27,0.17,-0.01,0.05,0,0,-0.09,0.06
1348.78,0.27,0.18,-0.01,0.05,0,0,-0.09,0.06
1348.8,0.27,0.17,-0.01,0.05,0,0,-0.09,0.02
1348.82,0.27,0.18,-0.01,0.05,0,0,-0.09,0.02
1348.84,0.27,0.18,-0.01,0.05,0,0,-0.09,0.02
1348.86,0.27,0.18,-0.01,0.05,0,0,-0.09,0.02
1348.88,0.27,0.18,-0.01,0.05,0,0,-0.09,0.02
1348.91,0.27,0.18,-0.01,0.05,0,0,-0.09,0.01
1348.93,0.27,0.18,-0.01,0.05,0,0,-0.09,0.01
1348.95,0.27,0.18,-0.01,0.05,0,0,-0.09,0.01
1348.97,0.27,0.18,-0.01,0.06,0,0,-0.09,0.01
1348.99,0.27,0.18,-0.01,0.06,0,0,-0.09,-0
1349.01,0.27,0.18,-0.01,0.06,0,0,-0.09,-0
1349.03,0.27,0.18,-0.01,0.06,0,0,-0.09,-0
1349.06,0.27,0.18,-0.01,0.06,0,0,-0.09,-0.01
1349.08,0.27,0.18,-0.01,0.06,0,0,-0.09,-0.01
1349.1,0.27,0.18,-0.01,0.07,0,0,-0.09,-0.01
1349.12,0.27,0.18,-0.01,0.08,0,0,-0.09,-0.01
1349.14,0.27,0.18,-0.01,0.09,0,0,-0.09,-0.02
1349.16,0.27,0.18,-0.01,0.1,0,0,-0.09,-0.02
1349.18,0.27,0.18,-0.01,0.12,0,0,-0.09,-0.02
1349.21,0.27,0.17,-0.01,0.13,0,0,-0.09,-0.04
1349.23,0.27,0.18,-0.01,0.16,0,3.92,-0.09,-0.04
1349.25,0.27,0.18,-0.01,0.17,0,7.35,-0.09,-0.04
1349.28,0.27,0.18,-0.01,0.19,0,14.29,-0.09,-0.04
1349.3,0.27,0.18,-0.01,0.22,0,17.78,-0.09,-0.08
1349.33,0.27,0.18,-0.01,0.23,0,20.06,-0.09,-0.08
1349.35,0.27,0.17,-0.01,0.25,0,27.98,-0.09,-0.08
1349.38,0.27,0.17,-0.01,0.28,0,38.75,-0.09,-0.11
1349.4,0.27,0.17,-0.01,0.29,0,36.28,-0.09,-0.11
1349.43,0.27,0.17,-0.01,0.32,0,46.71,-0.09,-0.11
1349.45,0.27,0.17,-0.01,0.33,0,52.53,-0.09,-0.14
1349.48,0.27,0.17,-0.01,0.34,0,53.58,-0.09,-0.14
1349.5,0.27,0.17,-0.01,0.36,0,59.55,-0.09,-0.14
1349.53,0.27,0.17,-0.01,0.36,0,66.35,-0.09,-0.16
1349.55,0.27,0.18,-0.02,0.37,0,67.56,-0.09,-0.16
1349.58,0.27,0.17,-0.01,0.39,0,67.39,-0.09,-0.16
1349.6,0.27,0.17,-0.01,0.4,0,68.6,-0.09,-0.16
1349.63,0.27,0.17,-0.01,0.42,0,78.44,-0.09,-0.16
1349.65,0.27,0.17,-0.01,0.44,0,81.88,-0.09,-0.16
1349.68,0.27,0.17,-0.01,0.44,0,85.97,-0.09,-0.16
1349.7,0.27,0.17,-0.01,0.46,0,94.85,-0.09,-0.16
1349.73,0.27,0.17,-0.01,0.48,0,102.25,-0.09,-0.16
1349.75,0.27,0.17,-0.01,0.49,0,106.97,-0.09,-0.16
1349.78,0.27,0.17,-0.01,0.49,0,103.94,-0.09,-0.14
1349.8,0.27,0.17,-0.01,0.5,0,108.77,-0.09,-0.14
1349.83,0.27,0.17,-0.01,0.5,0,109.98,-0.09,-0.14
1349.85,0.27,0.17,-0.01,0.5,0,110.33,-0.09,-0.11
1349.88,0.27,0.17,-0.01,0.52,0,100.6,-0.09,-0.11
1349.9,0.27,0.17,-0.01,0.54,0,93.57,-0.09,-0.11
1349.93,0.27,0.17,-0.01,0.56,0,90.16,-0.09,-0.11
1349.95,0.27,0.17,-0.01,0.56,0,101.54,-0.09,-0.11
1349.98,0.27,0.17,-0.01,0.56,0,121.02,-0.09,-0.11
1350,0.27,0.17,0,0.57,0,137.65,-0.09,-0.12
1350.03,0.27,0.17,-0.01,0.56,0,152.44,-0.09,-0.12
1350.05,0.27,0.17,-0.01,0.56,0,171.6,-0.09,-0.12
1350.08,0.27,0.16,-0.01,0.55,0,179.06,-0.09,-0.12
1350.1,0.27,0.17,-0.01,0.55,0,183.16,-0.08,-0.11
1350.13,0.27,0.16,-0.01,0.55,0,188.15,-0.08,-0.11
1350.15,0.27,0.17,-0.01,0.55,0,191.24,-0.08,-0.11
1350.18,0.27,0.16,-0,0.55,0,192.61,-0.08,-0.11
1350.2,0.27,0.16,-0,0.55,0,193.47,-0.08,-0.11
1350.22,0.27,0.16,-0,0.55,0,193.99,-0.08,-0.11
1350.25,0.27,0.17,-0,0.55,0,194.5,-0.08,-0.11
1350.28,0.27,0.16,-0.01,0.55,0,194.67,-0.08,-0.11
1350.3,0.27,0.17,-0.01,0.55,0,194.85,-0.08,-0.11
1350.33,0.27,0.17,-0.01,0.55,0,194.85,-0.09,-0.11
1350.35,0.27,0.17,-0.01,0.55,0,195.71,-0.09,-0.11
1350.37,0.27,0.17,-0.01,0.55,0,196.05,-0.09,-0.11
1350.4,0.27,0.17,-0.01,0.55,0,196.22,-0.09,-0.11
1350.43,0.27,0.17,-0.01,0.55,0,196.22,-0.09,-0.11
1350.45,0.27,0.17,-0.01,0.55,0,196.39,-0.09,-0.11
1350.47,0.27,0.17,-0.01,0.55,0,196.39,-0.09,-0.11
1350.5,0.27,0.17,-0.01,0.55,0,196.39,-0.08,-0.11
1350.52,0.27,0.17,-0.01,0.55,0,196.39,-0.08,-0.11
1350.55,0.27,0.17,-0.01,0.55,0,196.39,-0.08,-0.11
1350.58,0.27,0.17,-0.01,0.55,0,196.39,-0.09,-0.11
1350.6,0.27,0.17,-0.01,0.55,0,196.39,-0.09,-0.11
1350.62,0.27,0.17,-0.01,0.55,0,196.39,-0.09,-0.11
1350.65,0.27,0.17,-0.01,0.55,0,196.39,-0.08,-0.11
1350.67,0.27,0.17,-0.01,0.55,0,196.39,-0.08,-0.11
1350.7,0.27,0.17,-0.01,0.55,0,196.56,-0.08,-0.11
1350.73,0.27,0.17,-0.01,0.55,0,196.56,-0.08,-0.11
1350.75,0.27,0.17,-0.01,0.55,0,196.56,-0.08,-0.11
1350.77,0.27,0.17,-0.01,0.55,0,196.56,-0.08,-0.11
1350.8,0.27,0.17,-0.01,0.55,0,197.43,-0.09,-0.11
1350.82,0.27,0.17,-0.01,0.54,0,194.64,-0.09,-0.11
1350.85,0.27,0.17,-0.01,0.53,0,190.01,-0.09,-0.11
1350.87,0.27,0.17,-0.01,0.52,0,186.19,-0.09,-0.11
1350.9,0.27,0.17,-0.01,0.51,0,184.17,-0.09,-0.11
1350.92,0.27,0.17,-0.01,0.49,0,177.03,-0.09,-0.09
1350.95,0.27,0.17,-0.01,0.44,0,160.13,-0.09,-0.09
1350.97,0.27,0.17,-0.01,0.43,0,157.05,-0.09,-0.09
1351,0.27,0.17,-0.01,0.44,0,159.45,-0.09,-0.05
1351.02,0.27,0.16,-0.01,0.42,0,154.98,-0.09,-0.05
1351.05,0.27,0.16,-0.01,0.4,0,149.22,-0.09,-0.05
1351.07,0.27,0.17,-0.01,0.36,0,138.73,-0.08,-0.03
1351.1,0.27,0.17,-0.01,0.33,0,127.85,-0.08,-0.03
1351.12,0.27,0.17,-0.01,0.32,0,126.75,-0.08,-0.03
1351.15,0.27,0.17,-0.01,0.3,0,118.27,-0.09,0.01
1351.17,0.27,0.17,-0.01,0.29,0,114.55,-0.09,0.01
1351.2,0.27,0.17,-0.01,0.29,0,109.53,-0.09,0.01
1351.22,0.27,0.17,-0.01,0.29,0,109.53,-0.09,0.03
1351.25,0.27,0.17,-0.01,0.28,0,109.53,-0.09,0.03
1351.27,0.27,0.17,-0.01,0.28,0,107.09,-0.09,0.03
1351.3,0.27,0.17,-0.01,0.26,0,100.9,-0.09,0.03
1351.32,0.27,0.18,-0.01,0.24,0,97.14,-0.09,0.04
1351.35,0.27,0.18,-0.01,0.22,0,87.17,-0.09,0.04
1351.37,0.27,0.17,-0.01,0.2,0,82.1,-0.09,0.04
1351.4,0.27,0.18,-0.01,0.19,0,79.65,-0.09,0.07
1351.42,0.27,0.18,-0.02,0.18,0,74.76,-0.09,0.07
1351.44,0.27,0.18,-0.01,0.17,0,69.9,-0.09,0.07
1351.47,0.27,0.18,-0.01,0.16,0,68.6,-0.09,0.09
1351.49,0.27,0.18,-0.01,0.16,0,68.6,-0.09,0.09
1351.52,0.27,0.18,-0.01,0.15,0,68.6,-0.09,0.09
1351.55,0.27,0.17,-0.01,0.15,0,68.6,-0.09,0.09
1351.57,0.27,0.17,-0.01,0.15,0,68.6,-0.09,0.09
1351.59,0.27,0.17,-0.01,0.15,0,67.31,-0.09,0.09
1351.62,0.27,0.17,-0.01,0.14,0,67.14,-0.09,0.1
1351.64,0.27,0.17,-0.01,0.15,0,64.7,-0.09,0.1
1351.67,0.27,0.17,-0.01,0.14,0,63.71,-0.09,0.1
1351.69,0.27,0.17,-0.01,0.14,0,63.22,-0.09,0.1
1351.72,0.27,0.17,-0.01,0.14,0,62.73,-0.09,0.09
1351.74,0.27,0.17,-0.01,0.14,0,50.25,-0.09,0.09
1351.77,0.27,0.17,-0.01,0.15,0,32.42,-0.09,0.09
1351.79,0.27,0.17,-0.01,0.15,0,14.87,-0.09,0.08
1351.81,0.27,0.17,-0.01,0.15,0,0,-0.09,0.08
1351.84,0.27,0.17,-0.01,0.15,0,0,-0.09,0.08
1351.86,0.27,0.17,-0.01,0.16,0,0,-0.09,0.05
1351.88,0.27,0.17,-0.01,0.17,0,0,-0.09,0.05
1351.9,0.27,0.17,-0.01,0.17,0,0,-0.09,0.05
1351.92,0.27,0.17,-0.01,0.17,0,0,-0.09,0.02
1351.95,0.27,0.17,-0.01,0.17,0,2.86,-0.09,0.02
1351.97,0.27,0.17,-0.01,0.17,0,7.92,-0.09,0.02
1352,0.27,0.17,-0.01,0.17,0,9.94,-0.09,0.02
1352.02,0.27,0.17,-0.01,0.17,0,9.42,-0.09,0.01
1352.05,0.27,0.17,-0.01,0.16,0,9.93,-0.09,0.01
1352.07,0.27,0.17,-0.01,0.16,0,10.26,-0.09,0.01
1352.09,0.27,0.17,-0.01,0.16,0,10.6,-0.09,0.01
1352.12,0.27,0.17,-0.01,0.16,0,10.6,-0.09,0.02
1352.14,0.27,0.17,-0.01,0.16,0,10.6,-0.09,0.02
1352.17,0.27,0.17,-0.01,0.16,0,10.6,-0.09,0.02
1352.19,0.27,0.17,-0.01,0.16,0,10.6,-0.09,0.02
1352.22,0.27,0.17,-0.02,0.16,0,10.6,-0.09,0.02
1352.24,0.27,0.17,-0.01,0.16,0,10.6,-0.09,0.02
1352.27,0.27,0.17,-0.01,0.16,0,10.6,-0.09,0.02
1352.29,0.27,0.17,-0.01,0.16,0,10.6,-0.09,0.02
1352.32,0.27,0.17,-0.01,0.16,0,10.6,-0.09,0.02
1352.34,0.27,0.17,-0.01,0.16,0,10.6,-0.09,0.02
1352.37,0.27,0.17,-0.01,0.16,0,10.6,-0.09,0.02
1352.39,0.27,0.17,-0.01,0.16,0,11.79,-0.09,0.02
1352.42,0.27,0.17,-0.01,0.16,0,11.79,-0.09,0.02
1352.44,0.27,0.17,-0.01,0.16,0,10.6,-0.09,0.02
1352.47,0.27,0.17,-0.01,0.16,0,10.6,-0.09,0.02
1352.49,0.27,0.17,-0.01,0.16,0,10.6,-0.09,0.02
1352.52,0.27,0.17,-0.01,0.16,0,11.79,-0.09,0.02
1352.54,0.27,0.17,-0.01,0.16,0,11.79,-0.09,0.02
1352.57,0.27,0.17,-0.01,0.16,0,11.79,-0.09,0.02
1352.59,0.27,0.17,-0.01,0.16,0,11.79,-0.09,0.02
1352.62,0.27,0.17,-0.01,0.16,0,14.03,-0.09,0.02
1352.64,0.27,0.17,-0.01,0.16,0,12.99,-0.09,0.02
1352.67,0.27,0.17,-0.01,0.18,0,14.03,-0.09,0.02
1352.69,0.27,0.17,-0.01,0.18,0,14.03,-0.09,0.02
1352.71,0.27,0.17,-0.01,0.18,0,20.96,-0.09,0.02
1352.74,0.27,0.18,-0.01,0.21,0,27.97,-0.09,0.01
1352.77,0.27,0.17,-0.01,0.2,0,27.97,-0.09,0.01
1352.79,0.27,0.17,-0.01,0.21,0,30.26,-0.09,0.01
1352.82,0.27,0.18,-0.01,0.22,0,33.8,-0.09,-0.01
1352.84,0.27,0.18,-0.01,0.23,0,38.41,-0.09,-0.01
1352.86,0.27,0.18,-0.01,0.25,0,39.48,-0.09,-0.01
1352.89,0.27,0.18,-0.01,0.26,0,44.28,-0.09,-0.01
1352.92,0.27,0.18,-0.01,0.27,0,47.85,-0.09,-0.03
1352.94,0.27,0.18,-0.01,0.3,0,54.79,-0.09,-0.03
1352.96,0.27,0.18,-0.01,0.3,0,53.55,-0.09,-0.03
1352.99,0.27,0.18,-0.01,0.32,0,64.38,-0.09,-0.06
1353.01,0.27,0.18,-0.01,0.34,0,71.1,-0.09,-0.06
1353.04,0.27,0.18,-0.01,0.35,0,73.38,-0.09,-0.06
1353.06,0.27,0.18,-0.01,0.37,0,81.42,-0.09,-0.08
1353.09,0.27,0.18,-0.01,0.4,0,85.93,-0.09,-0.08
1353.11,0.27,0.18,-0.01,0.41,0,87.13,-0.09,-0.08
1353.14,0.27,0.18,-0.02,0.44,0,97.03,-0.09,-0.11
1353.16,0.27,0.18,-0.01,0.46,0,104.57,-0.09,-0.11
1353.19,0.27,0.18,-0.01,0.48,0,110.81,-0.09,-0.11
1353.21,0.27,0.18,-0.01,0.49,0,113.89,-0.09,-0.14
1353.24,0.27,0.18,-0.01,0.49,0,109.84,-0.09,-0.14
1353.26,0.27,0.18,-0.01,0.5,0,112.93,-0.09,-0.14
1353.29,0.27,0.17,-0.01,0.52,0,115.99,-0.09,-0.14
1353.31,0.27,0.18,-0.01,0.52,0,115.99,-0.09,-0.16
1353.34,0.27,0.18,-0.01,0.53,0,116.6,-0.09,-0.16
1353.36,0.27,0.17,-0.01,0.54,0,122.61,-0.09,-0.16
1353.39,0.27,0.18,-0.01,0.55,0,125.22,-0.09,-0.15
1353.41,0.27,0.17,-0.01,0.55,0,123.57,-0.09,-0.15
1353.44,0.27,0.17,-0.01,0.55,0,121.86,-0.09,-0.15
1353.46,0.27,0.17,-0.01,0.57,0,124.5,-0.09,-0.13
1353.49,0.27,0.18,-0.01,0.58,0,111.93,-0.09,-0.13
1353.51,0.27,0.17,-0.01,0.59,0,90.94,-0.09,-0.13
1353.54,0.27,0.17,-0.01,0.62,0,79.46,-0.09,-0.13
1353.56,0.27,0.17,-0.01,0.64,0,81.69,-0.09,-0.13
1353.59,0.27,0.17,-0.01,0.64,0,98.46,-0.09,-0.13
1353.61,0.27,0.18,-0.01,0.64,0,118.73,-0.09,-0.15
1353.64,0.27,0.17,-0.01,0.64,0,137.37,-0.09,-0.15
1353.66,0.27,0.18,-0.01,0.64,0,154.36,-0.09,-0.15
1353.69,0.27,0.18,-0.01,0.63,0,171.24,-0.09,-0.15
1353.71,0.27,0.17,-0.01,0.61,0,187.1,-0.09,-0.15
1353.74,0.27,0.17,-0.01,0.6,0,204.8,-0.09,-0.15
1353.76,0.27,0.17,-0.02,0.59,0,219.42,-0.09,-0.15
1353.79,0.27,0.18,-0.01,0.61,0,238.73,-0.09,-0.12
1353.81,0.27,0.18,-0.01,0.59,0,234.91,-0.09,-0.12
1353.84,0.27,0.18,-0.01,0.57,0,232.48,-0.09,-0.12
1353.86,0.27,0.18,-0.01,0.57,0,232.99,-0.09,-0.11
1353.89,0.27,0.18,-0.01,0.57,0,233.33,-0.09,-0.11
1353.91,0.27,0.18,-0.01,0.57,0,235.35,-0.09,-0.11
1353.94,0.27,0.17,-0.01,0.58,0,236.35,-0.09,-0.12
1353.96,0.27,0.17,-0.01,0.57,0,235.35,-0.09,-0.12
1353.99,0.27,0.17,-0.01,0.57,0,236.35,-0.09,-0.12
1354.01,0.27,0.17,-0.01,0.55,0,230.1,-0.09,-0.12
1354.04,0.27,0.17,-0.01,0.52,0,221.62,-0.09,-0.12
1354.06,0.27,0.17,-0.01,0.49,0,211.79,-0.09,-0.12
1354.08,0.27,0.17,-0.01,0.44,0,194.87,-0.09,-0.12
1354.11,0.27,0.17,-0.01,0.4,0,188.28,-0.09,-0.05
1354.14,0.27,0.17,-0.01,0.34,0,169.4,-0.09,-0.05
1354.16,0.27,0.18,-0.01,0.31,0,154.63,-0.09,-0.05
1354.19,0.27,0.18,-0.01,0.28,0,142.18,-0.09,0.02
1354.21,0.27,0.18,-0.01,0.26,0,138.48,-0.09,0.02
1354.23,0.27,0.17,-0.01,0.24,0,125.6,-0.09,0.02
1354.26,0.27,0.17,-0.01,0.21,0,120.31,-0.09,0.05
1354.28,0.27,0.17,-0.01,0.2,0,113.97,-0.09,0.05
1354.31,0.27,0.17,-0.01,0.17,0,105.04,-0.09,0.05
1354.34,0.27,0.17,-0.01,0.16,0,101.26,-0.09,0.09
1354.36,0.27,0.17,-0.01,0.15,0,102.63,-0.09,0.09
1354.38,0.27,0.17,-0.01,0.14,0,97.65,-0.09,0.09
1354.41,0.27,0.18,-0.01,0.12,0,96.28,-0.09,0.11
1354.43,0.27,0.18,-0.01,0.11,0,86.04,-0.09,0.11
1354.46,0.27,0.17,-0.01,0.1,0,84.85,-0.09,0.11
1354.48,0.27,0.18,-0.01,0.09,0,82.3,-0.09,0.11
1354.51,0.27,0.17,-0.02,0.07,0,78.43,-0.09,0.13
1354.53,0.27,0.17,-0.01,0.07,0,76.78,-0.09,0.13
1354.56,0.27,0.17,-0.01,0.06,0,75.13,-0.09,0.13
1354.58,0.27,0.18,-0.01,0.06,0,74.82,-0.09,0.14
1354.61,0.27,0.18,-0.01,0.06,0,63.02,-0.09,0.14
1354.63,0.27,0.18,-0.01,0.06,0,45.79,-0.09,0.14
1354.66,0.27,0.18,-0.01,0.06,0,36,-0.09,0.13
1354.68,0.27,0.18,-0.01,0.06,0,20.44,-0.09,0.13
1354.71,0.27,0.17,-0.01,0.06,0,5.07,-0.09,0.13
1354.73,0.27,0.17,-0.01,0.08,0,0,-0.09,0.1
1354.75,0.27,0.17,-0.01,0.08,0,0,-0.09,0.1
1354.77,0.27,0.17,-0.01,0.08,0,0,-0.09,0.1
1354.79,0.27,0.17,-0.01,0.08,0,0,-0.09,0.1
1354.81,0.27,0.17,-0.01,0.08,0,0,-0.09,0.06
1354.84,0.27,0.17,-0.01,0.08,0,0,-0.09,0.06
1354.86,0.27,0.17,-0.01,0.08,0,0,-0.09,0.06
1354.88,0.27,0.17,-0.01,0.08,0,0,-0.09,0.06
1354.9,0.27,0.17,-0.01,0.09,0,0,-0.09,0.03
1354.92,0.27,0.17,-0.01,0.08,0,0,-0.09,0.03
1354.94,0.27,0.17,-0.01,0.09,0,0,-0.09,0.03
1354.96,0.27,0.17,-0.01,0.09,0,0,-0.09,0.03
1354.99,0.27,0.17,-0.01,0.09,0,0,-0.09,0.01
1355.01,0.27,0.17,-0.01,0.08,0,0,-0.09,0.01
1355.03,0.27,0.17,-0.02,0.09,0,0,-0.09,0.01
1355.05,0.27,0.17,-0.01,0.08,0,0,-0.09,0.01
1355.07,0.27,0.17,-0.01,0.08,0,0,-0.09,0.01
1355.09,0.27,0.17,-0.01,0.08,0,0,-0.09,0.01
1355.11,0.27,0.17,-0.01,0.08,0,0,-0.09,0.01
1355.14,0.27,0.17,-0.01,0.08,0,0,-0.09,0.01
1355.16,0.27,0.17,-0.01,0.09,0,0,-0.09,0.01
1355.18,0.27,0.17,-0.01,0.09,0,0,-0.09,0.01
1355.2,0.27,0.17,-0.01,0.09,0,0,-0.09,0.01
1355.22,0.27,0.17,-0.01,0.09,0,0,-0.09,0.01
1355.24,0.27,0.18,-0.01,0.08,0,0,-0.09,0.01
1355.26,0.27,0.18,-0.01,0.09,0,0,-0.09,0.01
1355.28,0.27,0.17,-0.01,0.09,0,0,-0.09,0.01
1355.31,0.27,0.18,-0.01,0.09,0,0,-0.09,0.01
1355.33,0.27,0.18,-0.01,0.09,0,0,-0.09,0.01
1355.35,0.27,0.18,-0.01,0.1,0,0,-0.09,0.01
1355.37,0.27,0.18,-0.01,0.1,0,0,-0.09,0.01
1355.39,0.27,0.18,-0.01,0.11,0,0,-0.09,-0
1355.42,0.27,0.18,-0.01,0.12,0,2.19,-0.09,-0
1355.44,0.27,0.18,-0.01,0.12,0,2.19,-0.09,-0
1355.47,0.27,0.18,-0.01,0.13,0,2.19,-0.09,-0.01
1355.49,0.27,0.18,-0.01,0.13,0,4.56,-0.09,-0.01
1355.51,0.27,0.17,-0.01,0.14,0,4.56,-0.09,-0.01
1355.54,0.27,0.17,-0.01,0.15,0,7.97,-0.09,-0.02
1355.57,0.27,0.18,-0.01,0.16,0,7.97,-0.09,-0.02
1355.59,0.27,0.18,-0.01,0.17,0,15.91,-0.09,-0.02
1355.62,0.27,0.18,-0.01,0.18,0,20.44,-0.09,-0.04
1355.64,0.27,0.18,-0.01,0.19,0,19.39,-0.09,-0.04
1355.66,0.27,0.18,-0.01,0.2,0,20.44,-0.09,-0.04
1355.69,0.27,0.18,-0.01,0.21,0,25.18,-0.09,-0.04
1355.71,0.27,0.18,-0.01,0.23,0,25.18,-0.09,-0.06
1355.74,0.27,0.18,-0.01,0.23,0,27.47,-0.09,-0.06
1355.76,0.27,0.18,-0.01,0.24,0,28.7,-0.09,-0.06
1355.79,0.27,0.18,-0.03,0.25,0,32.23,-0.09,-0.07
1355.81,0.27,0.18,-0.01,0.25,0,35.77,-0.09,-0.07
1355.84,0.27,0.18,-0.01,0.27,0,37.91,-0.09,-0.07
1355.86,0.27,0.18,-0.01,0.27,0,40.21,-0.09,-0.09
1355.89,0.27,0.18,-0.01,0.28,0,42.52,-0.09,-0.09
1355.91,0.27,0.18,-0.01,0.29,0,43.94,-0.09,-0.09
1355.94,0.27,0.18,-0.01,0.3,0,45,-0.09,-0.1
1355.96,0.27,0.18,-0.01,0.3,0,45,-0.09,-0.1
1355.99,0.27,0.18,-0.01,0.31,0,46.24,-0.09,-0.1
1356.01,0.27,0.18,-0.01,0.31,0,48.55,-0.09,-0.1
1356.04,0.27,0.18,-0,0.31,0,50.31,-0.09,-0.1
1356.06,0.27,0.18,-0.01,0.32,0,54.21,-0.09,-0.1
1356.09,0.27,0.18,-0.01,0.32,0,56.68,-0.09,-0.1
1356.11,0.27,0.18,-0.01,0.32,0,57.92,-0.09,-0.09
1356.14,0.27,0.18,-0.01,0.33,0,59.84,-0.09,-0.09
1356.16,0.27,0.18,-0.01,0.33,0,61.24,-0.09,-0.09
1356.19,0.27,0.18,-0.01,0.33,0,61.77,-0.09,-0.06
1356.21,0.27,0.18,-0.01,0.34,0,64.23,-0.09,-0.06
1356.24,0.27,0.18,-0.01,0.34,0,64.93,-0.09,-0.06
1356.26,0.27,0.18,-0.01,0.34,0,67.4,-0.09,-0.05
1356.29,0.27,0.18,-0.01,0.34,0,67.77,-0.09,-0.05
1356.31,0.27,0.18,-0.01,0.34,0,66.54,-0.09,-0.05
1356.34,0.27,0.18,-0.01,0.35,0,69.18,-0.09,-0.04
1356.36,0.27,0.18,-0.01,0.35,0,59.71,-0.09,-0.04
1356.39,0.27,0.18,-0.01,0.35,0,58.85,-0.09,-0.04
1356.41,0.27,0.18,-0.01,0.35,0,60.07,-0.09,-0.04
1356.44,0.27,0.18,-0.01,0.36,0,57.44,-0.09,-0.04
1356.46,0.27,0.18,-0.01,0.37,0,57.08,-0.09,-0.04
1356.48,0.27,0.18,-0.01,0.37,0,58.29,-0.09,-0.04
1356.51,0.27,0.18,-0.01,0.37,0,55.33,-0.09,-0.05
1356.53,0.27,0.18,-0.01,0.37,0,57.94,-0.09,-0.05
1356.56,0.27,0.18,-0.01,0.39,0,57.41,-0.09,-0.05
1356.59,0.27,0.18,-0.01,0.4,0,58.1,-0.09,-0.06
1356.61,0.27,0.18,-0.01,0.4,0,57.75,-0.09,-0.06
1356.63,0.27,0.18,-0.01,0.39,0,57.75,-0.09,-0.06
1356.66,0.27,0.18,-0.01,0.4,0,57.75,-0.09,-0.06
1356.68,0.27,0.18,-0.01,0.41,0,57.75,-0.09,-0.06
1356.71,0.27,0.18,-0.01,0.41,0,58.96,-0.09,-0.06
1356.73,0.27,0.18,-0.01,0.42,0,59.83,-0.09,-0.07
1356.76,0.27,0.18,-0.01,0.42,0,59.83,-0.09,-0.07
1356.78,0.27,0.18,-0.01,0.42,0,59.83,-0.09,-0.07
1356.81,0.27,0.18,-0.01,0.43,0,63.28,-0.09,-0.07
1356.83,0.27,0.18,-0.02,0.44,0,65.67,-0.09,-0.07
1356.86,0.27,0.18,-0.01,0.44,0,67.02,-0.09,-0.07
1356.88,0.27,0.18,-0.01,0.45,0,68.71,-0.09,-0.07
1356.91,0.27,0.18,-0.01,0.45,0,68.53,-0.09,-0.08
1356.93,0.27,0.18,-0.01,0.45,0,64.12,-0.09,-0.08
1356.96,0.27,0.18,-0.01,0.47,0,66.67,-0.09,-0.08
1356.98,0.27,0.18,-0.01,0.48,0,66.59,-0.09,-0.08
1357.01,0.27,0.18,-0.01,0.48,0,51.71,-0.09,-0.08
1357.03,0.27,0.18,-0.01,0.49,0,32.26,-0.09,-0.08
1357.06,0.27,0.18,-0.01,0.52,0,23.18,-0.09,-0.08
1357.08,0.27,0.18,-0.01,0.55,0,45.04,-0.09,-0.08
1357.11,0.27,0.18,-0.01,0.55,0,64.04,-0.09,-0.08
1357.13,0.27,0.18,-0.01,0.54,0,85.01,-0.09,-0.11
1357.16,0.27,0.18,-0.01,0.54,0,104.55,-0.09,-0.11
1357.18,0.27,0.18,-0.01,0.52,0,113.66,-0.09,-0.11
1357.21,0.27,0.17,-0.01,0.51,0,124.78,-0.09,-0.1
1357.23,0.27,0.18,-0.01,0.51,0,133.27,-0.09,-0.1
1357.26,0.27,0.17,-0.01,0.51,0,137.09,-0.09,-0.1
1357.28,0.27,0.17,-0.01,0.51,0,138.65,-0.09,-0.1
1357.31,0.27,0.18,-0.01,0.51,0,138.99,-0.09,-0.09
1357.33,0.27,0.18,-0.01,0.51,0,139.51,-0.09,-0.09
1357.35,0.27,0.18,-0.01,0.51,0,139.86,-0.09,-0.09
1357.38,0.27,0.17,-0.01,0.51,0,140.03,-0.09,-0.09
1357.41,0.27,0.17,-0.01,0.51,0,140.21,-0.09,-0.09
1357.43,0.27,0.17,-0.01,0.51,0,140.21,-0.09,-0.09
1357.46,0.27,0.18,-0.01,0.52,0,140.38,-0.09,-0.09
1357.48,0.27,0.17,-0.01,0.51,0,140.38,-0.09,-0.09
1357.5,0.27,0.17,-0.01,0.51,0,140.38,-0.09,-0.09
1357.53,0.27,0.17,-0,0.51,0,140.38,-0.09,-0.09
1357.56,0.27,0.17,-0.01,0.51,0,140.38,-0.09,-0.09
1357.58,0.27,0.17,-0.01,0.51,0,140.38,-0.09,-0.09
1357.61,0.27,0.18,-0.01,0.51,0,140.38,-0.09,-0.09
1357.63,0.27,0.18,-0.01,0.51,0,139.43,-0.09,-0.09
1357.65,0.27,0.18,-0.01,0.5,0,138.47,-0.09,-0.09
1357.68,0.27,0.18,-0.01,0.49,0,138.47,-0.09,-0.09
1357.71,0.27,0.18,-0.01,0.48,0,135.4,-0.09,-0.08
1357.73,0.27,0.18,-0.01,0.47,0,128,-0.09,-0.08
1357.75,0.27,0.18,-0.01,0.44,0,114.98,-0.09,-0.08
1357.78,0.27,0.18,-0.01,0.42,0,111.88,-0.09,-0.06
1357.8,0.27,0.18,-0.01,0.4,0,104.03,-0.09,-0.06
1357.83,0.27,0.18,-0.01,0.37,0,94.84,-0.09,-0.06
1357.85,0.27,0.18,-0.01,0.34,0,93.77,-0.09,-0.02
1357.88,0.27,0.18,-0.01,0.32,0,83.2,-0.09,-0.02
1357.9,0.27,0.18,-0.01,0.31,0,80.86,-0.09,-0.02
1357.93,0.27,0.18,-0.01,0.3,0,76.33,-0.09,0.01
1357.95,0.27,0.18,-0.01,0.3,0,73.98,-0.09,0.01
1357.98,0.27,0.18,-0.01,0.29,0,72.89,-0.09,0.01
1358,0.27,0.18,-0.01,0.28,0,65.65,-0.09,0.02
1358.03,0.27,0.18,-0.01,0.26,0,63.29,-0.09,0.02
1358.05,0.27,0.18,-0.01,0.26,0,64.55,-0.09,0.02
1358.08,0.27,0.18,-0.01,0.26,0,63.29,-0.09,0.02
1358.1,0.27,0.18,-0.01,0.25,0,60.93,-0.09,0.04
1358.13,0.27,0.18,-0.01,0.24,0,59.84,-0.09,0.04
1358.15,0.27,0.18,-0.01,0.23,0,57.49,-0.09,0.04
1358.18,0.27,0.18,-0.01,0.23,0,57.49,-0.09,0.05
1358.2,0.27,0.18,-0.01,0.22,0,56.97,-0.09,0.05
1358.23,0.27,0.18,-0.01,0.2,0,51.01,-0.09,0.05
1358.25,0.27,0.18,-0.01,0.2,0,47.42,-0.09,0.06
1358.28,0.27,0.18,-0.01,0.19,0,43.67,-0.09,0.06
1358.3,0.27,0.18,-0.01,0.19,0,43.5,-0.09,0.06
1358.33,0.27,0.18,-0.01,0.18,0,43.5,-0.09,0.07
1358.35,0.27,0.17,-0.01,0.17,0,42.25,-0.09,0.07
1358.38,0.27,0.18,-0.01,0.17,0,42.25,-0.09,0.07
1358.4,0.27,0.17,-0.01,0.15,0,39.93,-0.09,0.08
1358.43,0.27,0.17,-0.01,0.16,0,39.43,-0.09,0.08
1358.45,0.27,0.18,-0.01,0.16,0,38.92,-0.09,0.08
1358.47,0.27,0.18,-0.02,0.16,0,38.59,-0.09,0.08
1358.5,0.27,0.17,-0.02,0.16,0,38.42,-0.09,0.09
1358.52,0.27,0.17,-0.02,0.15,0,28.31,-0.09,0.09
1358.55,0.27,0.17,-0.02,0.16,0,19.04,-0.09,0.09
1358.58,0.27,0.17,-0.02,0.16,0,14.49,-0.09,0.08
1358.6,0.27,0.18,-0.01,0.16,0,-0.5,-0.09,0.08
1358.62,0.27,0.18,-0.01,0.16,0,0,-0.09,0.08
1358.64,0.27,0.18,-0.01,0.15,0,0,-0.09,0.08
1358.66,0.27,0.18,-0.01,0.16,0,0,-0.09,0.06
1358.68,0.27,0.18,-0.01,0.16,0,0,-0.09,0.06
1358.71,0.27,0.18,-0.01,0.16,0,0,-0.09,0.06
1358.73,0.27,0.18,-0.01,0.16,0,0,-0.09,0.04
1358.75,0.27,0.18,-0.01,0.16,0,0,-0.09,0.04
1358.77,0.27,0.18,-0.01,0.16,0,0,-0.09,0.04
1358.79,0.27,0.18,-0.01,0.15,0,2.36,-0.09,0.04
1358.82,0.27,0.18,-0.02,0.15,0,4.72,-0.09,0.04
1358.84,0.27,0.18,-0.01,0.16,0,8.44,-0.09,0.04
1358.87,0.27,0.18,-0.02,0.15,0,10.13,-0.09,0.04
1358.89,0.27,0.18,-0.02,0.15,0,8.41,-0.09,0.04
1358.92,0.27,0.18,-0.02,0.15,0,9.94,-0.09,0.04
1358.94,0.27,0.18,-0.02,0.15,0,11.64,-0.09,0.04
1358.97,0.27,0.17,-0.01,0.14,0,10.78,-0.09,0.04
1358.99,0.27,0.17,-0.02,0.14,0,9.59,-0.09,0.04
1359.02,0.27,0.17,-0.02,0.13,0,7.38,-0.09,0.04
1359.04,0.27,0.17,-0.02,0.1,0,4,-0.09,0.04
1359.07,0.27,0.18,-0.02,0.08,0,0,-0.09,0.06
1359.09,0.28,0.18,-0.02,0.07,0,0,-0.09,0.06
1359.11,0.28,0.17,-0.02,0.06,0,0,-0.09,0.06
1359.13,0.28,0.17,-0.01,0.05,0,0,-0.09,0.08
1359.15,0.28,0.18,-0.01,0.03,0,0,-0.09,0.08
1359.17,0.28,0.17,-0.01,0.03,0,0,-0.09,0.08
1359.19,0.28,0.17,-0.01,0.03,0,0,-0.09,0.08
1359.22,0.28,0.17,-0.01,0.01,0,0,-0.09,0.09
1359.24,0.28,0.17,-0.01,0,0,0,-0.09,0.09
1359.26,0.28,0.16,-0.01,0,0,0,-0.09,0.09
1359.28,0.28,0.17,-0.01,0,0,0,-0.09,0.09
1359.3,0.28,0.17,-0.01,0,0,0,-0.09,0.11
1359.32,0.28,0.17,-0.01,0,0,0,-0.09,0.11
1359.34,0.28,0.17,-0.01,0,0,0,-0.09,0.11
1359.36,0.28,0.16,-0.01,0,0,0,-0.09,0.11
1359.39,0.28,0.16,-0.01,0,0,0,-0.08,0.11
1359.41,0.28,0.16,-0.01,0,0,0,-0.08,0.11
1359.43,0.29,0.16,-0.02,0,0,0,-0.08,0.11
1359.45,0.28,0.16,-0.01,0,0,0,-0.08,0.1
1359.47,0.28,0.16,-0.01,0,0,0,-0.08,0.1
1359.49,0.28,0.16,-0.01,0,0,0,-0.08,0.1
1359.51,0.29,0.16,-0.01,0,0,0,-0.08,0.1
1359.54,0.29,0.16,-0.01,0,0,0,-0.08,0.08
1359.56,0.29,0.16,-0.01,0,0,0,-0.08,0.08
1359.58,0.28,0.15,-0.01,0,0,0,-0.08,0.08
1359.6,0.29,0.16,-0.01,0,0,0,-0.08,0.05
1359.62,0.29,0.16,-0.01,0,0,0,-0.08,0.05
1359.64,0.29,0.15,-0.01,0,0,0,-0.08,0.05
1359.66,0.29,0.15,-0.01,0,0,0,-0.08,0.05
1359.68,0.29,0.15,-0.01,0,0,0,-0.08,0.05
1359.71,0.29,0.14,-0.01,0,0,0,-0.08,0.03
1359.73,0.29,0.14,-0.01,0,0,0,-0.08,0.03
1359.75,0.29,0.14,-0.01,0,0,0,-0.08,0.03
1359.77,0.29,0.14,-0.01,0,0,0,-0.08,0.03
1359.79,0.29,0.14,-0.01,0,0,0,-0.07,0.02
1359.81,0.29,0.14,-0.01,0,0,0,-0.07,0.02
1359.83,0.29,0.15,-0.01,0,0,0,-0.07,0.02
1359.86,0.29,0.14,-0.01,0,0,0,-0.07,0.02
1359.88,0.29,0.15,-0.01,0,0,0,-0.07,0.02
1359.9,0.29,0.15,-0.01,0,0,0,-0.07,0.02
1359.92,0.29,0.15,-0.01,0,0,0,-0.07,0.02
1359.94,0.29,0.15,-0.01,0,0,0,-0.07,0.02
1359.96,0.29,0.15,-0.01,0,0,0,-0.07,0.02
1359.98,0.29,0.15,-0.01,0,0,0,-0.07,0.02
1360.01,0.29,0.15,-0.01,0,0,0,-0.07,0.02
1360.03,0.29,0.15,-0.01,0,0,0,-0.07,0.02
1360.05,0.29,0.15,-0.01,0,0,0,-0.07,0.02
1360.07,0.29,0.15,-0.01,0,0,0,-0.07,0.02
1360.09,0.29,0.15,-0.01,0,0,0,-0.07,0.02
1360.11,0.29,0.15,-0.01,0,0,0,-0.07,0.02
1360.13,0.29,0.15,-0.01,0,0,0,-0.07,0.02
1360.15,0.29,0.15,-0.01,0,0,0,-0.07,0.02
1360.18,0.29,0.15,-0.01,0,0,0,-0.08,0.02
1360.2,0.29,0.15,-0.01,0,0,0,-0.08,0.02
1360.22,0.29,0.15,-0.01,0,0,0,-0.08,0.02
1360.24,0.29,0.15,-0.01,0,0,0,-0.08,0.02
1360.26,0.29,0.15,-0.01,0,0,0,-0.08,0.02
1360.28,0.29,0.15,-0.01,0,0,0,-0.08,0.02
1360.3,0.29,0.15,-0.01,0,0,0,-0.08,0.02
1360.33,0.29,0.15,-0.02,0,0,0,-0.08,0.02
1360.35,0.29,0.16,-0.02,0,0,0,-0.08,0.02
1360.37,0.29,0.16,-0.02,0.02,0,0,-0.08,0.02
1360.39,0.29,0.16,-0.01,0.05,0,0,-0.08,0.02
1360.41,0.29,0.16,-0.01,0.08,0,0,-0.08,-0
1360.43,0.29,0.17,-0.01,0.1,0,0,-0.08,-0
1360.45,0.29,0.17,-0.01,0.11,0,0,-0.08,-0
1360.47,0.29,0.17,-0.02,0.13,0,0,-0.08,-0
1360.5,0.29,0.17,-0.01,0.14,0,3.58,-0.09,-0.04
1360.52,0.29,0.17,-0.01,0.17,0,9.26,-0.09,-0.04
1360.55,0.29,0.17,-0.01,0.18,0,12.55,-0.09,-0.04
1360.58,0.29,0.17,-0.02,0.2,0,14.99,-0.09,-0.07
1360.6,0.29,0.18,-0.02,0.22,0,18.48,-0.09,-0.07
1360.62,0.29,0.17,-0.02,0.23,0,18.48,-0.09,-0.07
1360.65,0.29,0.18,-0.02,0.24,0,24.28,-0.09,-0.09
1360.67,0.29,0.18,-0.02,0.25,0,28.86,-0.09,-0.09
1360.7,0.29,0.18,-0.01,0.25,0,31.16,-0.09,-0.09
1360.73,0.29,0.17,-0.01,0.27,0,34.87,-0.09,-0.11
1360.75,0.29,0.17,-0.02,0.28,0,35.93,-0.09,-0.11
1360.77,0.29,0.17,-0.01,0.29,0,34.87,-0.09,-0.11
1360.8,0.29,0.17,-0.01,0.3,0,39.47,-0.09,-0.12
1360.82,0.29,0.17,-0.01,0.32,0,45.3,-0.09,-0.12
1360.85,0.29,0.17,-0.01,0.32,0,46.54,-0.09,-0.12
1360.87,0.29,0.17,-0.01,0.32,0,47.6,-0.09,-0.12
1360.9,0.29,0.17,-0.01,0.34,0,50.06,-0.09,-0.12
1360.92,0.29,0.17,-0.01,0.35,0,55.87,-0.09,-0.14
1360.95,0.29,0.17,-0.01,0.36,0,62.17,-0.09,-0.14
1360.97,0.29,0.17,-0.01,0.36,0,66.54,-0.09,-0.14
1361,0.29,0.17,-0.01,0.38,0,71.58,-0.09,-0.12
1361.02,0.29,0.17,-0.01,0.4,0,73.86,-0.09,-0.12
1361.05,0.29,0.17,-0.01,0.4,0,78.39,-0.09,-0.12
1361.07,0.29,0.17,-0.03,0.4,0,78.4,-0.09,-0.11
1361.1,0.29,0.17,-0.01,0.41,0,82.41,-0.09,-0.11
1361.12,0.29,0.17,-0.01,0.42,0,85.54,-0.09,-0.11
1361.15,0.29,0.17,-0.01,0.42,0,86.24,-0.09,-0.09
1361.17,0.29,0.17,-0.01,0.43,0,87.05,-0.09,-0.09
1361.2,0.29,0.17,-0.02,0.45,0,91.59,-0.09,-0.09
1361.22,0.29,0.17,-0.01,0.45,0,93.91,-0.09,-0.08
1361.25,0.29,0.17,-0.02,0.47,0,85.51,-0.09,-0.08
1361.27,0.29,0.17,-0,0.47,0,63.68,-0.09,-0.08
1361.29,0.29,0.17,-0.02,0.5,0,59.23,-0.09,-0.08
1361.32,0.29,0.17,-0.02,0.52,0,54.52,-0.09,-0.1
1361.35,0.29,0.17,-0.02,0.53,0,52.01,-0.09,-0.1
1361.37,0.29,0.17,-0.02,0.55,0,51.54,-0.09,-0.1
1361.4,0.29,0.17,-0.02,0.56,0,49.44,-0.09,-0.12
1361.42,0.29,0.17,-0.02,0.56,0,55.72,-0.09,-0.12
1361.44,0.29,0.17,-0.02,0.57,0,60,-0.09,-0.12
1361.47,0.29,0.17,-0.01,0.58,0,62.05,-0.09,-0.13
1361.49,0.29,0.17,-0.02,0.58,0,69.68,-0.09,-0.13
1361.52,0.29,0.17,-0.02,0.59,0,74.46,-0.09,-0.13
1361.55,0.29,0.17,-0.01,0.59,0,77.02,-0.09,-0.14
1361.57,0.29,0.17,-0.02,0.59,0,90.34,-0.09,-0.14
1361.59,0.29,0.17,-0.02,0.59,0,109.13,-0.09,-0.14
1361.62,0.29,0.17,-0.02,0.59,0,123.3,-0.08,-0.13
1361.64,0.29,0.17,-0,0.59,0,140.08,-0.08,-0.13
1361.67,0.29,0.17,-0.02,0.59,0,151.14,-0.08,-0.13
1361.69,0.29,0.17,-0.01,0.59,0,156.43,-0.08,-0.13
1361.72,0.29,0.17,-0.02,0.58,0,158.31,-0.09,-0.13
1361.74,0.29,0.17,-0.02,0.58,0,160.17,-0.09,-0.13
1361.77,0.29,0.17,-0.02,0.58,0,162.22,-0.09,-0.13
1361.79,0.29,0.17,-0.02,0.58,0,163.07,-0.09,-0.13
1361.82,0.29,0.17,-0,0.58,0,163.93,-0.09,-0.13
1361.84,0.29,0.17,-0.02,0.56,0,159.11,-0.09,-0.13
1361.87,0.29,0.17,-0.02,0.55,0,159.28,-0.09,-0.12
1361.89,0.29,0.17,-0.02,0.52,0,145.75,-0.09,-0.12
1361.92,0.29,0.17,-0.02,0.49,0,138.63,-0.09,-0.12
1361.94,0.29,0.17,-0.02,0.44,0,122.33,-0.09,-0.08
1361.97,0.29,0.17,-0.02,0.43,0,121.65,-0.09,-0.08
1361.99,0.29,0.17,-0.02,0.41,0,114.89,-0.09,-0.08
1362.02,0.29,0.17,-0.01,0.37,0,106.98,-0.09,-0.04
1362.04,0.29,0.17,-0.02,0.33,0,96.29,-0.09,-0.04
1362.07,0.29,0.17,-0.02,0.32,0,90.7,-0.09,-0.04
1362.09,0.29,0.17,-0.02,0.31,0,88.35,-0.09,-0.04
1362.12,0.29,0.17,-0.02,0.29,0,82.54,-0.09,0.01
1362.14,0.29,0.17,-0.02,0.28,0,74.17,-0.09,0.01
1362.17,0.29,0.17,-0.02,0.24,0,67.06,-0.09,0.01
1362.19,0.29,0.17,-0.02,0.22,0,61.23,-0.09,0.05
1362.22,0.29,0.17,-0.02,0.21,0,58.86,-0.09,0.05
1362.24,0.29,0.17,-0.02,0.19,0,49.45,-0.09,0.05
1362.27,0.29,0.17,-0.02,0.17,0,48.19,-0.09,0.07
1362.29,0.29,0.17,-0.02,0.16,0,46.02,-0.09,0.07
1362.32,0.29,0.17,-0.03,0.13,0,41.2,-0.09,0.07
1362.34,0.29,0.17,-0.02,0.12,0,35.69,-0.09,0.1
1362.37,0.29,0.17,-0.02,0.11,0,35.2,-0.09,0.1
1362.39,0.29,0.17,-0.02,0.1,0,33.48,-0.09,0.1
1362.42,0.29,0.17,-0.02,0.08,0,30.15,-0.09,0.12
1362.44,0.29,0.18,-0.01,0.07,0,28.61,-0.09,0.12
1362.46,0.29,0.18,-0.01,0.06,0,27.41,-0.09,0.12
1362.49,0.29,0.18,-0.01,0.05,0,28.61,-0.09,0.12
1362.52,0.29,0.18,-0.01,0.04,0,27.24,-0.09,0.14
1362.54,0.29,0.18,-0.01,0.03,0,16.4,-0.09,0.14
1362.56,0.29,0.18,-0.01,0.03,0,8.44,-0.09,0.14
1362.59,0.29,0.18,-0.01,0.01,0,4.71,-0.09,0.14
1362.61,0.29,0.18,-0.01,0.01,0,0,-0.09,0.14
1362.63,0.29,0.18,-0.01,0.01,0,0,-0.09,0.14
1362.65,0.29,0.18,-0.01,0,0,0,-0.09,0.13
1362.68,0.29,0.18,-0.01,0,0,0,-0.09,0.13
1362.7,0.29,0.18,-0.01,0,0,0,-0.09,0.13
1362.72,0.29,0.18,-0.01,0,0,0,-0.09,0.13
1362.74,0.29,0.18,-0.01,0,0,0,-0.09,0.11
1362.76,0.29,0.18,-0.01,0,0,0,-0.09,0.11
1362.78,0.29,0.18,-0.01,0,0,0,-0.09,0.11
1362.8,0.29,0.18,-0.01,0,0,0,-0.09,0.08
1362.83,0.29,0.18,-0.01,0,0,0,-0.09,0.08
1362.85,0.29,0.18,-0.01,0,0,0,-0.09,0.08
1362.87,0.29,0.18,-0.01,0,0,0,-0.09,0.08
1362.89,0.29,0.18,-0.01,0,0,0,-0.09,0.08
1362.91,0.29,0.18,-0.01,0,0,0,-0.09,0.06
1362.93,0.29,0.17,-0.01,0,0,0,-0.09,0.06
1362.95,0.29,0.18,-0.01,0,0,0,-0.09,0.06
1362.97,0.29,0.18,-0.01,0,0,0,-0.09,0.04
1363,0.29,0.17,-0.01,0,0,0,-0.09,0.04
1363.02,0.29,0.17,-0.01,0,0,0,-0.09,0.04
1363.04,0.29,0.17,-0.01,0,0,0,-0.09,0.04
1363.06,0.29,0.17,-0.01,0,0,0,-0.09,0.03
1363.08,0.29,0.17,-0.01,0,0,0,-0.09,0.03
1363.1,0.29,0.18,-0.01,0,0,0,-0.09,0.03
1363.13,0.29,0.17,-0.01,0,0,0,-0.09,0.03
1363.15,0.29,0.17,-0.01,0,0,0,-0.09,0.03
1363.17,0.29,0.16,-0.01,0,0,0,-0.09,0.03
1363.19,0.29,0.16,-0.01,0,0,0,-0.09,0.03
1363.21,0.29,0.16,-0.01,0,0,0,-0.08,0.03
1363.23,0.29,0.16,-0.01,0,0,0,-0.08,0.03
1363.25,0.29,0.16,-0.01,0,0,0,-0.08,0.03
1363.27,0.29,0.16,-0.01,0.02,0,0,-0.08,0.03
1363.29,0.29,0.16,-0.01,0.04,0,0,-0.08,0.03
1363.32,0.29,0.16,-0.01,0.07,0,0,-0.08,0.01
1363.34,0.29,0.16,-0.01,0.09,0,0,-0.08,0.01
1363.36,0.29,0.16,-0.01,0.12,0,0,-0.08,0.01
1363.38,0.29,0.16,-0.01,0.15,0,5.79,-0.08,-0.03
1363.41,0.29,0.16,-0.01,0.17,0,12.7,-0.08,-0.03
1363.43,0.29,0.16,-0.01,0.19,0,14.96,-0.08,-0.03
1363.46,0.29,0.17,-0.01,0.22,0,19.68,-0.08,-0.07
1363.48,0.29,0.18,-0.01,0.24,0,26.53,-0.08,-0.07
1363.51,0.29,0.17,-0.01,0.25,0,31.3,-0.08,-0.07
1363.53,0.29,0.17,-0.01,0.27,0,33.6,-0.09,-0.1
1363.56,0.29,0.17,-0.01,0.28,0,39.26,-0.09,-0.1
1363.58,0.29,0.18,-0.01,0.3,0,42.98,-0.09,-0.1
1363.61,0.29,0.17,-0.02,0.32,0,51.11,-0.09,-0.13
1363.63,0.29,0.18,-0.02,0.33,0,52.34,-0.09,-0.13
1363.66,0.29,0.18,-0.02,0.33,0,54.63,-0.09,-0.13
1363.68,0.29,0.17,-0.02,0.35,0,60.07,-0.09,-0.13
1363.71,0.29,0.17,-0.01,0.36,0,63.57,-0.09,-0.15
1363.73,0.29,0.17,-0.01,0.36,0,64.79,-0.09,-0.15
1363.76,0.29,0.17,-0.01,0.37,0,70.35,-0.09,-0.15
1363.78,0.29,0.17,-0.01,0.4,0,71.74,-0.09,-0.15
1363.81,0.29,0.17,-0.01,0.4,0,71.75,-0.09,-0.15
1363.83,0.29,0.17,-0.01,0.41,0,74.7,-0.09,-0.15
1363.86,0.29,0.17,-0.01,0.44,0,85.31,-0.09,-0.14
1363.88,0.29,0.17,-0.02,0.45,0,90.64,-0.09,-0.14
1363.91,0.29,0.17,-0.01,0.46,0,95.91,-0.09,-0.14
1363.93,0.29,0.17,-0.01,0.48,0,102.26,-0.09,-0.13
1363.96,0.29,0.17,-0.01,0.48,0,104.52,-0.09,-0.13
1363.98,0.29,0.17,-0.01,0.49,0,106.08,-0.09,-0.13
1364.01,0.29,0.17,-0.01,0.5,0,108.73,-0.09,-0.11
1364.03,0.29,0.17,-0.01,0.51,0,101.26,-0.09,-0.11
1364.06,0.29,0.17,-0.01,0.53,0,93.8,-0.09,-0.11
1364.08,0.29,0.17,-0.01,0.54,0,93.18,-0.09,-0.11
1364.11,0.29,0.17,-0.01,0.55,0,95.8,-0.09,-0.11
1364.13,0.29,0.17,-0.01,0.56,0,108.32,-0.09,-0.11
1364.15,0.29,0.17,-0.02,0.56,0,118.77,-0.09,-0.11
1364.18,0.29,0.17,-0.01,0.56,0,123.91,-0.09,-0.11
1364.2,0.29,0.17,-0.01,0.56,0,137.57,-0.09,-0.11
1364.23,0.29,0.17,-0.01,0.55,0,154.21,-0.09,-0.11
1364.26,0.29,0.17,-0.01,0.55,0,161.68,-0.09,-0.11
1364.28,0.29,0.17,-0.01,0.56,0,170.34,-0.09,-0.11
1364.3,0.29,0.17,-0.01,0.55,0,172.88,-0.09,-0.11
1364.33,0.29,0.17,-0.01,0.54,0,171.41,-0.09,-0.11
1364.35,0.29,0.17,-0.01,0.55,0,175.29,-0.09,-0.11
1364.38,0.29,0.17,-0.01,0.55,0,175.09,-0.09,-0.11
1364.41,0.29,0.17,-0.01,0.55,0,176.14,-0.09,-0.11
1364.43,0.29,0.17,-0.01,0.55,0,176.14,-0.09,-0.11
1364.45,0.29,0.17,-0.01,0.55,0,174.54,-0.09,-0.11
1364.48,0.29,0.17,-0.01,0.55,0,177.2,-0.09,-0.11
1364.5,0.29,0.17,-0.01,0.54,0,169.68,-0.09,-0.11
1364.53,0.29,0.17,-0.01,0.54,0,169.85,-0.09,-0.11
1364.55,0.29,0.17,-0.01,0.54,0,170.03,-0.09,-0.11
1364.58,0.29,0.17,-0.01,0.53,0,169.28,-0.09,-0.1
1364.6,0.29,0.17,-0.01,0.53,0,168.36,-0.09,-0.1
1364.63,0.29,0.17,-0,0.52,0,165.58,-0.09,-0.1
1364.65,0.29,0.18,-0.01,0.51,0,163.53,-0.09,-0.09
1364.68,0.29,0.18,-0.01,0.48,0,152.41,-0.09,-0.09
1364.7,0.29,0.17,-0.01,0.45,0,141.7,-0.09,-0.09
1364.73,0.29,0.17,-0.01,0.42,0,135.18,-0.09,-0.06
1364.75,0.29,0.17,-0.01,0.37,0,121.66,-0.09,-0.06
1364.78,0.29,0.17,-0.01,0.33,0,115.93,-0.09,-0.06
1364.8,0.29,0.17,-0.01,0.32,0,109.98,-0.09,0
1364.83,0.29,0.17,-0.01,0.3,0,96.84,-0.09,0
1364.85,0.29,0.17,-0.01,0.28,0,89.49,-0.09,0
1364.88,0.29,0.17,-0.01,0.26,0,84.86,-0.09,0
1364.9,0.29,0.17,-0.01,0.23,0,81.17,-0.09,0.04
1364.93,0.29,0.17,-0.01,0.22,0,75.24,-0.09,0.04
1364.95,0.29,0.17,-0.01,0.2,0,66.59,-0.09,0.04
1364.98,0.29,0.17,-0.02,0.19,0,64.2,-0.09,0.07
1365,0.29,0.17,-0.02,0.17,0,60.7,-0.09,0.07
1365.03,0.29,0.17,-0.02,0.15,0,53.58,-0.09,0.07
1365.05,0.29,0.17,-0.02,0.13,0,51.39,-0.09,0.09
1365.08,0.29,0.17,-0.02,0.12,0,49.64,-0.09,0.09
1365.1,0.29,0.17,-0.02,0.11,0,46.97,-0.09,0.09
1365.13,0.29,0.17,-0.02,0.11,0,44.63,-0.09,0.11
1365.15,0.29,0.17,-0.02,0.09,0,46.97,-0.09,0.11
1365.18,0.29,0.17,-0.02,0.08,0,45.72,-0.09,0.11
1365.2,0.29,0.17,-0.02,0.07,0,43.23,-0.09,0.13
1365.23,0.29,0.17,-0.02,0.07,0,34.83,-0.09,0.13
1365.25,0.29,0.17,-0.02,0.05,0,25.05,-0.09,0.13
1365.27,0.29,0.17,-0.02,0.05,0,25.39,-0.09,0.13
1365.3,0.29,0.17,-0.02,0.04,0,24.25,-0.09,0.14
1365.32,0.29,0.17,-0.02,0.04,0,11.56,-0.09,0.14
1365.35,0.29,0.17,-0.02,0.04,0,0,-0.09,0.14
1365.37,0.29,0.17,-0.02,0.04,0,0,-0.09,0.14
1365.39,0.29,0.17,-0.02,0.04,0,0,-0.09,0.12
1365.41,0.29,0.17,-0.02,0.04,0,0,-0.09,0.12
1365.43,0.29,0.17,-0.02,0.04,0,0,-0.09,0.12
1365.45,0.29,0.17,-0.02,0.04,0,0,-0.09,0.1
1365.48,0.29,0.17,-0.02,0.04,0,0,-0.09,0.1
1365.5,0.29,0.18,-0.02,0.04,0,0,-0.09,0.1
1365.52,0.29,0.18,-0.01,0.04,0,0,-0.09,0.1
1365.54,0.29,0.17,-0.02,0.04,0,0,-0.09,0.07
1365.56,0.29,0.17,-0.02,0.04,0,0,-0.09,0.07
1365.58,0.29,0.18,-0.02,0.04,0,0,-0.09,0.07
1365.6,0.29,0.18,-0.02,0.04,0,0,-0.09,0.05
1365.62,0.29,0.18,-0.02,0.03,0,0,-0.09,0.05
1365.65,0.29,0.18,-0.02,0.02,0,0,-0.09,0.05
1365.67,0.29,0.17,-0.02,0.01,0,0,-0.09,0.05
1365.69,0.29,0.17,-0.02,0.01,0,0,-0.09,0.05
1365.71,0.29,0.17,-0.02,0,0,0,-0.09,0.05
1365.73,0.29,0.17,-0.01,0,0,0,-0.09,0.05
1365.75,0.29,0.17,-0.02,0,0,0,-0.09,0.05
1365.78,0.29,0.17,-0.02,0,0,0,-0.09,0.05
1365.8,0.29,0.17,-0.02,0,0,0,-0.09,0.05
1365.82,0.29,0.17,-0.01,0,0,0,-0.09,0.05
1365.84,0.29,0.17,-0.02,0,0,0,-0.09,0.05
1365.86,0.29,0.17,-0.02,0,0,0,-0.09,0.05
1365.88,0.29,0.17,-0.02,0,0,0,-0.09,0.05
1365.9,0.29,0.17,-0.02,0,0,0,-0.09,0.05
1365.92,0.29,0.17,-0.02,0,0,0,-0.09,0.05
1365.95,0.29,0.17,-0.02,0,0,0,-0.09,0.05
1365.97,0.29,0.17,-0.02,0,0,0,-0.09,0.05
1365.99,0.29,0.17,-0.02,0,0,0,-0.09,0.05
1366.01,0.29,0.17,-0.01,0,0,0,-0.09,0.05
1366.03,0.29,0.17,-0.02,0,0,0,-0.09,0.05
1366.05,0.29,0.17,-0.02,0,0,0,-0.09,0.05
1366.07,0.29,0.17,-0.02,0,0,0,-0.09,0.05
1366.09,0.29,0.17,-0.02,0,0,0,-0.09,0.05
1366.12,0.29,0.17,-0.02,0,0,0,-0.09,0.04
1366.14,0.29,0.18,-0.02,0,0,0,-0.09,0.04
1366.16,0.29,0.17,-0.02,0,0,0,-0.09,0.04
1366.18,0.29,0.17,-0.02,0,0,0,-0.09,0.04
1366.2,0.29,0.18,-0.02,0,0,0,-0.09,0.04
1366.22,0.29,0.17,-0.02,0,0,0,-0.09,0.04
1366.24,0.29,0.17,-0.02,0,0,0,-0.09,0.04
1366.27,0.29,0.17,-0.02,0,0,0,-0.09,0.04
1366.29,0.29,0.17,-0.02,0,0,0,-0.09,0.04
1366.31,0.29,0.17,-0.02,0,0,0,-0.09,0.04
1366.33,0.29,0.17,-0.02,0,0,0,-0.09,0.04
1366.35,0.29,0.17,-0.02,0,0,0,-0.09,0.04
1366.37,0.29,0.17,-0.02,0,0,0,-0.09,0.04
1366.39,0.29,0.17,-0.02,0,0,0,-0.09,0.04
1366.42,0.29,0.17,-0.02,0,0,0,-0.09,0.04
1366.44,0.29,0.17,-0.02,0,0,0,-0.09,0.04
1366.46,0.29,0.17,-0.02,0,0,0,-0.09,0.04
1366.48,0.29,0.17,-0.02,0.04,0,0,-0.09,0.04
1366.5,0.29,0.17,-0.02,0.05,0,0,-0.09,0.02
1366.52,0.29,0.17,-0.02,0.07,0,0,-0.09,0.02
1366.54,0.29,0.17,-0.02,0.08,0,0,-0.09,0.02
1366.57,0.29,0.17,-0.02,0.1,0,1.18,-0.09,0.02
1366.59,0.29,0.17,-0.02,0.13,0,3.38,-0.09,-0.01
1366.62,0.29,0.17,-0.02,0.14,0,5.76,-0.09,-0.01
1366.64,0.29,0.17,-0.02,0.16,0,10.22,-0.09,-0.01
1366.67,0.29,0.17,-0.02,0.18,0,17.16,-0.09,-0.04
1366.69,0.29,0.17,-0.02,0.2,0,19.43,-0.09,-0.04
1366.72,0.29,0.17,-0.02,0.21,0,21.71,-0.09,-0.04
1366.74,0.29,0.17,-0.02,0.23,0,25.05,-0.09,-0.07
1366.77,0.29,0.17,-0.02,0.23,0,27.34,-0.09,-0.07
1366.79,0.29,0.17,-0.02,0.25,0,34.58,-0.09,-0.07
1366.82,0.29,0.17,-0.02,0.28,0,39.36,-0.09,-0.09
1366.84,0.29,0.17,-0.02,0.29,0,41.67,-0.09,-0.09
1366.87,0.29,0.17,-0.02,0.3,0,42.56,-0.09,-0.09
1366.89,0.29,0.17,-0.02,0.32,0,53.36,-0.09,-0.09
1366.92,0.29,0.17,-0.02,0.33,0,54.42,-0.09,-0.12
1366.94,0.29,0.17,-0.03,0.34,0,56.72,-0.09,-0.12
1366.97,0.29,0.17,-0.02,0.35,0,63.58,-0.09,-0.12
1366.99,0.29,0.17,-0.02,0.36,0,69.35,-0.09,-0.13
1367.02,0.29,0.17,-0.02,0.39,0,75.08,-0.09,-0.13
1367.04,0.29,0.17,-0.02,0.4,0,73.86,-0.09,-0.13
1367.07,0.29,0.17,-0.02,0.4,0,74.04,-0.09,-0.15
1367.09,0.29,0.17,-0.02,0.41,0,77.34,-0.09,-0.15
1367.11,0.29,0.17,-0.02,0.41,0,80.28,-0.09,-0.15
1367.14,0.29,0.17,-0.02,0.44,0,86.1,-0.09,-0.13
1367.17,0.29,0.17,-0.02,0.45,0,92.95,-0.09,-0.13
1367.19,0.29,0.17,-0.02,0.45,0,94.69,-0.09,-0.13
1367.22,0.29,0.17,-0.01,0.47,0,100.91,-0.09,-0.11
1367.24,0.29,0.17,-0.01,0.48,0,106.54,-0.09,-0.11
1367.26,0.29,0.17,-0.02,0.48,0,105.39,-0.09,-0.11
1367.29,0.29,0.17,-0.01,0.49,0,106.54,-0.09,-0.11
1367.32,0.29,0.17,-0,0.5,0,108.32,-0.09,-0.1
1367.34,0.29,0.17,-0.01,0.52,0,99.74,-0.09,-0.1
1367.36,0.29,0.17,-0.01,0.54,0,87.08,-0.09,-0.1
1367.39,0.29,0.17,-0.01,0.57,0,85.81,-0.09,-0.11
1367.41,0.29,0.17,-0.01,0.58,0,96.66,-0.09,-0.11
1367.44,0.29,0.17,-0.01,0.58,0,111.86,-0.09,-0.11
1367.46,0.29,0.17,-0.01,0.58,0,119.14,-0.09,-0.13
1367.49,0.29,0.17,-0.01,0.58,0,133.67,-0.09,-0.13
1367.51,0.29,0.17,-0.01,0.58,0,149.05,-0.09,-0.13
1367.54,0.29,0.17,-0.01,0.58,0,158.65,-0.09,-0.13
1367.56,0.29,0.17,-0.01,0.58,0,164.1,-0.09,-0.13
1367.59,0.29,0.18,-0.01,0.58,0,168.03,-0.09,-0.13
1367.61,0.29,0.18,-0.01,0.58,0,169.57,-0.09,-0.13
1367.64,0.29,0.18,-0.01,0.58,0,170.76,-0.09,-0.13
1367.66,0.29,0.18,-0.01,0.58,0,171.28,-0.09,-0.13
1367.69,0.29,0.18,-0.01,0.58,0,171.62,-0.09,-0.13
1367.71,0.29,0.18,-0.01,0.58,0,171.62,-0.09,-0.13
1367.74,0.29,0.18,-0.01,0.58,0,171.79,-0.09,-0.13
1367.76,0.29,0.18,-0.01,0.58,0,171.79,-0.09,-0.13
1367.79,0.29,0.18,-0.02,0.58,0,171.79,-0.09,-0.13
1367.81,0.29,0.18,-0.01,0.58,0,171.79,-0.09,-0.13
1367.84,0.29,0.18,-0.01,0.58,0,171.79,-0.09,-0.13
1367.86,0.29,0.18,-0.01,0.58,0,171.79,-0.09,-0.13
1367.89,0.29,0.18,-0.01,0.58,0,171.96,-0.09,-0.13
1367.91,0.29,0.18,-0.01,0.58,0,171.96,-0.09,-0.13
1367.94,0.29,0.18,-0,0.58,0,171.96,-0.09,-0.13
1367.96,0.29,0.18,-0.01,0.58,0,171.96,-0.09,-0.13
1367.99,0.29,0.18,-0.01,0.58,0,172.13,-0.09,-0.13
1368.01,0.29,0.18,-0.01,0.58,0,172.13,-0.09,-0.13
1368.04,0.29,0.18,-0.01,0.58,0,172.13,-0.09,-0.13
1368.06,0.29,0.18,-0.01,0.58,0,172.3,-0.09,-0.13
1368.09,0.29,0.18,-0.01,0.58,0,172.3,-0.09,-0.13
1368.11,0.29,0.18,-0.01,0.58,0,172.3,-0.09,-0.13
1368.14,0.29,0.18,-0.01,0.58,0,172.3,-0.09,-0.13
1368.16,0.29,0.18,-0.01,0.58,0,172.3,-0.09,-0.13
1368.19,0.29,0.18,-0.01,0.58,0,172.3,-0.09,-0.13
1368.21,0.29,0.18,-0.01,0.58,0,172.3,-0.09,-0.13
1368.24,0.29,0.18,-0.01,0.58,0,172.3,-0.09,-0.13
1368.26,0.29,0.18,-0.01,0.58,0,172.3,-0.09,-0.13
1368.29,0.29,0.18,-0.01,0.58,0,172.3,-0.09,-0.13
1368.31,0.29,0.18,-0.01,0.58,0,172.3,-0.09,-0.13
1368.34,0.29,0.18,-0.01,0.59,0,173.34,-0.09,-0.13
1368.36,0.29,0.18,-0.01,0.58,0,172.3,-0.09,-0.13
1368.39,0.29,0.18,-0.01,0.58,0,172.3,-0.09,-0.13
1368.41,0.29,0.18,-0.01,0.58,0,172.3,-0.09,-0.13
1368.44,0.29,0.18,-0.01,0.58,0,172.3,-0.09,-0.13
1368.46,0.29,0.18,-0.01,0.58,0,172.3,-0.09,-0.13
1368.48,0.29,0.18,-0.01,0.58,0,172.3,-0.09,-0.13
1368.51,0.29,0.18,-0.01,0.58,0,172.3,-0.09,-0.13
1368.54,0.29,0.18,-0.01,0.58,0,172.3,-0.09,-0.13
1368.56,0.29,0.18,-0.01,0.58,0,172.3,-0.09,-0.13
1368.59,0.29,0.18,-0.01,0.58,0,172.3,-0.09,-0.13
1368.61,0.29,0.18,-0.01,0.58,0,172.3,-0.09,-0.13
1368.63,0.29,0.18,-0.01,0.58,0,172.3,-0.09,-0.13
1368.66,0.29,0.18,-0.01,0.58,0,172.3,-0.09,-0.13
1368.69,0.29,0.18,-0.01,0.58,0,172.3,-0.09,-0.13
1368.71,0.29,0.18,-0.02,0.58,0,171.43,-0.09,-0.13
1368.74,0.29,0.18,-0.01,0.58,0,171.43,-0.09,-0.13
1368.76,0.29,0.18,-0.01,0.58,0,172.3,-0.09,-0.13
1368.78,0.29,0.18,-0.01,0.58,0,172.3,-0.09,-0.13
1368.81,0.29,0.18,-0.01,0.58,0,172.3,-0.09,-0.13
1368.84,0.29,0.18,-0.01,0.58,0,172.3,-0.09,-0.13
1368.86,0.29,0.18,-0.01,0.58,0,172.3,-0.09,-0.13
1368.88,0.29,0.18,-0.01,0.58,0,171.43,-0.09,-0.13
1368.91,0.29,0.18,-0.01,0.58,0,171.43,-0.09,-0.13
1368.93,0.29,0.18,-0.01,0.58,0,171.43,-0.09,-0.13
1368.96,0.29,0.18,-0.01,0.57,0,167.73,-0.09,-0.13
1368.99,0.29,0.18,-0.01,0.57,0,165.94,-0.09,-0.12
1369.01,0.29,0.18,-0.01,0.57,0,166.84,-0.09,-0.12
1369.03,0.29,0.18,-0.01,0.56,0,165.94,-0.09,-0.12
1369.06,0.29,0.18,-0.01,0.56,0,165.94,-0.09,-0.12
1369.08,0.29,0.18,-0.01,0.57,0,166.84,-0.09,-0.12
1369.11,0.29,0.18,-0.01,0.56,0,165.94,-0.09,-0.12
1369.14,0.29,0.18,-0.01,0.56,0,165.94,-0.09,-0.12
1369.16,0.29,0.18,-0.01,0.56,0,165.94,-0.09,-0.12
1369.18,0.29,0.18,-0.01,0.56,0,165.94,-0.09,-0.12
1369.21,0.29,0.18,-0.01,0.56,0,165.94,-0.09,-0.12
1369.23,0.29,0.18,-0.01,0.56,0,165.94,-0.09,-0.12
1369.26,0.29,0.18,-0.01,0.56,0,165.94,-0.09,-0.12
1369.28,0.29,0.18,-0.01,0.56,0,165.94,-0.09,-0.12
1369.31,0.29,0.18,-0.01,0.56,0,165.94,-0.09,-0.12
1369.33,0.29,0.18,-0.01,0.56,0,165.94,-0.09,-0.12
1369.36,0.29,0.18,-0.01,0.56,0,165.94,-0.09,-0.12
1369.38,0.29,0.18,-0.01,0.56,0,165.94,-0.09,-0.12
1369.41,0.29,0.18,-0.01,0.56,0,165.94,-0.09,-0.12
1369.43,0.29,0.18,-0.01,0.56,0,165.94,-0.09,-0.12
1369.46,0.29,0.18,-0.01,0.56,0,166.84,-0.09,-0.12
1369.48,0.29,0.18,-0,0.56,0,166.84,-0.09,-0.12
1369.51,0.29,0.18,-0.01,0.55,0,163.96,-0.09,-0.12
1369.53,0.29,0.18,-0.01,0.54,0,163.96,-0.09,-0.11
1369.56,0.29,0.18,-0,0.55,0,163.96,-0.09,-0.11
1369.58,0.29,0.18,-0.01,0.54,0,163.96,-0.09,-0.11
1369.61,0.29,0.18,-0.01,0.55,0,163.96,-0.09,-0.11
1369.63,0.29,0.18,-0.02,0.54,0,163.96,-0.09,-0.11
1369.66,0.29,0.18,-0.01,0.54,0,163.96,-0.09,-0.11
1369.68,0.29,0.18,-0.01,0.54,0,163.96,-0.09,-0.11
1369.71,0.29,0.18,-0.01,0.55,0,163.96,-0.09,-0.11
1369.73,0.29,0.18,-0.01,0.55,0,163.96,-0.09,-0.11
1369.76,0.29,0.18,-0.01,0.55,0,163.96,-0.09,-0.11
1369.78,0.29,0.18,-0.01,0.54,0,163.96,-0.09,-0.11
1369.81,0.29,0.18,-0.01,0.55,0,163.96,-0.09,-0.11
1369.83,0.29,0.18,-0.01,0.54,0,163.96,-0.09,-0.11
1369.86,0.29,0.18,-0.01,0.54,0,163.96,-0.09,-0.11
1369.88,0.29,0.18,-0.01,0.54,0,163.96,-0.09,-0.11
1369.91,0.29,0.18,-0.01,0.55,0,163.96,-0.09,-0.11
1369.93,0.29,0.18,-0.01,0.55,0,163.96,-0.09,-0.11
1369.96,0.29,0.18,-0.01,0.55,0,163.96,-0.09,-0.11
1369.98,0.29,0.18,-0.01,0.54,0,163.96,-0.09,-0.11
1370.01,0.29,0.18,-0.01,0.54,0,163.96,-0.09,-0.11
1370.03,0.29,0.18,-0.01,0.55,0,164.87,-0.09,-0.11
1370.06,0.29,0.18,-0.01,0.54,0,163.96,-0.09,-0.11
1370.08,0.29,0.18,-0.01,0.54,0,163.96,-0.09,-0.11
1370.11,0.29,0.18,-0.01,0.54,0,163.96,-0.09,-0.11
1370.13,0.29,0.18,-0.01,0.54,0,163.96,-0.09,-0.11
1370.15,0.29,0.18,-0.01,0.54,0,163.05,-0.09,-0.11
1370.18,0.29,0.18,-0.01,0.54,0,162.14,-0.09,-0.11
1370.21,0.29,0.18,-0.01,0.54,0,162.14,-0.09,-0.11
1370.23,0.29,0.18,-0.01,0.54,0,161.05,-0.09,-0.11
1370.26,0.29,0.18,-0.01,0.54,0,162.14,-0.09,-0.1
1370.28,0.29,0.18,-0.01,0.54,0,162.14,-0.09,-0.1
1370.3,0.29,0.18,-0.01,0.53,0,160.13,-0.09,-0.1
1370.33,0.29,0.18,-0.01,0.53,0,159.2,-0.09,-0.1
1370.36,0.29,0.18,-0.01,0.53,0,159.2,-0.09,-0.1
1370.38,0.29,0.18,-0.01,0.53,0,158.1,-0.09,-0.1
1370.41,0.29,0.18,-0.01,0.53,0,158.1,-0.09,-0.1
1370.43,0.29,0.18,-0.01,0.53,0,158.1,-0.09,-0.1
1370.45,0.29,0.18,-0.01,0.53,0,158.1,-0.09,-0.1
1370.48,0.29,0.18,-0.01,0.52,0,155.11,-0.09,-0.1
1370.51,0.29,0.18,-0.02,0.52,0,155.11,-0.09,-0.1
1370.53,0.29,0.18,-0.01,0.52,0,155.11,-0.09,-0.1
1370.55,0.29,0.18,-0.01,0.52,0,155.11,-0.09,-0.1
1370.58,0.29,0.18,-0.01,0.52,0,155.11,-0.09,-0.1
1370.6,0.29,0.18,-0.01,0.52,0,155.11,-0.09,-0.1
1370.63,0.29,0.18,-0.01,0.52,0,155.28,-0.09,-0.1
1370.66,0.29,0.18,-0.01,0.52,0,156.4,-0.09,-0.1
1370.68,0.29,0.18,-0.01,0.52,0,155.28,-0.09,-0.1
1370.7,0.29,0.18,-0.01,0.52,0,155.28,-0.09,-0.1
1370.73,0.29,0.18,-0.01,0.51,0,153.39,-0.09,-0.1
1370.75,0.29,0.18,-0,0.51,0,152.26,-0.09,-0.1
1370.78,0.29,0.18,-0.01,0.51,0,152.26,-0.09,-0.1
1370.8,0.29,0.18,-0.01,0.51,0,151.31,-0.09,-0.09
1370.83,0.29,0.18,-0.01,0.5,0,150.34,-0.09,-0.09
1370.85,0.29,0.18,-0.01,0.49,0,143.98,-0.09,-0.09
1370.88,0.29,0.18,-0.01,0.49,0,147.27,-0.09,-0.09
1370.9,0.29,0.18,-0.01,0.48,0,144.15,-0.09,-0.08
1370.93,0.29,0.18,-0.01,0.48,0,146.29,-0.09,-0.08
1370.95,0.29,0.18,-0.01,0.46,0,137.84,-0.09,-0.08
1370.98,0.29,0.18,-0.01,0.44,0,130.2,-0.09,-0.06
1371,0.29,0.18,-0.01,0.44,0,129.17,-0.09,-0.06
1371.03,0.29,0.18,-0.01,0.42,0,126.93,-0.09,-0.06
1371.05,0.29,0.17,-0,0.41,0,121.2,-0.09,-0.05
1371.08,0.29,0.18,-0.02,0.4,0,119.1,-0.09,-0.05
1371.1,0.29,0.17,-0.02,0.38,0,114.51,-0.09,-0.05
1371.13,0.29,0.17,-0.02,0.37,0,112.38,-0.09,-0.03
1371.15,0.29,0.17,-0.02,0.35,0,109.89,-0.09,-0.03
1371.18,0.29,0.17,-0.03,0.33,0,99.29,-0.09,-0.03
1371.2,0.29,0.17,-0.02,0.31,0,94.75,-0.09,0
1371.23,0.29,0.17,-0.02,0.3,0,88.74,-0.09,0
1371.25,0.29,0.17,-0.02,0.29,0,86.37,-0.09,0
1371.28,0.29,0.17,-0.02,0.27,0,77.95,-0.09,0
1371.3,0.29,0.17,-0.02,0.26,0,75.56,-0.09,0.03
1371.33,0.29,0.17,-0.02,0.24,0,74.46,-0.09,0.03
1371.35,0.29,0.17,-0.02,0.24,0,73.18,-0.09,0.03
1371.38,0.29,0.17,-0.02,0.23,0,72.07,-0.09,0.05
1371.4,0.29,0.17,-0.02,0.23,0,72.24,-0.09,0.05
1371.43,0.29,0.17,-0.03,0.22,0,67.13,-0.09,0.05
1371.45,0.29,0.17,-0.03,0.21,0,66.03,-0.09,0.06
1371.48,0.29,0.17,-0.03,0.19,0,57.29,-0.09,0.06
1371.5,0.29,0.17,-0.03,0.18,0,54.93,-0.09,0.06
1371.53,0.29,0.17,-0.03,0.17,0,54.76,-0.09,0.08
1371.55,0.29,0.17,-0.03,0.15,0,50.98,-0.09,0.08
1371.58,0.29,0.17,-0.03,0.14,0,47.38,-0.09,0.08
1371.6,0.29,0.17,-0.03,0.13,0,45.04,-0.09,0.1
1371.63,0.29,0.17,-0.03,0.13,0,41.47,-0.09,0.1
1371.65,0.29,0.18,-0.03,0.11,0,41.64,-0.09,0.1
1371.67,0.29,0.18,-0.03,0.1,0,39.17,-0.09,0.1
1371.7,0.29,0.18,-0.03,0.09,0,36.7,-0.09,0.12
1371.72,0.29,0.18,-0.03,0.08,0,28.51,-0.09,0.12
1371.75,0.29,0.18,-0.03,0.07,0,21.96,-0.09,0.12
1371.78,0.29,0.18,-0.03,0.07,0,18.52,-0.09,0.12
1371.8,0.29,0.17,-0.03,0.06,0,4.42,-0.09,0.12
1371.82,0.29,0.18,-0.02,0.05,0,0,-0.09,0.12
1371.84,0.29,0.18,-0.02,0.04,0,0,-0.09,0.12
1371.86,0.29,0.18,-0.02,0.04,0,0,-0.09,0.12
1371.88,0.29,0.17,-0.02,0.04,0,0,-0.09,0.12
1371.91,0.29,0.17,-0.02,0.04,0,0,-0.09,0.12
1371.93,0.3,0.17,-0.02,0.04,0,0,-0.09,0.1
1371.95,0.3,0.17,-0.02,0.04,0,0,-0.09,0.1
1371.97,0.3,0.17,-0.03,0.04,0,0,-0.09,0.1
1371.99,0.3,0.17,-0.02,0.04,0,0,-0.09,0.1
1372.01,0.29,0.17,-0.02,0.03,0,0,-0.09,0.08
1372.03,0.3,0.17,-0.02,0.01,0,0,-0.09,0.08
1372.06,0.3,0.17,-0.02,0,0,0,-0.09,0.08
1372.08,0.3,0.17,-0.02,0,0,0,-0.09,0.08
1372.1,0.3,0.16,-0.02,0,0,0,-0.09,0.08
1372.12,0.3,0.17,-0.02,0,0,0,-0.09,0.08
1372.14,0.3,0.17,-0.02,0,0,0,-0.09,0.08
1372.16,0.3,0.16,-0.02,0,0,0,-0.09,0.08
1372.18,0.31,0.15,-0.02,0,0,0,-0.08,0.07
1372.21,0.3,0.15,-0.02,0,0,0,-0.08,0.07
1372.23,0.31,0.15,-0.02,0,0,0,-0.08,0.07
1372.25,0.31,0.14,-0.02,0,0,0,-0.08,0.06
1372.27,0.31,0.14,-0.01,0,0,0,-0.08,0.06
1372.29,0.31,0.13,-0.02,0,0,0,-0.08,0.06
1372.31,0.31,0.14,-0.02,0,0,0,-0.08,0.06
1372.33,0.31,0.14,-0.02,0,0,0,-0.07,0.06
1372.36,0.31,0.13,-0.02,0,0,0,-0.07,0.06
1372.38,0.31,0.13,-0.02,0,0,0,-0.07,0.06
1372.4,0.31,0.14,-0.02,0,0,0,-0.07,0.05
1372.42,0.31,0.13,-0.02,0,0,0,-0.07,0.05
1372.44,0.32,0.13,-0.02,0,0,0,-0.07,0.05
1372.46,0.31,0.13,-0.02,0,0,0,-0.07,0.05
1372.48,0.32,0.13,-0.02,0,0,0,-0.07,0.05
1372.5,0.31,0.13,-0.02,0,0,0,-0.07,0.05
1372.53,0.32,0.13,-0.02,0,0,0,-0.07,0.05
1372.55,0.32,0.13,-0.02,0,0,0,-0.07,0.05
1372.57,0.32,0.13,-0.02,0,0,0,-0.07,0.05
1372.59,0.32,0.13,-0.02,0,0,0,-0.06,0.05
1372.61,0.32,0.12,-0.02,0,0,0,-0.06,0.05
1372.63,0.32,0.13,-0.02,0,0,0,-0.06,0.05
1372.65,0.32,0.13,-0.02,0,0,0,-0.06,0.04
1372.68,0.31,0.13,-0.02,0,0,0,-0.06,0.04
1372.7,0.31,0.13,-0.02,0,0,0,-0.06,0.04
1372.72,0.32,0.13,-0.02,0,0,0,-0.06,0.04
1372.74,0.32,0.13,-0.02,0,0,0,-0.06,0.04
1372.76,0.32,0.12,-0.02,0,0,0,-0.06,0.04
1372.78,0.32,0.12,-0.02,0,0,0,-0.06,0.04
1372.8,0.32,0.13,-0.02,0,0,0,-0.06,0.04
1372.83,0.32,0.13,-0.02,0,0,0,-0.06,0.04
1372.85,0.32,0.13,-0.02,0,0,0,-0.06,0.04
1372.87,0.32,0.13,-0.02,0,0,0,-0.06,0.04
1372.89,0.32,0.13,-0.02,0,0,0,-0.06,0.04
1372.91,0.32,0.13,-0.02,0,0,0,-0.06,0.04
1372.93,0.32,0.13,-0.02,0,0,0,-0.06,0.04
1372.95,0.32,0.14,-0.02,0,0,0,-0.06,0.04
1372.97,0.32,0.13,-0.02,0,0,0,-0.07,0.04
1373,0.32,0.13,-0.02,0,0,0,-0.07,0.04
1373.02,0.31,0.13,-0.02,0,0,0,-0.07,0.04
1373.04,0.32,0.14,-0.02,0,0,0,-0.07,0.04
1373.06,0.32,0.14,-0.02,0,0,0,-0.07,0.04
1373.08,0.31,0.14,-0.02,0,0,0,-0.07,0.04
1373.1,0.31,0.14,-0.02,0,0,0,-0.07,0.04
1373.12,0.31,0.14,-0.02,0,0,0,-0.07,0.04
1373.15,0.31,0.14,-0.02,0,0,0,-0.07,0.04
1373.17,0.31,0.15,-0.02,0,0,0,-0.07,0.04
1373.19,0.32,0.14,-0.02,0,0,0,-0.07,0.04
1373.21,0.31,0.14,-0.02,0,0,0,-0.07,0.04
1373.23,0.31,0.14,-0.02,0.02,0,0,-0.07,0.04
1373.25,0.31,0.15,-0.02,0.03,0,0,-0.07,0.04
1373.27,0.31,0.15,-0.02,0.05,0,0,-0.07,0.04
1373.29,0.31,0.15,-0.02,0.06,0,0,-0.07,0.04
1373.32,0.32,0.14,-0.02,0.08,0,0,-0.07,0.01
1373.34,0.31,0.14,-0.02,0.09,0,0.67,-0.07,0.01
1373.36,0.31,0.13,-0.02,0.11,0,2.87,-0.07,0.01
1373.39,0.32,0.14,-0.02,0.14,0,9.71,-0.07,-0.02
1373.42,0.32,0.15,-0.02,0.17,0,16.65,-0.07,-0.02
1373.44,0.32,0.15,-0.02,0.18,0,17.69,-0.07,-0.02
1373.47,0.32,0.15,-0.03,0.21,0,23.65,-0.07,-0.05
1373.49,0.32,0.15,-0.03,0.23,0,24.53,-0.07,-0.05
1373.51,0.32,0.15,-0.03,0.23,0,25.76,-0.07,-0.05
1373.54,0.32,0.15,-0.03,0.25,0,31.76,-0.08,-0.08
1373.56,0.32,0.15,-0.03,0.27,0,37.6,-0.08,-0.08
1373.59,0.32,0.15,-0.03,0.29,0,42.21,-0.08,-0.08
1373.62,0.32,0.15,-0.03,0.31,0,44.69,-0.08,-0.11
1373.64,0.32,0.16,-0.03,0.32,0,51.6,-0.08,-0.11
1373.66,0.32,0.16,-0.03,0.33,0,56.37,-0.08,-0.11
1373.69,0.32,0.16,-0.02,0.35,0,60.94,-0.08,-0.11
1373.71,0.32,0.16,-0.02,0.36,0,66.55,-0.08,-0.14
1373.74,0.32,0.17,-0.02,0.37,0,71.08,-0.08,-0.14
1373.76,0.32,0.17,-0.02,0.38,0,72.12,-0.08,-0.14
1373.79,0.32,0.17,-0.03,0.4,0,73.34,-0.09,-0.15
1373.81,0.32,0.17,-0.02,0.4,0,74.55,-0.09,-0.15
1373.84,0.32,0.17,-0.02,0.41,0,74.55,-0.09,-0.15
1373.86,0.32,0.17,-0.02,0.41,0,78.18,-0.09,-0.14
1373.89,0.32,0.17,-0.02,0.44,0,84.38,-0.09,-0.14
1373.91,0.32,0.17,-0.02,0.44,0,85.78,-0.09,-0.14
1373.94,0.32,0.17,-0.02,0.44,0,89.88,-0.09,-0.13
1373.96,0.32,0.17,-0.02,0.45,0,94.69,-0.09,-0.13
1373.99,0.32,0.17,-0.02,0.45,0,97.44,-0.09,-0.13
1374.01,0.32,0.18,-0.02,0.46,0,99.14,-0.09,-0.1
1374.04,0.32,0.17,-0.02,0.46,0,97,-0.09,-0.1
1374.06,0.31,0.18,-0.02,0.48,0,99.89,-0.09,-0.1
1374.09,0.31,0.18,-0.02,0.48,0,99.66,-0.09,-0.1
1374.11,0.32,0.17,-0.02,0.48,0,97.8,-0.09,-0.08
1374.14,0.32,0.18,-0.02,0.48,0,85.77,-0.09,-0.08
1374.16,0.31,0.18,-0.02,0.5,0,77.77,-0.09,-0.08
1374.19,0.32,0.18,-0.02,0.52,0,75.54,-0.09,-0.08
1374.21,0.32,0.18,-0.02,0.51,0,84.64,-0.09,-0.08
1374.24,0.32,0.18,-0.02,0.51,0,104.37,-0.09,-0.08
1374.26,0.32,0.18,-0.02,0.52,0,125.49,-0.09,-0.09
1374.29,0.32,0.18,-0.02,0.52,0,143.76,-0.09,-0.09
1374.31,0.32,0.18,-0.02,0.52,0,162.12,-0.09,-0.09
1374.34,0.32,0.18,-0.02,0.51,0,170.71,-0.09,-0.09
1374.36,0.32,0.18,-0.01,0.51,0,175.22,-0.09,-0.09
1374.39,0.32,0.18,-0.02,0.51,0,177.12,-0.09,-0.09
1374.41,0.32,0.18,-0.02,0.51,0,177.82,-0.09,-0.09
1374.44,0.32,0.18,-0.02,0.51,0,177.99,-0.09,-0.09
1374.46,0.32,0.18,-0.02,0.51,0,178.34,-0.09,-0.09
1374.48,0.32,0.18,-0.02,0.51,0,178.34,-0.09,-0.09
1374.51,0.32,0.18,-0.02,0.51,0,178.34,-0.09,-0.09
1374.54,0.32,0.18,-0.02,0.51,0,178.34,-0.09,-0.09
1374.56,0.32,0.18,-0.02,0.51,0,178.51,-0.09,-0.09
1374.59,0.32,0.18,-0.02,0.51,0,178.51,-0.09,-0.09
1374.61,0.32,0.18,-0.02,0.51,0,178.51,-0.09,-0.09
1374.63,0.32,0.18,-0.02,0.51,0,178.51,-0.09,-0.09
1374.66,0.32,0.18,-0.02,0.51,0,178.51,-0.09,-0.09
1374.68,0.32,0.18,-0.02,0.51,0,178.51,-0.09,-0.09
1374.71,0.32,0.18,-0.02,0.51,0,178.51,-0.09,-0.09
1374.74,0.32,0.18,-0.02,0.51,0,178.51,-0.09,-0.09
1374.76,0.32,0.18,-0.02,0.51,0,178.51,-0.09,-0.09
1374.78,0.32,0.18,-0.02,0.51,0,178.51,-0.09,-0.09
1374.81,0.32,0.18,-0.02,0.51,0,178.51,-0.09,-0.09
1374.83,0.32,0.18,-0.02,0.51,0,178.51,-0.09,-0.09
1374.86,0.32,0.19,-0.02,0.51,0,178.51,-0.09,-0.09
1374.88,0.32,0.19,-0.02,0.51,0,178.51,-0.09,-0.09
1374.91,0.32,0.19,-0.02,0.51,0,178.51,-0.09,-0.09
1374.93,0.32,0.19,-0.02,0.51,0,178.51,-0.09,-0.09
1374.96,0.32,0.19,-0.02,0.51,0,178.51,-0.09,-0.09
1374.98,0.32,0.19,-0.02,0.51,0,178.51,-0.09,-0.09
1375.01,0.32,0.19,-0.02,0.51,0,178.51,-0.09,-0.09
1375.03,0.32,0.19,-0.02,0.52,0,179.61,-0.09,-0.09
1375.06,0.32,0.18,-0.02,0.51,0,178.51,-0.09,-0.09
1375.08,0.32,0.18,-0.01,0.51,0,178.51,-0.09,-0.09
1375.11,0.32,0.18,-0.02,0.51,0,178.51,-0.09,-0.09
1375.13,0.32,0.18,-0.01,0.51,0,178.51,-0.09,-0.09
1375.16,0.32,0.18,-0.02,0.51,0,178.51,-0.09,-0.09
1375.18,0.32,0.18,-0,0.51,0,178.51,-0.09,-0.09
1375.21,0.32,0.18,-0.02,0.51,0,178.51,-0.09,-0.09
1375.23,0.32,0.18,-0.02,0.51,0,178.51,-0.09,-0.09
1375.26,0.32,0.18,-0.02,0.51,0,178.51,-0.09,-0.09
1375.28,0.32,0.18,-0.02,0.51,0,178.51,-0.09,-0.09
1375.31,0.32,0.18,-0.02,0.51,0,178.51,-0.09,-0.09
1375.33,0.32,0.18,-0.02,0.51,0,178.51,-0.09,-0.09
1375.36,0.32,0.18,-0.02,0.51,0,178.51,-0.09,-0.09
1375.38,0.32,0.18,-0.02,0.51,0,178.51,-0.09,-0.09
1375.41,0.32,0.18,-0.02,0.51,0,178.51,-0.09,-0.09
1375.43,0.31,0.18,-0.02,0.51,0,178.51,-0.09,-0.09
1375.46,0.32,0.18,-0.02,0.51,0,178.51,-0.09,-0.09
1375.48,0.32,0.18,-0.02,0.51,0,178.51,-0.09,-0.09
1375.51,0.32,0.18,-0.02,0.5,0,176.64,-0.09,-0.09
1375.53,0.32,0.18,-0.02,0.49,0,174.58,-0.09,-0.08
1375.56,0.32,0.18,-0.02,0.48,0,173.63,-0.09,-0.08
1375.58,0.32,0.18,-0.02,0.49,0,175.53,-0.09,-0.08
1375.61,0.32,0.18,-0.02,0.48,0,174.58,-0.09,-0.08
1375.63,0.32,0.18,-0.02,0.47,0,166.36,-0.09,-0.08
1375.66,0.31,0.18,-0.02,0.45,0,154.5,-0.09,-0.08
1375.68,0.32,0.18,-0.02,0.44,0,152.45,-0.09,-0.08
1375.71,0.32,0.18,-0.02,0.43,0,150.4,-0.09,-0.05
1375.73,0.32,0.18,-0.02,0.42,0,148.32,-0.09,-0.05
1375.76,0.32,0.18,-0.02,0.38,0,136.91,-0.09,-0.05
1375.78,0.32,0.18,-0.02,0.34,0,128.84,-0.09,-0.02
1375.81,0.32,0.18,-0.02,0.33,0,127.57,-0.09,-0.02
1375.83,0.31,0.18,-0.02,0.32,0,119.37,-0.09,-0.02
1375.86,0.32,0.18,-0.02,0.29,0,108.49,-0.09,0.01
1375.88,0.32,0.18,-0.02,0.27,0,98.8,-0.09,0.01
1375.9,0.32,0.18,-0.02,0.24,0,92.63,-0.09,0.01
1375.93,0.32,0.18,-0.02,0.23,0,89.06,-0.09,0.05
1375.96,0.32,0.18,-0.02,0.22,0,85.49,-0.09,0.05
1375.98,0.32,0.18,-0.02,0.21,0,79.32,-0.09,0.05
1376.01,0.32,0.18,-0.02,0.21,0,79.48,-0.09,0.07
1376.03,0.32,0.18,-0.02,0.2,0,76.88,-0.09,0.07
1376.05,0.32,0.18,-0.02,0.19,0,74.45,-0.09,0.07
1376.08,0.32,0.18,-0.02,0.16,0,64.77,-0.09,0.07
1376.1,0.32,0.18,-0.02,0.15,0,63.49,-0.09,0.09
1376.13,0.32,0.18,-0.02,0.13,0,62.37,-0.09,0.09
1376.15,0.32,0.18,-0.02,0.13,0,61.25,-0.09,0.09
1376.18,0.32,0.18,-0.02,0.11,0,57.75,-0.09,0.11
1376.2,0.32,0.18,-0.02,0.09,0,53,-0.09,0.11
1376.23,0.32,0.18,-0.02,0.08,0,49.71,-0.09,0.11
1376.25,0.32,0.18,-0.02,0.06,0,47.37,-0.09,0.13
1376.28,0.32,0.18,-0.02,0.04,0,33.94,-0.09,0.13
1376.3,0.32,0.18,-0.02,0.04,0,23.86,-0.09,0.13
1376.33,0.32,0.18,-0.02,0.03,0,18.29,-0.09,0.14
1376.35,0.32,0.18,-0.02,0.02,0,4.94,-0.09,0.14
1376.37,0.32,0.18,-0.02,0.01,0,0,-0.09,0.14
1376.4,0.32,0.18,-0.02,0,0,0,-0.09,0.14
1376.42,0.32,0.18,-0.02,0,0,0,-0.09,0.14
1376.44,0.32,0.18,-0.02,0,0,0,-0.09,0.14
1376.46,0.32,0.18,-0.02,0,0,0,-0.09,0.14
1376.48,0.32,0.18,-0.02,0,0,0,-0.09,0.14
1376.5,0.32,0.18,-0.02,0,0,0,-0.09,0.12
1376.52,0.32,0.18,-0.02,0,0,0,-0.09,0.12
1376.54,0.32,0.18,-0.02,0,0,0,-0.09,0.12
1376.57,0.33,0.18,-0.02,0,0,0,-0.09,0.12
1376.59,0.33,0.18,-0.01,0,0,0,-0.09,0.1
1376.61,0.33,0.18,-0.02,0,0,0,-0.09,0.1
1376.63,0.33,0.18,-0.02,0,0,0,-0.09,0.1
1376.65,0.33,0.18,-0.02,0,0,0,-0.09,0.07
1376.67,0.33,0.18,-0.02,0,0,0,-0.09,0.07
1376.69,0.33,0.17,-0.02,0,0,0,-0.09,0.07
1376.71,0.33,0.17,-0.02,0,0,0,-0.09,0.07
1376.74,0.33,0.17,-0.02,0,0,0,-0.08,0.05
1376.76,0.33,0.17,-0.02,0,0,0,-0.08,0.05
1376.78,0.33,0.17,-0.03,0,0,0,-0.08,0.05
1376.8,0.33,0.17,-0.02,0,0,0,-0.09,0.03
1376.82,0.33,0.17,-0.02,0,0,0,-0.09,0.03
1376.84,0.33,0.18,-0.02,0,0,0,-0.09,0.03
1376.86,0.33,0.18,-0.02,0,0,0,-0.09,0.03
1376.89,0.33,0.18,-0.02,0,0,0,-0.09,0.03
1376.91,0.33,0.18,-0.03,0,0,0,-0.09,0.03
1376.93,0.34,0.17,-0.02,0,0,0,-0.09,0.03
1376.95,0.34,0.17,-0.02,0,0,0,-0.09,0.03
1376.97,0.34,0.18,-0.02,0,0,0,-0.09,0.03
1376.99,0.34,0.17,-0.02,0,0,0,-0.09,0.03
1377.01,0.34,0.17,-0.02,0,0,0,-0.09,0.03
1377.04,0.34,0.17,-0.02,0,0,0,-0.09,0.03
1377.06,0.34,0.17,-0.02,0,0,0,-0.09,0.03
1377.08,0.34,0.16,-0.02,0,0,0,-0.09,0.03
1377.1,0.34,0.17,-0.02,0,0,0,-0.09,0.03
1377.12,0.34,0.17,-0.02,0,0,0,-0.09,0.03
1377.14,0.34,0.17,-0.02,0,0,0,-0.09,0.03
1377.16,0.34,0.17,-0.02,0,0,0,-0.09,0.03
1377.19,0.34,0.17,-0.02,0,0,0,-0.09,0.03
1377.21,0.34,0.17,-0.02,0,0,0,-0.09,0.03
1377.23,0.34,0.16,-0.02,0,0,0,-0.09,0.03
1377.25,0.34,0.15,-0.02,0,0,0,-0.09,0.03
1377.27,0.34,0.14,-0.02,0,0,0,-0.09,0.03
1377.29,0.34,0.14,-0.02,0,0,0,-0.09,0.03
1377.31,0.34,0.13,-0.02,0,0,0,-0.07,0.03
1377.34,0.34,0.13,-0.02,0,0,0,-0.07,0.03
1377.36,0.34,0.13,-0.02,0,0,0,-0.07,0.03
1377.38,0.34,0.13,-0.02,0,0,0,-0.07,0.03
1377.4,0.34,0.13,-0.02,0,0,0,-0.07,0.03
1377.42,0.34,0.13,-0.02,0,0,0,-0.07,0.03
1377.44,0.34,0.13,-0.03,0,0,0,-0.07,0.03
1377.46,0.34,0.13,-0.02,0,0,0,-0.07,0.03
1377.48,0.34,0.13,-0.02,0,0,0,-0.07,0.03
1377.51,0.34,0.12,-0.02,0,0,0,-0.07,0.03
1377.53,0.34,0.12,-0.02,0,0,0,-0.06,0.03
1377.55,0.34,0.12,-0.02,0,0,0,-0.06,0.03
1377.57,0.34,0.12,-0.02,0,0,0,-0.06,0.03
1377.59,0.34,0.13,-0.02,0,0,0,-0.06,0.03
1377.61,0.34,0.13,-0.02,0,0,0,-0.06,0.03
1377.63,0.34,0.13,-0.02,0,0,0,-0.06,0.03
1377.66,0.34,0.12,-0.02,0,0,0,-0.06,0.03
1377.68,0.34,0.12,-0.02,0,0,0,-0.06,0.03
1377.7,0.34,0.13,-0.02,0,0,0,-0.06,0.03
1377.72,0.34,0.12,-0.02,0,0,0,-0.06,0.03
1377.74,0.34,0.12,-0.02,0,0,0,-0.06,0.03
1377.76,0.34,0.13,-0.02,0,0,0,-0.06,0.03
1377.78,0.34,0.13,-0.02,0,0,0,-0.06,0.03
1377.81,0.34,0.13,-0.02,0,0,0,-0.06,0.03
1377.83,0.34,0.13,-0.02,0,0,0,-0.06,0.03
1377.85,0.34,0.13,-0.02,0,0,0,-0.06,0.03
1377.87,0.34,0.13,-0.02,0,0,0,-0.06,0.03
1377.89,0.34,0.13,-0.02,0,0,0,-0.06,0.03
1377.91,0.34,0.13,-0.02,0,0,0,-0.06,0.03
1377.93,0.34,0.13,-0.02,0,0,0,-0.06,0.03
1377.96,0.34,0.1,-0.02,0,0,0,-0.06,0.03
1377.98,0.34,0.13,-0.02,0,0,0,-0.06,0.03
1378,0.35,0.12,-0.02,0,0,0,-0.07,0.03
1378.02,0.35,0.12,-0.02,0,0,0,-0.07,0.03
1378.04,0.35,0.12,-0.02,0,0,0,-0.07,0.03
1378.06,0.35,0.12,-0.02,0,0,0,-0.07,0.03
1378.08,0.35,0.12,-0.02,0,0,0,-0.07,0.03
1378.11,0.35,0.12,-0.02,0,0,0,-0.06,0.03
1378.13,0.35,0.12,-0.02,0,0,0,-0.06,0.03
1378.15,0.35,0.12,-0.02,0,0,0,-0.06,0.03
1378.17,0.35,0.12,-0.02,0,0,0,-0.06,0.03
1378.19,0.35,0.12,-0.02,0,0,0,-0.06,0.03
1378.21,0.35,0.12,-0.02,0,0,0,-0.06,0.03
1378.23,0.35,0.12,-0.02,0,0,0,-0.06,0.03
1378.26,0.35,0.12,-0.02,0,0,0,-0.06,0.03
1378.28,0.35,0.12,-0.02,0,0,0,-0.06,0.03
1378.3,0.35,0.12,-0.02,0,0,0,-0.06,0.03
1378.32,0.35,0.12,-0.02,0,0,0,-0.06,0.03
1378.34,0.35,0.12,-0.02,0,0,0,-0.06,0.03
1378.36,0.35,0.12,-0.02,0,0,0,-0.06,0.03
1378.38,0.35,0.12,-0.02,0,0,0,-0.06,0.03
1378.41,0.35,0.12,-0.02,0,0,0,-0.06,0.03
1378.43,0.35,0.12,-0.02,0,0,0,-0.06,0.03
1378.45,0.35,0.12,-0.02,0,0,0,-0.06,0.03
1378.47,0.35,0.12,-0.02,0,0,0,-0.06,0.03
1378.49,0.35,0.12,-0.02,0,0,0,-0.06,0.03
1378.51,0.35,0.12,-0.02,0,0,0,-0.06,0.03
1378.53,0.35,0.12,-0.02,0,0,0,-0.06,0.03
1378.55,0.35,0.13,-0.02,0,0,0,-0.06,0.03
1378.58,0.35,0.13,-0.02,0,0,0,-0.06,0.03
1378.6,0.35,0.13,-0.02,0,0,0,-0.06,0.03
1378.62,0.35,0.13,-0.02,0,0,0,-0.06,0.03
1378.64,0.35,0.13,-0.02,0,0,0,-0.06,0.03
1378.66,0.35,0.13,-0.02,0,0,0,-0.07,0.03
1378.68,0.35,0.13,-0.02,0,0,0,-0.07,0.03
1378.7,0.35,0.13,-0.02,0,0,0,-0.07,0.03
1378.73,0.35,0.13,-0.02,0,0,0,-0.07,0.03
1378.75,0.35,0.13,-0.02,0,0,0,-0.07,0.03
1378.77,0.35,0.13,-0.02,0,0,0,-0.07,0.03
1378.79,0.35,0.13,-0.02,0,0,0,-0.07,0.03
1378.81,0.35,0.13,-0.02,0,0,0,-0.06,0.03
1378.83,0.35,0.13,-0.02,0,0,0,-0.06,0.03
1378.85,0.35,0.13,-0.02,0,0,0,-0.06,0.03
1378.87,0.35,0.13,-0.02,0,0,0,-0.06,0.03
1378.89,0.35,0.13,-0.02,0,0,0,-0.06,0.03
1378.92,0.35,0.13,-0.02,0,0,0,-0.07,0.03
1378.94,0.35,0.13,-0.02,0,0,0,-0.07,0.03
1378.96,0.35,0.13,-0.02,0,0,0,-0.07,0.03
1378.98,0.35,0.13,-0.02,0,0,0,-0.07,0.03
1379,0.35,0.13,-0.02,0,0,0,-0.07,0.03
1379.02,0.35,0.13,-0.02,0,0,0,-0.07,0.03
1379.04,0.35,0.13,-0.02,0,0,0,-0.07,0.03
1379.07,0.35,0.13,-0.02,0,0,0,-0.07,0.03
1379.09,0.35,0.13,-0.02,0,0,0,-0.07,0.03
1379.11,0.35,0.13,-0.02,0,0,0,-0.07,0.03
1379.13,0.35,0.13,-0.02,0,0,0,-0.07,0.03
