t,paa0,pfe0,paa1,pfe1,daa0,dfe0,daa1,dfe1
1335.32,-0,0,-0,0,-0,0,-0,0
1335.4,-0,0,-0,0,0.269981,0,-0.0107379,0
1335.48,-0,0,-0,0,0.269981,0,-0.0107379,0
1335.56,-0,0,-0,0,0.269981,0,-0.0107379,0
1335.64,-0,0,-0,0,0.269981,0,-0.0107379,0
1335.72,-0,0,-0,0,0.269981,0.00202566,-0.0107379,0
1335.8,-0,0,-0,0,0.269981,0.0101283,-0.0107379,0
1335.88,-0,0,-0,0,0.269981,0.0101283,-0.0107379,0
1335.96,-0,0,-0,0,0.269981,0.0101283,-0.0076699,0
1336.04,-0,0,-0,0,0.269981,0.0101283,-0.0107379,0
1336.12,-0,0,-0,0,0.269981,0.0101283,-0.0107379,0
1336.2,-0,0,-0,0,0.269981,0.0101283,-0.0107379,0
1336.28,-0,0,-0,0,0.269981,0.0101283,-0.0107379,0
1336.36,-0,0,-0,0,0.268447,0.0101283,-0.0107379,0
1336.44,-0,0,-0,0,0.269981,0.0101283,-0.0107379,0
1336.52,-0,0,-0,0,0.269981,0.0101283,-0.0107379,0
1336.6,-0,0,-0,0,0.269981,0.0101283,-0.0107379,0
1336.68,-0,0,-0,0,0.269981,0.0101283,-0.0107379,0
1336.76,-0,0,-0,0,0.269981,0.0101283,-0.00920388,0
1336.84,-0,0,-0,0,0.269981,0.0101283,-0.0107379,0
1336.92,-0,0,-0,0,0.269981,0.0101283,-0.0107379,0
1337,-0,0,-0,0,0.269981,0.0101283,-0.0107379,0
1337.08,-0,0,-0,0,0.269981,0.0101283,-0.0107379,0
1337.16,-0,0,-0,0,0.269981,0.00983892,-0.0107379,0
1337.24,-0,0,-0,0,0.269981,0.0101283,-0.0107379,0
1337.32,-0,0,-0,0,0.268447,0.00983892,-0,0.0295168
1337.4,-0,0,-0,0,0.269981,0.0101283,-0,0.0575866
1337.48,-0,0,-0,0,0.269981,0.0101283,-0,0.0778432
1337.56,-0,0,-0,0,0.269981,0.0101283,-0.00153398,0.0992573
1337.64,-0,0,-0,0.00318318,0.269981,0.0101283,-0,0.127617
1337.72,-0,0,-0,0.0173628,0.269981,0.0101283,-0,0.147873
1337.8,-0,0,-0,0.0445645,0.268447,0.0199672,-0,0.169577
1337.88,-0,0,-0,0.0810264,0.269981,0.0199672,-0.00153398,0.207196
1337.96,-0,0,-0,0.115173,0.269981,0.0295168,-0,0.237581
1338.04,-0,0,-0,0.137745,0.268447,0.0379088,-0,0.250024
1338.12,-0,0,-0,0.155976,0.269981,0.0480371,-0,0.277515
1338.2,-0,0,-0,0.175654,0.269981,0.0500627,-0,0.289669
1338.28,-0,0,-0,0.196489,0.269981,0.0596123,-0,0.327578
1338.36,-0,0,-0,0.219929,0.269981,0.0680043,-0,0.329893
1338.44,-0,0,-0,0.24279,0.269981,0.0778432,-0,0.347545
1338.52,-0,0,-0,0.261889,0.269981,0.0798689,-0,0.349571
1338.6,-0,0,-0,0.269992,0.269981,0.0879715,-0,0.38748
1338.68,-0,0,-0,0.270281,0.269981,0.0899972,-0,0.408026
1338.76,-0,0,-0,0.273175,0.269981,0.0995467,-0,0.435806
1338.84,-0,0,-0,0.288222,0.269981,0.100125,-0,0.459535
1338.92,-0,0,-0,0.315135,0.269981,0.100125,-0,0.479792
1339,-0,0,-0,0.334234,0.269981,0.109964,-0,0.49947
1339.08,-0,0,-0,0.334234,0.269981,0.109964,-0,0.545481
1339.16,-0,0,-0,0.334234,0.269981,0.109964,-0,0.594965
1339.24,-0,0,-0,0.334234,0.269981,0.109964,-0,0.610013
1339.32,-0,0,-0,0.334234,0.269981,0.119514,-0,0.582522
1339.4,-0,0,-0,0.334234,0.269981,0.129642,-0,0.579917
1339.48,-0,0,-0,0.334234,0.262311,0.128485,-0,0.579917
1339.56,-0,0,-0,0.334234,0.269981,0.139771,-0,0.579917
1339.64,-0,0,-0,0.334234,0.269981,0.14006,-0,0.590046
1339.72,-0,0,-0,0.334234,0.260777,0.14006,-0,0.590046
1339.8,-0,0,-0,0.334234,0.268447,0.14006,-0.0076699,0.590046
1339.88,-0,0,-0,0.334234,0.269981,0.14006,-0,0.590046
1339.96,-0,0,-0,0.334234,0.268447,0.14006,-0,0.581943
1340.04,-0,0,-0,0.334234,0.269981,0.148452,-0,0.590046
1340.12,-0,0,-0,0.334234,0.269981,0.149899,-0,0.573551
1340.2,-0,0,-0,0.334234,0.269981,0.149899,-0,0.524646
1340.28,-0,0,-0,0.334234,0.269981,0.149899,-0,0.393846
1340.36,-0,0,-0,0.334234,0.269981,0.149899,-0,0.305585
1340.44,-0,0,-0,0.333945,0.269981,0.14006,-0,0.213852
1340.52,-0,0,-0,0.333945,0.262311,0.130221,-0,0.156844
1340.6,-0,0,-0,0.326421,0.269981,0.129932,-0,0.112858
1340.68,-0,0,-0,0.298061,0.269981,0.129932,-0,0.0706087
1340.76,-0,0,-0,0.249156,0.269981,0.129932,-0.0076699,0.0405132
1340.84,-0,0,-0,0.190991,0.269981,0.129932,-0.00153398,0.0399344
1340.92,-0,0,-0,0.133115,0.269981,0.129932,-0,0.0500627
1341,-0,0,-0,0.0894184,0.262311,0.129932,-0,0.0500627
1341.08,-0,0,-0,0.072345,0.269981,0.129932,-0.0107379,0.0500627
1341.16,-0,0,-0,0.072345,0.269981,0.129932,-0.00920388,0.0500627
1341.24,-0,0,-0,0.0726344,0.269981,0.129932,-0.0107379,0.0599017
1341.32,-0,0,-0,0.0729238,0.269981,0.129932,-0.00153398,0.07003
1341.4,-0,0,-0,0.0729238,0.269981,0.129932,-0.00153398,0.176232
1341.48,-0,0,-0,0.0729238,0.269981,0.131957,-0,0.224848
1341.56,-0,0,-0,0.0810264,0.269981,0.129932,-0,0.257548
1341.64,-0,0,-0,0.114016,0.262311,0.129932,-0,0.29893
1341.72,-0,0,-0,0.170445,0.269981,0.129932,-0,0.337417
1341.8,-0,0,-0,0.234108,0.269981,0.129932,-0,0.383718
1341.88,-0,0,-0.00153398,0.28475,0.269981,0.139481,-0,0.433781
1341.96,-0,0,-0.00153398,0.311083,0.269981,0.13051,-0,0.467059
1342.04,-0,0,-0.00153398,0.319186,0.269981,0.14006,-0,0.487895
1342.12,-0,0,-0.00153398,0.327868,0.269981,0.149899,-0,0.546639
1342.2,-0,0,-0.00153398,0.328736,0.268447,0.149899,-0,0.623035
1342.28,-0,0,-0.00153398,0.328736,0.269981,0.149899,-0.00920388,0.621878
1342.36,-0,0,-0.00153398,0.328736,0.269981,0.149899,-0.0107379,0.612039
1342.44,-0,0,-0.00153398,0.328736,0.269981,0.149899,-0.0107379,0.610013
1342.52,-0,0,-0.00153398,0.328736,0.269981,0.149899,-0.0107379,0.468217
1342.6,-0,0,-0.00153398,0.328736,0.269981,0.149899,-0.00153398,0.328446
1342.68,-0,0,-0.00153398,0.328736,0.269981,0.14006,-0.00920388,0.255233
1342.76,-0,0,-0.00153398,0.328446,0.269981,0.14006,-0.0107379,0.222533
1342.84,-0,0,-0.00153398,0.328157,0.269981,0.14006,-0.0107379,0.199962
1342.92,-0,0,-0.00153398,0.321791,0.262311,0.14006,-0.0184078,0.18202
1343,-0,0,-0.00153398,0.301245,0.269981,0.14006,-0.0107379,0.179994
1343.08,-0,0,-0.00153398,0.27086,0.269981,0.14006,-0.0107379,0.179994
1343.16,-0,0,-0.00153398,0.245684,0.269981,0.14006,-0.0107379,0.188097
1343.24,-0,0,-0.00153398,0.240475,0.269981,0.14006,-0.0107379,0.199672
1343.32,-0,0,-0.00153398,0.240764,0.268447,0.14006,-0.0107379,0.21009
1343.4,-0,0,-0.00153398,0.240764,0.269981,0.14006,-0.0107379,0.21009
1343.48,-0,0,-0.00153398,0.240764,0.269981,0.14006,-0.0107379,0.21009
1343.56,-0,0,-0.00153398,0.240764,0.269981,0.14006,-0.0107379,0.20054
1343.64,-0,0,-0.00153398,0.240764,0.269981,0.14006,-0.0107379,0.201698
1343.72,-0,0,-0.00153398,0.240764,0.269981,0.14006,-0.0107379,0.199962
1343.8,-0,0,-0.00153398,0.240764,0.269981,0.14006,-0.0107379,0.209511
1343.88,-0,0,-0.00153398,0.240764,0.269981,0.14006,-0.0107379,0.2098
1343.96,-0,0,-0.00153398,0.240764,0.269981,0.14006,-0.0107379,0.2098
1344.04,-0,0,-0.00153398,0.240764,0.269981,0.14006,-0.0107379,0.162921
1344.12,-0,0,-0.00153398,0.240764,0.269981,0.14006,-0.0107379,0.124144
1344.2,-0,0,-0.00153398,0.240764,0.269981,0.129932,-0.0107379,0.0425389
1344.28,-0,0,-0.00153398,0.236423,0.269981,0.129932,-0.0107379,0.0124433
1344.36,-0,0,-0.00153398,0.215009,0.269981,0.129932,-0.0107379,0
1344.44,-0,0,-0.00153398,0.170734,0.269981,0.129932,-0.0107379,0
1344.52,-0,0,-0.00153398,0.112858,0.269981,0.122118,-0.00153398,0
1344.6,-0,0,-0.00153398,0.0610592,0.269981,0.127906,-0.00920388,0.00810264
1344.68,-0,0,-0.00153398,0.0332787,0.269981,0.129932,-0.0107379,0.0101283
1344.76,-0,0,-0.00153398,0.0306743,0.269981,0.129932,-0.0107379,0.0179416
1344.84,-0,0,-0.00153398,0.0309637,0.269981,0.129932,-0.0107379,0.0298061
1344.92,-0,0,-0.00153398,0.0309637,0.269981,0.139481,-0.0107379,0.0850777
1345,-0,0,-0.00153398,0.0309637,0.269981,0.14006,-0.0107379,0.142954
1345.08,-0,0,-0.00153398,0.0309637,0.269981,0.14006,-0.0107379,0.215009
1345.16,-0,0,-0.00153398,0.0408026,0.269981,0.14006,-0.0107379,0.294589
1345.24,-0,0,-0.00153398,0.0798689,0.269981,0.14006,-0.0107379,0.346967
1345.32,-0,0,-0.00153398,0.151056,0.269981,0.149609,-0.0107379,0.395004
1345.4,-0,0,-0.00153398,0.237002,0.269981,0.149899,-0.0107379,0.447092
1345.48,-0,0,-0.00153398,0.318607,0.269981,0.150188,-0.0107379,0.487027
1345.56,-0,0,-0.00153398,0.342626,0.269981,0.160027,-0.0107379,0.519148
1345.64,-0,0,-0,0.342337,0.269981,0.160027,-0.00153398,0.549533
1345.72,-0,0,-0,0.342337,0.269981,0.169577,-0.0076699,0.587152
1345.8,-0,0,-0.00153398,0.342337,0.269981,0.169866,-0.0107379,0.565738
1345.88,-0,0,-0.00153398,0.342337,0.269981,0.162053,-0.0107379,0.471689
1345.96,-0,0,-0,0.342337,0.269981,0.160027,-0.0107379,0.199962
1346.04,-0,0,-0.00153398,0.342337,0.269981,0.160027,-0.00153398,0.152503
1346.12,-0,0,-0.00153398,0.330472,0.269981,0.160027,-0.00920388,0.103019
1346.2,-0,0,-0.00153398,0.293721,0.269981,0.160027,-0.0107379,0.0920228
1346.28,-0,0,-0.00153398,0.23787,0.269981,0.160027,-0.00920388,0.0544034
1346.36,-0,0,-0.00153398,0.179994,0.269981,0.160027,-0.0107379,0.0500627
1346.44,-0,0,-0.00153398,0.131957,0.269981,0.160027,-0.0107379,0.0596123
1346.52,-0,0,-0.00153398,0.103309,0.269981,0.160027,-0.0107379,0.07003
1346.6,-0,0,-0.00153398,0.0980998,0.269981,0.160027,-0.0107379,0.0798689
1346.68,-0,0,-0.00153398,0.0995467,0.269981,0.160027,-0.0107379,0.0798689
1346.76,-0,0,-0.00153398,0.0992573,0.269981,0.160027,-0.0107379,0.0798689
1346.84,-0,0,-0.00153398,0.0995467,0.269981,0.160027,-0.0107379,0.0816052
1346.92,-0,0,-0.00153398,0.0995467,0.269981,0.160027,-0.0107379,0.0798689
1347,-0,0,-0.00153398,0.0995467,0.269981,0.160027,-0.0107379,0.0816052
1347.08,-0,0,-0.00153398,0.0995467,0.269981,0.160027,-0.0107379,0.152503
1347.16,-0,0,-0.00153398,0.0995467,0.269981,0.160027,-0.0107379,0.215009
1347.24,-0,0,-0.00153398,0.0995467,0.269981,0.16813,-0.0107379,0.274911
1347.32,-0,0,-0.00153398,0.109675,0.269981,0.162053,-0.0107379,0.346388
1347.4,-0,0,-0.00153398,0.148163,0.269981,0.16813,-0.0107379,0.397029
1347.48,-0,0,-0.00153398,0.215299,0.269981,0.162053,-0.0107379,0.447092
1347.56,-0,0,-0.00153398,0.294299,0.269981,0.169577,-0.0076699,0.487316
1347.64,-0,0,-0,0.346098,0.269981,0.169866,-0.0107379,0.49947
1347.72,-0,0,-0,0.344941,0.269981,0.169866,-0.0107379,0.545481
1347.8,-0,0,-0,0.344941,0.269981,0.169866,-0.0107379,0.559661
1347.88,-0,0,-0,0.344941,0.269981,0.169866,-0.0107379,0.55995
1347.96,-0,0,-0,0.344941,0.269981,0.169866,-0.0107379,0.550401
1348.04,-0,0,-0,0.344941,0.269981,0.169866,-0.0107379,0.532459
1348.12,-0,0,-0,0.344941,0.269981,0.169866,-0.0107379,0.469953
1348.2,-0,0,-0,0.344941,0.269981,0.169866,-0.0107379,0.293721
1348.28,-0,0,-0,0.344941,0.269981,0.169866,-0.0107379,0.178258
1348.36,-0,0,-0,0.344073,0.269981,0.169866,-0.0107379,0.105045
1348.44,-0,0,-0.00153398,0.327868,0.269981,0.169866,-0.0107379,0.0529565
1348.52,-0,0,-0.00153398,0.283014,0.269981,0.169866,-0.0107379,0.0219929
1348.6,-0,0,-0.00153398,0.218193,0.269981,0.169866,-0.0107379,0.0298061
1348.68,-0,0,-0.00153398,0.146137,0.269981,0.169866,-0.0107379,0.0298061
1348.76,-0,0,-0.00153398,0.0839202,0.269981,0.170155,-0.0107379,0.0399344
1348.84,-0,0,-0.00153398,0.0506415,0.269981,0.169866,-0.0107379,0.0500627
1348.92,-0,0,-0.00153398,0.0428282,0.269981,0.178258,-0.0107379,0.0500627
1349,-0,0,-0.00153398,0.0439858,0.269981,0.179994,-0.0107379,0.0500627
1349.08,-0,0,-0.00153398,0.0439858,0.269981,0.179994,-0.0107379,0.0596123
1349.16,-0,0,-0.00153398,0.0439858,0.269981,0.179994,-0.0107379,0.0599017
1349.24,-0,0,-0.00153398,0.0439858,0.269981,0.179994,-0.0107379,0.0873928
1349.32,-0,0,-0.00153398,0.0439858,0.269981,0.178258,-0.0107379,0.153371
1349.4,-0,0,-0.00153398,0.0439858,0.269981,0.179994,-0.0107379,0.212984
1349.48,-0,0,-0.00153398,0.0523778,0.269981,0.170445,-0.0107379,0.273175
1349.56,-0,0,-0.00153398,0.0876821,0.269981,0.169866,-0.0107379,0.32671
1349.64,-0,0,-0.00153398,0.151925,0.269981,0.177969,-0.0184078,0.367802
1349.72,-0,0,-0.00153398,0.230346,0.269981,0.170155,-0.0107379,0.41555
1349.8,-0,0,-0.00153398,0.302981,0.269981,0.169866,-0.0107379,0.455774
1349.88,-0,0,-0.00153398,0.338285,0.269981,0.169866,-0.0107379,0.489342
1349.96,-0,0,-0.00153398,0.336549,0.269981,0.169866,-0.0107379,0.515965
1350.04,-0,0,-0.00153398,0.336549,0.269981,0.169866,-0.0107379,0.559082
1350.12,-0,0,-0.00153398,0.336549,0.269981,0.169866,-0.0076699,0.561687
1350.2,-0,0,-0.00153398,0.336549,0.269981,0.168419,-0.0107379,0.550401
1350.28,-0,0,-0.00153398,0.336838,0.269981,0.161763,-0.00153398,0.550111
1350.36,-0,0,-0.00153398,0.336838,0.269981,0.161474,-0.0076699,0.550111
1350.44,-0,0,-0.00153398,0.336549,0.269981,0.169866,-0.0107379,0.550111
1350.52,-0,0,-0.00153398,0.336838,0.269981,0.169866,-0.0107379,0.550111
1350.6,-0,0,-0.00153398,0.336838,0.269981,0.169866,-0.0107379,0.550111
1350.68,-0,0,-0.00153398,0.336549,0.269981,0.169866,-0.0107379,0.550111
1350.76,-0,0,-0.00153398,0.336838,0.269981,0.169866,-0.0107379,0.550111
1350.84,-0,0,-0.00153398,0.336838,0.269981,0.169866,-0.0107379,0.550111
1350.92,-0,0,-0.00153398,0.336549,0.269981,0.169866,-0.0107379,0.542009
1351,-0,0,-0.00153398,0.336549,0.269981,0.169866,-0.0107379,0.512492
1351.08,-0,0,-0.00153398,0.336549,0.269981,0.169866,-0.0107379,0.43407
1351.16,-0,0,-0.00153398,0.336549,0.269981,0.16813,-0.0107379,0.368959
1351.24,-0,0,-0.00153398,0.336549,0.269981,0.169866,-0.0107379,0.304717
1351.32,-0,0,-0.00153398,0.336549,0.269981,0.169866,-0.0107379,0.290248
1351.4,-0,0,-0.00153398,0.336549,0.269981,0.169866,-0.0107379,0.264204
1351.48,-0,0,-0.00153398,0.336549,0.269981,0.178258,-0.0107379,0.193016
1351.56,-0,0,-0.00153398,0.335681,0.269981,0.179994,-0.0107379,0.162632
1351.64,-0,0,-0.00153398,0.32208,0.269981,0.171892,-0.0107379,0.150478
1351.72,-0,0,-0.00153398,0.286776,0.269981,0.170155,-0.0107379,0.142086
1351.8,-0,0,-0.00153398,0.240475,0.269981,0.169866,-0.0107379,0.140349
1351.88,-0,0,-0.00153398,0.204592,0.269981,0.169866,-0.0107379,0.149609
1351.96,-0,0,-0.00153398,0.191859,0.269981,0.169866,-0.0107379,0.158001
1352.04,-0,0,-0.00153398,0.193016,0.269981,0.169866,-0.0107379,0.169866
1352.12,-0,0,-0.00153398,0.193885,0.269981,0.169866,-0.0107379,0.169866
1352.2,-0,0,-0.00153398,0.193885,0.269981,0.169866,-0.0107379,0.160027
1352.28,-0,0,-0.00153398,0.193885,0.269981,0.169866,-0.0107379,0.160027
1352.36,-0,0,-0.00153398,0.193885,0.269981,0.169866,-0.0107379,0.160027
1352.44,-0,0,-0.00153398,0.193885,0.269981,0.169866,-0.0107379,0.160027
1352.52,-0,0,-0.00153398,0.193885,0.269981,0.169866,-0.0107379,0.160027
1352.6,-0,0,-0.00153398,0.193885,0.269981,0.169866,-0.0107379,0.160027
1352.68,-0,0,-0.00153398,0.193885,0.269981,0.169866,-0.0107379,0.160027
1352.76,-0,0,-0.00153398,0.193885,0.269981,0.169866,-0.0107379,0.175943
1352.84,-0,0,-0.00153398,0.193885,0.269981,0.177969,-0.0107379,0.204013
1352.92,-0,0,-0.00153398,0.193885,0.269981,0.177969,-0.0107379,0.217614
1353,-0,0,-0.00153398,0.193885,0.269981,0.179994,-0.0107379,0.267387
1353.08,-0,0,-0.00153398,0.193885,0.269981,0.179994,-0.0107379,0.315714
1353.16,-0,0,-0.00153398,0.19591,0.269981,0.179994,-0.0107379,0.365487
1353.24,-0,0,-0.00153398,0.212116,0.269981,0.179994,-0.0184078,0.433202
1353.32,-0,0,-0.00153398,0.253497,0.269981,0.179994,-0.0107379,0.487027
1353.4,-0,0,-0.00153398,0.31282,0.269981,0.178258,-0.0107379,0.519148
1353.48,-0,0,-0.00153398,0.344652,0.269981,0.178258,-0.0107379,0.547507
1353.56,-0,0,-0.00153398,0.344652,0.269981,0.170155,-0.0107379,0.566027
1353.64,-0,0,-0.00153398,0.344941,0.269981,0.170445,-0.0107379,0.613486
1353.72,-0,0,-0.00153398,0.344652,0.269981,0.177969,-0.0107379,0.639819
1353.8,-0,0,-0.00153398,0.344941,0.269981,0.171892,-0.0107379,0.614354
1353.88,-0,0,-0.00153398,0.344941,0.269981,0.177969,-0.0122718,0.606541
1353.96,-0,0,-0.00153398,0.344941,0.269981,0.179994,-0.0107379,0.570947
1354.04,-0,0,-0.00153398,0.344652,0.269981,0.171892,-0.0107379,0.577892
1354.12,-0,0,-0.00153398,0.344652,0.269981,0.169866,-0.0107379,0.526961
1354.2,-0,0,-0.00153398,0.344652,0.269981,0.169866,-0.0107379,0.410341
1354.28,-0,0,-0.00153398,0.344652,0.269981,0.179705,-0.0107379,0.287644
1354.36,-0,0,-0.00153398,0.344362,0.269981,0.170445,-0.0107379,0.217035
1354.44,-0,0,-0.00153398,0.343783,0.269981,0.169866,-0.0107379,0.16321
1354.52,-0,0,-0.00153398,0.330761,0.269981,0.179705,-0.0107379,0.112858
1354.6,-0,0,-0.00153398,0.295168,0.269981,0.171602,-0.0184078,0.0743707
1354.68,-0,0,-0.00153398,0.2425,0.269981,0.177969,-0.0107379,0.0604804
1354.76,-0,0,-0.00153398,0.184335,0.269981,0.179994,-0.0107379,0.0599017
1354.84,-0,0,-0.00153398,0.132825,0.269981,0.170155,-0.0107379,0.0792901
1354.92,-0,0,-0.00153398,0.103309,0.269981,0.169866,-0.0107379,0.0798689
1355,-0,0,-0.00153398,0.0983892,0.269981,0.169866,-0.0107379,0.0879715
1355.08,-0,0,-0.00153398,0.0995467,0.269981,0.169866,-0.0107379,0.0899972
1355.16,-0,0,-0.00153398,0.0995467,0.269981,0.169866,-0.0107379,0.0804476
1355.24,-0,0,-0.00153398,0.0995467,0.269981,0.169866,-0.0107379,0.0879715
1355.32,-0,0,-0.00153398,0.0995467,0.269981,0.169866,-0.0107379,0.0899972
1355.4,-0,0,-0.00153398,0.0995467,0.269981,0.178258,-0.0107379,0.0899972
1355.48,-0,0,-0.00153398,0.0995467,0.269981,0.179994,-0.0107379,0.107939
1355.56,-0,0,-0.00153398,0.0995467,0.269981,0.179994,-0.0107379,0.127906
1355.64,-0,0,-0.00153398,0.0995467,0.269981,0.170445,-0.0107379,0.147584
1355.72,-0,0,-0.00153398,0.0995467,0.269981,0.179994,-0.0107379,0.17739
1355.8,-0,0,-0.00153398,0.0995467,0.269981,0.179994,-0.0107379,0.225427
1355.88,-0,0,-0.00153398,0.10273,0.269981,0.179994,-0.0260777,0.247709
1355.96,-0,0,-0.00153398,0.12125,0.269981,0.179994,-0.0107379,0.269123
1356.04,-0,0,-0.00153398,0.162053,0.269981,0.179994,-0.0107379,0.297483
1356.12,-0,0,-0.00153398,0.212405,0.269981,0.179994,-0.0107379,0.309637
1356.2,-0,0,-0.00153398,0.252629,0.269981,0.179994,-0.00920388,0.320054
1356.28,-0,0,-0.00153398,0.273753,0.269981,0.179994,-0.0107379,0.329893
1356.36,-0,0,-0.00153398,0.276358,0.269981,0.179994,-0.0107379,0.340021
1356.44,-0,0,-0.00153398,0.276358,0.269981,0.179994,-0.0107379,0.348124
1356.52,-0,0,-0.00153398,0.276358,0.269981,0.179994,-0.0107379,0.357963
1356.6,-0,0,-0.00153398,0.276358,0.269981,0.179994,-0.0107379,0.369828
1356.68,-0,0,-0.00153398,0.276358,0.269981,0.179994,-0.0107379,0.397319
1356.76,-0,0,-0.00153398,0.278384,0.269981,0.179994,-0.0107379,0.398476
1356.84,-0,0,-0.00153398,0.287933,0.269981,0.179994,-0.0107379,0.417865
1356.92,-0,0,-0.00153398,0.308768,0.269981,0.179994,-0.0184078,0.437543
1357,-0,0,-0.00306796,0.328157,0.269981,0.179994,-0.0107379,0.449697
1357.08,-0,0,-0.00153398,0.329604,0.269981,0.179994,-0.0107379,0.477188
1357.16,-0,0,-0.00306796,0.329604,0.269981,0.179994,-0.0107379,0.51365
1357.24,-0,0,-0.00306796,0.329604,0.269981,0.179994,-0.0107379,0.540272
1357.32,-0,0,-0.00306796,0.329604,0.269981,0.178258,-0.0107379,0.510466
1357.4,-0,0,-0.00306796,0.329604,0.269981,0.177969,-0.0107379,0.509888
1357.48,-0,0,-0.00153398,0.329604,0.269981,0.171892,-0.0107379,0.509888
1357.56,-0,0,-0.00306796,0.329604,0.269981,0.177969,-0.0107379,0.51799
1357.64,-0,0,-0.00306796,0.329604,0.269981,0.170155,-0.0076699,0.509888
1357.72,-0,0,-0.00153398,0.329604,0.269981,0.179705,-0.0107379,0.509888
1357.8,-0,0,-0.00306796,0.329604,0.269981,0.179994,-0.0107379,0.482396
1357.88,-0,0,-0.00306796,0.329604,0.269981,0.179994,-0.0107379,0.425389
1357.96,-0,0,-0.00306796,0.329604,0.269981,0.179994,-0.0107379,0.347545
1358.04,-0,0,-0.00306796,0.329604,0.269981,0.179994,-0.0107379,0.300666
1358.12,-0,0,-0.00306796,0.329314,0.269981,0.179994,-0.0107379,0.264493
1358.2,-0,0,-0.00306796,0.329314,0.269981,0.179994,-0.0107379,0.25205
1358.28,-0,0,-0.00306796,0.329314,0.269981,0.179994,-0.0107379,0.230636
1358.36,-0,0,-0.00306796,0.329025,0.269981,0.179994,-0.0107379,0.192148
1358.44,-0,0,-0.00306796,0.323816,0.269981,0.171892,-0.0107379,0.17247
1358.52,-0,0,-0.00306796,0.305296,0.269981,0.170445,-0.0107379,0.15887
1358.6,-0,0,-0.00306796,0.27086,0.269981,0.171892,-0.0199418,0.160027
1358.68,-0,0,-0.00306796,0.236423,0.269981,0.170155,-0.0199418,0.159738
1358.76,-0,0,-0.00306796,0.217903,0.269981,0.179994,-0.0107379,0.158291
1358.84,-0,0,-0.00306796,0.217903,0.269981,0.179994,-0.0107379,0.160027
1358.92,-0,0,-0.00306796,0.218193,0.269981,0.179994,-0.0184078,0.150478
1359,-0,0,-0.00306796,0.218193,0.269981,0.179994,-0.0199418,0.150188
1359.08,-0,0,-0.00306796,0.218193,0.269981,0.170445,-0.0184078,0.140349
1359.16,-0,0,-0.00306796,0.218193,0.269981,0.177969,-0.0199418,0.0853671
1359.24,-0,0,-0.00306796,0.217903,0.280718,0.177969,-0.0107379,0.0344362
1359.32,-0,0,-0.00306796,0.210379,0.280718,0.170155,-0.0107379,0.0028938
1359.4,-0,0,-0.00306796,0.184335,0.280718,0.169577,-0.0107379,0
1359.48,-0,0,-0.00306796,0.139771,0.280718,0.160317,-0.0107379,0
1359.56,-0,0,-0.00306796,0.0894184,0.280718,0.160027,-0.0107379,0
1359.64,-0,0,-0.00306796,0.0520884,0.289922,0.160027,-0.0107379,0
1359.72,-0,0,-0.00153398,0.0416707,0.289922,0.159738,-0.0107379,0
1359.8,-0,0,-0.00306796,0.0425389,0.289922,0.142086,-0.0107379,0
1359.88,-0,0,-0.00153398,0.0428282,0.289922,0.14006,-0.0107379,0
1359.96,-0,0,-0.00306796,0.0428282,0.289922,0.141507,-0.0107379,0
1360.04,-0,0,-0.00306796,0.0428282,0.289922,0.149899,-0.0107379,0
1360.12,-0,0,-0.00306796,0.0428282,0.289922,0.149899,-0.0107379,0
1360.2,-0,0,-0.00306796,0.0428282,0.289922,0.149899,-0.0107379,0
1360.28,-0,0,-0.00306796,0.0428282,0.289922,0.149899,-0.0107379,0
1360.36,-0,0,-0.00306796,0.0428282,0.289922,0.149899,-0.0107379,0
1360.44,-0,0,-0.00306796,0.0428282,0.289922,0.158001,-0.0199418,0
1360.52,-0,0,-0.00153398,0.0428282,0.289922,0.16813,-0.0107379,0.0946273
1360.6,-0,0,-0.00153398,0.0428282,0.289922,0.169866,-0.0122718,0.137166
1360.68,-0,0,-0.00306796,0.0428282,0.289922,0.169866,-0.0184078,0.195331
1360.76,-0,0,-0.00306796,0.0491946,0.289922,0.179705,-0.0199418,0.24742
1360.84,-0,0,-0.00306796,0.0778432,0.289922,0.170445,-0.0184078,0.277226
1360.92,-0,0,-0.00306796,0.133983,0.289922,0.169866,-0.0107379,0.315424
1361,-0,0,-0.00306796,0.203145,0.289922,0.169866,-0.0107379,0.33597
1361.08,-0,0,-0.00306796,0.264493,0.289922,0.169866,-0.0107379,0.35941
1361.16,-0,0,-0.00306796,0.301823,0.289922,0.169866,-0.0260777,0.399923
1361.24,-0,0,-0.00306796,0.313109,0.289922,0.169866,-0.0107379,0.419601
1361.32,-0,0,-0.00306796,0.313109,0.289922,0.169866,-0.0122718,0.449118
1361.4,-0,0,-0.00306796,0.316003,0.289922,0.169866,-0.0168738,0.493972
1361.48,-0,0,-0.00306796,0.327289,0.289922,0.169866,-0.0199418,0.557056
1361.56,-0,0,-0.00306796,0.330761,0.289922,0.169866,-0.0122718,0.577603
1361.64,-0,0,-0.00306796,0.330761,0.289922,0.169866,-0.0122718,0.589467
1361.72,-0,0,-0.00306796,0.330761,0.289922,0.169866,-0.0199418,0.590046
1361.8,-0,0,-0.00306796,0.330761,0.289922,0.169866,-0.0107379,0.590046
1361.88,-0,0,-0.00306796,0.330761,0.289922,0.169866,-0.0199418,0.579917
1361.96,-0,0,-0.00306796,0.330761,0.289922,0.169866,-0.0199418,0.552716
1362.04,-0,0,-0.00306796,0.330761,0.289922,0.169866,-0.0199418,0.451433
1362.12,-0,0,-0.00306796,0.330761,0.289922,0.169866,-0.0122718,0.379088
1362.2,-0,0,-0.00306796,0.330761,0.289922,0.169866,-0.0199418,0.31282
1362.28,-0,0,-0.00306796,0.330472,0.289922,0.169866,-0.0199418,0.225716
1362.36,-0,0,-0.00306796,0.330472,0.289922,0.169866,-0.0199418,0.174786
1362.44,-0,0,-0.00306796,0.325842,0.289922,0.169866,-0.0214757,0.123276
1362.52,-0,0,-0.00306796,0.30356,0.289922,0.169866,-0.0199418,0.084499
1362.6,-0,0,-0.00306796,0.260153,0.289922,0.179994,-0.0107379,0.0425389
1362.68,-0,0,-0.00306796,0.206617,0.289922,0.179994,-0.0107379,0.0141796
1362.76,-0,0,-0.00306796,0.150478,0.289922,0.179994,-0.0107379,0.00028938
1362.84,-0,0,-0.00306796,0.098968,0.289922,0.179994,-0.0107379,0
1362.92,-0,0,-0.00306796,0.063953,0.289922,0.179994,-0.0107379,0
1363,-0,0,-0.00306796,0.0538247,0.289922,0.179994,-0.0107379,0
1363.08,-0,0,-0.00306796,0.0552716,0.289922,0.171892,-0.0107379,0
1363.16,-0,0,-0.00306796,0.0558503,0.289922,0.170155,-0.0107379,0
1363.24,-0,0,-0.00306796,0.0558503,0.289922,0.170445,-0.0107379,0
1363.32,-0,0,-0.00306796,0.0558503,0.289922,0.160027,-0.0107379,0
1363.4,-0,0,-0.00306796,0.0558503,0.289922,0.160027,-0.0107379,0.0353044
1363.48,-0,0,-0.00306796,0.0558503,0.289922,0.160027,-0.0107379,0.142664
1363.56,-0,0,-0.00306796,0.0558503,0.289922,0.16813,-0.0107379,0.212984
1363.64,-0,0,-0.00306796,0.0604804,0.289922,0.170445,-0.0107379,0.265361
1363.72,-0,0,-0.00306796,0.086814,0.289922,0.178258,-0.0199418,0.326999
1363.8,-0,0,-0.00306796,0.144111,0.289922,0.170445,-0.0122718,0.357095
1363.88,-0,0,-0.00306796,0.221086,0.289922,0.169866,-0.0107379,0.393557
1363.96,-0,0,-0.00306796,0.296325,0.289922,0.169866,-0.0107379,0.433491
1364.04,-0,0,-0.00306796,0.336549,0.289922,0.169866,-0.0107379,0.479213
1364.12,-0,0,-0.00306796,0.333366,0.289922,0.169866,-0.0107379,0.507573
1364.2,-0,0,-0.00306796,0.333366,0.289922,0.169866,-0.0107379,0.547507
1364.28,-0,0,-0.00306796,0.333366,0.289922,0.169866,-0.0122718,0.55995
1364.36,-0,0,-0.00306796,0.333366,0.289922,0.169866,-0.0107379,0.550401
1364.44,-0,0,-0.00306796,0.333366,0.289922,0.169866,-0.0107379,0.548375
1364.52,-0,0,-0.00306796,0.333366,0.289922,0.169866,-0.0107379,0.550111
1364.6,-0,0,-0.00306796,0.333366,0.289922,0.169866,-0.0107379,0.542009
1364.68,-0,0,-0.00306796,0.333366,0.289922,0.169866,-0.0107379,0.53188
1364.76,-0,0,-0.00306796,0.333366,0.289922,0.177969,-0.0076699,0.512492
1364.84,-0,0,-0.00306796,0.333366,0.289922,0.170155,-0.0107379,0.381403
1364.92,-0,0,-0.00306796,0.333366,0.289922,0.169866,-0.0107379,0.304717
1365,-0,0,-0.00306796,0.333076,0.289922,0.169866,-0.0107379,0.237002
1365.08,-0,0,-0.00306796,0.333076,0.289922,0.169866,-0.0184078,0.193016
1365.16,-0,0,-0.00306796,0.329314,0.289922,0.169866,-0.0199418,0.134851
1365.24,-0,0,-0.00306796,0.311373,0.289922,0.169866,-0.0199418,0.0940485
1365.32,-0,0,-0.00306796,0.272017,0.289922,0.169866,-0.0199418,0.0706087
1365.4,-0,0,-0.00306796,0.219929,0.289922,0.169866,-0.0199418,0.0422495
1365.48,-0,0,-0.00306796,0.165525,0.289922,0.169866,-0.0199418,0.0399344
1365.56,-0,0,-0.00306796,0.119225,0.289922,0.169866,-0.0199418,0.0399344
1365.64,-0,0,-0.00306796,0.0934697,0.289922,0.171892,-0.0184078,0.0399344
1365.72,-0,0,-0.00306796,0.0911547,0.289922,0.179994,-0.0199418,0.0321212
1365.8,-0,0,-0.00306796,0.092891,0.289922,0.170155,-0.0199418,0.00202566
1365.88,-0,0,-0.00306796,0.0931804,0.289922,0.169866,-0.0199418,0
1365.96,-0,0,-0.00306796,0.0897078,0.289922,0.169866,-0.0199418,0
1366.04,-0,0,-0.00306796,0.0850777,0.289922,0.169866,-0.0199418,0
1366.12,-0,0,-0.00306796,0.0836308,0.289922,0.169866,-0.0184078,0
1366.2,-0,0,-0.00306796,0.0836308,0.289922,0.169866,-0.0199418,0
1366.28,-0,0,-0.00306796,0.0836308,0.289922,0.170445,-0.0199418,0
1366.36,-0,0,-0.00306796,0.0836308,0.289922,0.170155,-0.0199418,0
1366.44,-0,0,-0.00306796,0.0836308,0.289922,0.169866,-0.0199418,0
1366.52,-0,0,-0.00306796,0.0836308,0.289922,0.169866,-0.0199418,0
1366.6,-0,0,-0.00306796,0.0836308,0.289922,0.169866,-0.0199418,0.0463008
1366.68,-0,0,-0.00306796,0.0836308,0.289922,0.169866,-0.0199418,0.122987
1366.76,-0,0,-0.00306796,0.0839202,0.289922,0.169866,-0.0199418,0.175075
1366.84,-0,0,-0.00306796,0.0842096,0.289922,0.169866,-0.0199418,0.225427
1366.92,-0,0,-0.00306796,0.0897078,0.289922,0.169866,-0.0199418,0.273175
1367,-0,0,-0.00306796,0.11662,0.289922,0.169866,-0.0199418,0.326999
1367.08,-0,0,-0.00306796,0.170734,0.289922,0.169866,-0.0199418,0.357384
1367.16,-0,0,-0.00306796,0.240475,0.289922,0.169866,-0.0199418,0.399344
1367.24,-0,0,-0.00306796,0.30327,0.289922,0.169866,-0.0199418,0.433781
1367.32,-0,0,-0.00306796,0.332787,0.289922,0.169866,-0.0122718,0.465902
1367.4,-0,0,-0.00306796,0.331629,0.289922,0.169866,-0.00306796,0.497444
1367.48,-0,0,-0.00306796,0.331919,0.289922,0.169866,-0.00920388,0.563133
1367.56,-0,0,-0.00306796,0.331919,0.289922,0.169866,-0.0107379,0.579917
1367.64,-0,0,-0.00306796,0.331919,0.289922,0.169866,-0.0107379,0.579917
1367.72,-0,0,-0.00306796,0.331919,0.289922,0.179705,-0.0107379,0.579917
1367.8,-0,0,-0.00306796,0.331919,0.289922,0.179994,-0.0107379,0.579917
1367.88,-0,0,-0.00306796,0.331919,0.289922,0.179994,-0.0184078,0.579917
1367.96,-0,0,-0.00306796,0.331919,0.289922,0.179994,-0.0107379,0.579917
1368.04,-0,0,-0.00306796,0.331919,0.289922,0.179994,-0.00153398,0.579917
1368.12,-0,0,-0.00306796,0.331919,0.289922,0.179994,-0.00920388,0.579917
1368.2,-0,0,-0.00306796,0.331919,0.289922,0.179994,-0.0107379,0.579917
1368.28,-0,0,-0.00306796,0.331919,0.289922,0.179994,-0.0107379,0.579917
1368.36,-0,0,-0.00306796,0.331919,0.289922,0.179994,-0.0107379,0.579917
1368.44,-0,0,-0.00306796,0.331919,0.289922,0.179994,-0.0107379,0.58802
1368.52,-0,0,-0.00306796,0.331919,0.289922,0.179994,-0.0107379,0.579917
1368.6,-0,0,-0.00306796,0.331919,0.289922,0.179994,-0.0107379,0.579917
1368.68,-0,0,-0.00306796,0.331919,0.289922,0.179994,-0.0107379,0.579917
1368.76,-0,0,-0.00306796,0.331919,0.289922,0.179994,-0.0107379,0.579917
1368.84,-0,0,-0.00306796,0.331919,0.289922,0.179994,-0.0122718,0.579917
1368.92,-0,0,-0.00306796,0.331919,0.289922,0.179994,-0.0107379,0.579917
1369,-0,0,-0.00306796,0.331919,0.289922,0.179994,-0.0107379,0.579917
1369.08,-0,0,-0.00306796,0.331919,0.289922,0.179994,-0.0107379,0.570368
1369.16,-0,0,-0.00306796,0.331919,0.289922,0.179994,-0.0107379,0.560529
1369.24,-0,0,-0.00306796,0.331919,0.289922,0.179994,-0.0107379,0.56024
1369.32,-0,0,-0.00306796,0.331919,0.289922,0.179994,-0.0107379,0.55995
1369.4,-0,0,-0.00306796,0.331919,0.289922,0.179994,-0.0107379,0.55995
1369.48,-0,0,-0.00306796,0.331919,0.289922,0.179994,-0.0107379,0.55995
1369.56,-0,0,-0.00306796,0.331919,0.289922,0.179994,-0.0107379,0.55995
1369.64,-0,0,-0.00306796,0.331919,0.289922,0.179994,-0.00920388,0.542298
1369.72,-0,0,-0.00306796,0.331919,0.289922,0.179994,-0.0184078,0.541719
1369.8,-0,0,-0.00306796,0.331919,0.289922,0.179994,-0.0107379,0.548086
1369.88,-0,0,-0.00306796,0.331919,0.289922,0.179994,-0.0107379,0.542009
1369.96,-0,0,-0.00306796,0.331919,0.289922,0.179994,-0.0107379,0.540272
1370.04,-0,0,-0.00306796,0.331919,0.289922,0.179994,-0.0107379,0.549822
1370.12,-0,0,-0.00306796,0.331919,0.289922,0.179994,-0.0107379,0.548086
1370.2,-0,0,-0.00306796,0.331919,0.289922,0.179994,-0.0107379,0.539983
1370.28,-0,0,-0.00306796,0.331919,0.289922,0.179994,-0.0107379,0.539983
1370.36,-0,0,-0.00306796,0.331919,0.289922,0.179994,-0.0107379,0.539983
1370.44,-0,0,-0.00306796,0.331919,0.289922,0.179994,-0.0107379,0.530144
1370.52,-0,0,-0.00306796,0.331919,0.289922,0.179994,-0.0107379,0.530144
1370.6,-0,0,-0.00306796,0.331919,0.289922,0.179994,-0.0184078,0.520305
1370.68,-0,0,-0.00306796,0.331919,0.289922,0.179994,-0.0107379,0.520016
1370.76,-0,0,-0.00306796,0.331919,0.289922,0.179994,-0.0107379,0.520016
1370.84,-0,0,-0.00306796,0.331919,0.289922,0.179994,-0.00153398,0.510466
1370.92,-0,0,-0.00306796,0.331919,0.289922,0.179994,-0.00920388,0.502074
1371,-0,0,-0.00306796,0.331919,0.289922,0.179994,-0.0107379,0.482107
1371.08,-0,0,-0.00306796,0.331919,0.289922,0.179994,-0.0107379,0.444777
1371.16,-0,0,-0.00306796,0.331919,0.289922,0.171892,-0.00153398,0.412945
1371.24,-0,0,-0.00306796,0.331919,0.289922,0.170155,-0.0199418,0.35449
1371.32,-0,0,-0.00306796,0.331919,0.289922,0.169866,-0.0199418,0.302981
1371.4,-0,0,-0.00306796,0.331629,0.289922,0.169866,-0.0199418,0.263046
1371.48,-0,0,-0.00306796,0.331629,0.289922,0.169866,-0.0199418,0.232083
1371.56,-0,0,-0.00306796,0.331629,0.289922,0.169866,-0.0306796,0.194463
1371.64,-0,0,-0.00306796,0.327578,0.289922,0.169866,-0.0306796,0.154529
1371.72,-0,0,-0.00306796,0.309058,0.289922,0.169866,-0.0306796,0.13051
1371.8,-0,0,-0.00306796,0.272596,0.289922,0.179994,-0.0306796,0.0926016
1371.88,-0,0,-0.00306796,0.2289,0.289922,0.179994,-0.0306796,0.0706087
1371.96,-0,0,-0.00306796,0.18665,0.289922,0.179994,-0.0199418,0.0405132
1372.04,-0,0,-0.00306796,0.150767,0.299126,0.170155,-0.0199418,0.0399344
1372.12,-0,0,-0.00306796,0.126459,0.299126,0.169866,-0.0199418,0.014469
1372.2,-0,0,-0.00306796,0.114594,0.30066,0.162053,-0.0199418,0
1372.28,-0,0,-0.00306796,0.111411,0.30833,0.152503,-0.0199418,0
1372.36,-0,0,-0.00306796,0.106492,0.309864,0.140349,-0.0122718,0
1372.44,-0,0,-0.00306796,0.0975211,0.309864,0.131957,-0.0199418,0
1372.52,-0,0,-0.00306796,0.0871034,0.309864,0.131668,-0.0199418,0
1372.6,-0,0,-0.00306796,0.080737,0.311398,0.129932,-0.0199418,0
1372.68,-0,0,-0.00306796,0.0801583,0.320602,0.129932,-0.0199418,0
1372.76,-0,0,-0.00306796,0.0801583,0.311398,0.129932,-0.0199418,0
1372.84,-0,0,-0.00306796,0.0801583,0.319068,0.129932,-0.0199418,0
1372.92,-0,0,-0.00306796,0.0801583,0.320602,0.129642,-0.0199418,0
1373,-0,0,-0.00306796,0.0801583,0.320602,0.129932,-0.0199418,0
1373.08,-0,0,-0.00306796,0.0801583,0.320602,0.130221,-0.0199418,0
1373.16,-0,0,-0.00306796,0.0801583,0.319068,0.139481,-0.0199418,0
1373.24,-0,0,-0.00306796,0.0801583,0.309864,0.14006,-0.0199418,0
1373.32,-0,0,-0.00306796,0.0801583,0.309864,0.14006,-0.0199418,0.0159159
1373.4,-0,0,-0.00306796,0.0801583,0.317534,0.142086,-0.0199418,0.0755282
1373.48,-0,0,-0.00306796,0.0804476,0.317534,0.138324,-0.0199418,0.133115
1373.56,-0,0,-0.00306796,0.0804476,0.320602,0.149899,-0.0276117,0.203434
1373.64,-0,0,-0.00306796,0.080737,0.320602,0.149899,-0.0306796,0.245684
1373.72,-0,0,-0.00306796,0.0923122,0.320602,0.149899,-0.0306796,0.305007
1373.8,-0,0,-0.00306796,0.132536,0.320602,0.160027,-0.0199418,0.357095
1373.88,-0,0,-0.00306796,0.197068,0.320602,0.169866,-0.0276117,0.395582
1373.96,-0,0,-0.00306796,0.27086,0.320602,0.169866,-0.0199418,0.409473
1374.04,-0,0,-0.00306796,0.333076,0.320602,0.169866,-0.0199418,0.439858
1374.12,-0,0,-0.00153398,0.33626,0.320602,0.177969,-0.0199418,0.457799
1374.2,-0,0,-0.00153398,0.335681,0.317534,0.171892,-0.0199418,0.479792
1374.28,-0,0,-0.00153398,0.335681,0.319068,0.179994,-0.0199418,0.515096
1374.36,-0,0,-0.00153398,0.335681,0.320602,0.179994,-0.0199418,0.51799
1374.44,-0,0,-0.00153398,0.335681,0.320602,0.179994,-0.0199418,0.511913
1374.52,-0,0,-0.00153398,0.335681,0.320602,0.179994,-0.0199418,0.509888
1374.6,-0,0,-0.00153398,0.335681,0.320602,0.179994,-0.0199418,0.509888
1374.68,-0,0,-0.00153398,0.335681,0.320602,0.179994,-0.0199418,0.509888
1374.76,-0,0,-0.00306796,0.335681,0.320602,0.179994,-0.0199418,0.509888
1374.84,-0,0,-0.00153398,0.335681,0.320602,0.179994,-0.0199418,0.509888
1374.92,-0,0,-0.00306796,0.335681,0.320602,0.179994,-0.0199418,0.509888
1375,-0,0,-0.00153398,0.335681,0.320602,0.189833,-0.0199418,0.509888
1375.08,-0,0,-0.00153398,0.335681,0.320602,0.190123,-0.0199418,0.509888
1375.16,-0,0,-0.00306796,0.335681,0.320602,0.18202,-0.0199418,0.511624
1375.24,-0,0,-0.00153398,0.335681,0.320602,0.179994,-0.0122718,0.509888
1375.32,-0,0,-0.00153398,0.335681,0.320602,0.179994,-0.0199418,0.509888
1375.4,-0,0,-0.00153398,0.335681,0.320602,0.179994,-0.0199418,0.509888
1375.48,-0,0,-0.00153398,0.335681,0.320602,0.179994,-0.0199418,0.509888
1375.56,-0,0,-0.00153398,0.335681,0.319068,0.179994,-0.0199418,0.509888
1375.64,-0,0,-0.00153398,0.335681,0.320602,0.179994,-0.0199418,0.492525
1375.72,-0,0,-0.00153398,0.335681,0.320602,0.179994,-0.0199418,0.472268
1375.8,-0,0,-0.00153398,0.335681,0.319068,0.179994,-0.0199418,0.432623
1375.88,-0,0,-0.00153398,0.335681,0.320602,0.179994,-0.0199418,0.349571
1375.96,-0,0,-0.00153398,0.335681,0.319068,0.179994,-0.0199418,0.296614
1376.04,-0,0,-0.00153398,0.335681,0.320602,0.179994,-0.0199418,0.222823
1376.12,-0,0,-0.00153398,0.335681,0.320602,0.179994,-0.0199418,0.201987
1376.2,-0,0,-0.00153398,0.329025,0.320602,0.179994,-0.0199418,0.153371
1376.28,-0,0,-0.00306796,0.306743,0.320602,0.179994,-0.0199418,0.114305
1376.36,-0,0,-0.00153398,0.268834,0.320602,0.179994,-0.0199418,0.0645317
1376.44,-0,0,-0.00306796,0.223691,0.320602,0.179994,-0.0199418,0.0225716
1376.52,-0,0,-0.00306796,0.176522,0.320602,0.179994,-0.0199418,0.00057876
1376.6,-0,0,-0.00153398,0.127906,0.320602,0.179994,-0.0199418,0
1376.68,-0,0,-0.00153398,0.0824733,0.329806,0.179994,-0.0122718,0
1376.76,-0,0,-0.00306796,0.0541141,0.329806,0.179994,-0.0199418,0
1376.84,-0,0,-0.00306796,0.049484,0.329806,0.170155,-0.0199418,0
1376.92,-0,0,-0.00153398,0.0506415,0.329806,0.169866,-0.0199418,0
1377,-0,0,-0.00306796,0.0509309,0.329806,0.179994,-0.0276117,0
1377.08,-0,0,-0.00306796,0.0509309,0.340544,0.171602,-0.0199418,0
1377.16,-0,0,-0.00153398,0.0509309,0.340544,0.170155,-0.0199418,0
1377.24,-0,0,-0.00306796,0.0512203,0.340544,0.169866,-0.0199418,0
1377.32,-0,0,-0.00153398,0.0509309,0.340544,0.162053,-0.0199418,0
1377.4,-0,0,-0.00306796,0.0509309,0.340544,0.131957,-0.0199418,0
1377.48,-0,0,-0.00153398,0.0509309,0.340544,0.129932,-0.0199418,0
1377.56,-0,0,-0.00306796,0.0509309,0.340544,0.129932,-0.0214757,0
1377.64,-0,0,-0.00306796,0.0512203,0.340544,0.120093,-0.0199418,0
1377.72,-0,0,-0.00306796,0.0509309,0.340544,0.129932,-0.0199418,0
1377.8,-0,0,-0.00153398,0.0512203,0.340544,0.128195,-0.0199418,0
1377.88,-0,0,-0.00153398,0.0512203,0.340544,0.129642,-0.0199418,0
1377.96,-0,0,-0.00306796,0.0512203,0.340544,0.129932,-0.0199418,0
1378.04,-0,0,-0.00153398,0.0509309,0.340544,0.105913,-0.0199418,0
1378.12,-0,0,-0.00306796,0.0512203,0.349748,0.120093,-0.0199418,0
1378.2,-0,0,-0.00306796,0.0512203,0.349748,0.120093,-0.0199418,0
1378.28,-0,0,-0.00306796,0.0512203,0.349748,0.120093,-0.0199418,0
1378.36,-0,0,-0.00306796,0.0512203,0.349748,0.120093,-0.0199418,0
1378.44,-0,0,-0.00306796,0.0512203,0.349748,0.120093,-0.0199418,0
1378.52,-0,0,-0.00153398,0.0512203,0.349748,0.120093,-0.0199418,0
1378.6,-0,0,-0.00153398,0.0512203,0.349748,0.120093,-0.0199418,0
1378.68,-0,0,-0.00306796,0.0509309,0.349748,0.129932,-0.0199418,0
1378.76,-0,0,-0.00306796,0.0512203,0.349748,0.129932,-0.0199418,0
1378.84,-0,0,-0.00306796,0.0512203,0.349748,0.129932,-0.0199418,0
1378.92,-0,0,-0.00306796,0.0509309,0.349748,0.129932,-0.0199418,0
1379,-0,0,-0.00306796,0.0509309,0.349748,0.129932,-0.0199418,0
1379.08,-0,0,-0.00306796,0.0512203,0.349748,0.129932,-0.0199418,0
1379.16,-0,0,-0.00306796,0.0509309,0.349748,0.129932,-0.0199418,0
1379.24,-0,0,-0.00306796,0.0512203,0.349748,0.129932,-0.0199418,0
