t,aa0,fe0,aa1,fe1,ctq0,ctq1,dtq0,dtq1
1.29454,0.03,0.05,-0,0.34,0,3.47,-1.54,13.03
1.2946,0,0,0,0,3.63847e-41,0,7.42688e-44,0
1.29462,0,4.56613e-41,0,0,3.63847e-41,0,5.1848e-44,0
1.29464,2,0.01,-0.01,0.16,0,0,0,0
1.31253,0.02,0.01,-0.01,0.16,0,0.35,0,0
1.33639,0.02,0.01,-0.01,0.16,0,0,0,0
1.35724,0.01,0.01,-0.01,0.16,0,0,0,0
1.38109,0.02,0.01,-0.01,0.16,0,0,0,0
1.40494,0.02,0.01,-0.01,0.16,0,0,0,0
1.4288,0.02,0.01,-0.01,0.16,0,0,0,0
1.44943,0.02,0.01,-0.01,0.16,0,0,0,0
1.47024,0.02,0.01,-0.01,0.16,0,0,0,0
1.4909,0.02,0.01,-0.01,0.16,0,0,0,0
1.51157,0.02,0.01,-0.01,0.16,0,0,0,0
1.53228,0.02,0.01,-0.01,0.16,0,0,0,0
1.55627,0.02,0.01,-0.01,0.16,0,0,0,0
1.58009,0.02,0.01,-0.01,0.16,0,0,0,0
1.60411,0.02,0.01,-0.01,0.16,0,0,0,0
1.62796,0.02,0.01,-0.01,0.16,0,0,0,0
1.65189,0.02,0.01,-0.01,0.16,0,0,0,0
1.67588,0.02,0.01,-0.01,0.16,0,0,0,0
1.69979,0.01,0.01,-0.01,0.16,0,0,0,0
1.72364,0.02,0.01,-0.01,0.16,0,0,0,0
1.74752,0.02,0.01,-0.01,0.16,0,0,0,0
1.77154,0.02,0.01,-0.01,0.16,0,0,0,0
1.79542,0.02,0.01,-0.01,0.16,0,0,0,0
1.81946,0.02,0.01,-0.01,0.16,0,0,0,0
1.84335,0.02,0.01,-0.01,0.16,0,0,0,0
1.86727,0.02,0.01,-0.01,0.16,0,0,0,0
1.89128,0.02,0.01,-0.01,0.16,0,0,0,0
1.91527,0.02,0.01,-0.01,0.16,0,0,0,0
1.93919,0.02,0.01,-0.01,0.16,0,0,0,0
1.96315,0.02,0.01,-0.01,0.16,0,0,0,0
1.987,0.02,0.01,-0.01,0.16,0,0,0,0
2.01105,0.02,0.01,-0.01,0.16,0,0,0,0
2.03491,0.02,0.01,-0.01,0.16,0,0,0,0
2.05876,0.02,0.01,-0.01,0.16,0,0,0,0
2.08266,0.02,0.01,-0.01,0.16,0,0,0,0
2.10663,0.02,0.01,-0.01,0.16,0,0,0,0
2.13051,0.02,0.01,-0.01,0.16,0,0,0,0
2.15436,0.02,0.01,-0.01,0.16,0,0,0,0
2.17847,0.02,0.01,-0.01,0.16,0,0,0,0
2.20232,0.02,0.01,-0.01,0.16,0,0,0,0
2.22639,0.02,0.01,-0.01,0.16,0,0,0,0
2.25035,0.02,0.01,-0.01,0.16,0,0,0,0
2.27413,0.02,0.01,-0.01,0.16,0,0,0,0
2.29793,0.02,0.01,-0.01,0.16,0,0,0,0
2.32181,0.02,0.01,-0.01,0.16,0,0,0,0
2.34585,0.02,0.01,-0.01,0.16,0,0,0,0
2.36977,0.02,0.01,-0.01,0.16,0,0,0,0
2.39381,0.02,0.01,-0.01,0.16,0,0,0,0
2.41765,0.02,0.01,-0.01,0.16,0,0,0,0
2.4415,0.02,0.01,-0.01,0.16,0,0,0,0
2.46878,0.02,0.01,-0.01,0.16,0.16,0,0,0
2.49586,0.01,0.01,-0.01,0.16,0.48,0,0,0
2.52315,0.02,0.01,-0.01,0.16,0,0,0,0
2.54718,0.02,0.01,-0.01,0.16,0,0,0,0
2.57107,0.02,0.01,-0.01,0.16,0,0,0,0
2.59491,0.02,0.01,-0.01,0.16,0,0,0,0
2.61895,0.02,0.01,-0.01,0.16,0,0,0,0
2.64298,0.02,0.01,-0.01,0.16,0,0,0,0
2.66688,0.02,0.01,-0.01,0.16,0,0,0,0
2.6908,0.02,0.01,-0.01,0.16,0,1.04,0,0
2.71464,0.02,0.01,-0.01,0.16,0,0,0,0
2.73547,0.02,0.01,-0.01,0.16,0,0,0,0
2.7562,0.02,0.01,-0.01,0.16,0,0,0,0
2.78003,0.01,0.01,-0.01,0.16,0,0,0,0
2.80408,0.02,0.01,-0.01,0.16,0,0,0,0
2.82799,0.02,0.01,-0.01,0.16,0,0,0,0
2.85204,0.02,0.01,-0.01,0.16,0,0,0,0
2.87594,0.02,0.01,-0.01,0.16,0,0,0,0
2.8999,0.02,0.01,-0.01,0.16,0,0,0,0
2.92382,0.02,0.01,-0.01,0.16,0,0,0,0
2.94771,0.02,0.01,-0.01,0.16,0,0,0,0
2.97157,0.02,0.01,-0.01,0.16,0,1.04,0,0
2.9956,0.02,0.01,-0.01,0.16,0,0,0,0
3.01626,0.02,0.01,-0.01,0.16,0,0,0,0
3.03709,0.02,0.01,-0.01,0.16,0,0,0,0
3.06095,0.02,0.01,-0.01,0.16,0,0,0,0
3.0848,0.02,0.01,-0.01,0.16,0,0,0,0
3.10864,0.02,0.01,-0.01,0.16,0,0,0,0
3.13271,0.02,0.01,-0.01,0.16,0,0,0,0
3.15659,0.02,0.01,-0.01,0.16,0,0,0,0
3.18048,0.02,0.01,-0.01,0.16,0,1.04,0,0
3.20776,0.02,0.01,-0.01,0.16,0.16,0,0,0
3.23173,0.02,0.01,-0.01,0.16,0,0.7,0,0
3.25252,0.02,0.01,-0.01,0.16,0,0,0,0
3.27637,0.02,0.01,-0.02,0.16,0,0.7,0,0
3.2972,0.02,0.01,-0.01,0.16,0,0,0,0
3.32106,0.02,0.01,-0.01,0.16,0,0.52,0,0
3.34189,0.02,0.01,-0.01,0.16,0,0,0,0
3.36269,0.02,0.01,-0.01,0.16,0,0,0,0
3.38657,0.02,0.01,-0.01,0.16,0.96,0,0,0
3.41389,0.02,0.01,-0.01,0.16,0.96,0,0,0
3.44114,0.02,0.01,-0.01,0.16,0.48,0,0,0
3.4684,0.02,0.01,-0.01,0.16,-0.16,1.04,0,0
3.49248,0.02,0.01,-0.01,0.16,0,0,0,0
3.51313,0.02,0.01,-0.01,0.16,0,0,0,0
3.53376,0.02,0.01,-0.01,0.16,0,0,0,0
3.55781,0.02,0.01,-0.01,0.16,0,0,0,0
3.58167,0.02,0.01,-0.01,0.16,0,0,0,0
3.60878,0.02,0.01,-0.01,0.16,0,1.04,0,0
3.63281,0.02,0.01,-0.01,0.16,0,0,0,0
3.65357,0.02,0.01,-0,0.16,0,0,0,0
3.67427,0.02,0.01,-0.01,0.16,0,0,0,0
3.69808,0.02,0.01,-0.01,0.16,0,0,0,0
3.72538,0.02,0.01,-0.01,0.16,0.64,1.04,0,0
3.75265,0.02,0.01,-0.01,0.16,0.96,0,0,0
3.77671,0.02,0.01,-0.01,0.16,0.32,0,0,0
3.80054,0.02,0.01,-0,0.16,0,0,0,0
3.82462,0.02,0.01,-0.01,0.16,0,1.04,0,0
3.84852,0.02,0.01,-0.01,0.16,0,0,0,0
3.86938,0.02,0.01,-0.01,0.16,0,0,0,0
3.88988,0.02,0.01,-0.01,0.15,0,0,0,0
3.91377,0.02,0.01,-0.01,0.16,0,0,0,0
3.93759,0.02,0.01,-0.01,0.16,0,0,0,0
3.96164,0.02,0.01,-0.01,0.16,0,0,0,0
3.98569,0.02,0.01,-0.01,0.16,0,1.04,0,0
4.00955,0.02,0.01,-0.01,0.16,0,1.04,0,0
4.0304,0.02,0.01,-0.01,0.16,0,0,0,0
4.05103,0.02,0.01,-0.01,0.16,0,0,0,0
4.07182,0.02,0.01,-0.01,0.16,0,0,0,0
4.09248,0.02,0.01,-0.01,0.16,0,0,0,0
4.11632,0.02,0.01,-0.01,0.16,0,0,0,0
4.14038,0.02,0.01,-0.01,0.16,0,0,0,0
4.16436,0.02,0.01,-0.01,0.16,0,0,0,0
4.18827,0.01,0.01,-0.01,0.16,0,0,0,0
4.21205,0.02,0.01,-0.01,0.16,0,1.04,0,0
4.23609,0.02,0.01,-0.01,0.16,0,0,0,0
4.25669,0.02,0.01,-0.01,0.16,0,0,0,0
4.28055,0.02,0.01,-0.01,0.16,0,0.87,0,0
4.3046,0.02,0.01,-0.01,0.16,0,0,0,0
4.32527,0.02,0.01,-0.01,0.16,0,0,0,0
4.34589,0.02,0.01,-0.01,0.16,0,0,0,0
4.36979,0.02,0.01,-0.01,0.16,0,0,0,0
4.39364,0.01,0.01,-0.01,0.16,0,0,0,0
4.41769,0.01,0.01,-0.01,0.16,0,0,0,0
4.44155,0.02,0.01,-0.01,0.16,0,0,0,0
4.46547,0.02,0.01,-0.01,0.16,0,0,0,0
4.48951,0.02,0.01,-0.01,0.16,0,0,0,0
4.51337,0.02,0.01,-0.01,0.16,0,0,0,0
4.53742,0.02,0.01,-0.01,0.16,0,0,0,0
4.56132,0.02,0.01,-0.01,0.16,0,0,0,0
4.58537,0.02,0.01,-0.01,0.16,0,0,0,0
4.60929,0.01,0.01,-0.01,0.16,0,0,0,0
4.63312,0.02,0.01,-0.01,0.16,0,0,0,0
4.65697,0.02,0.01,-0.01,0.16,0,0,0,0
4.68102,0.01,0.01,-0.01,0.16,0,0,0,0
4.70494,0.02,0.01,-0.01,0.16,0,0,0,0
4.72898,0.02,0.01,-0.01,0.16,0,1.04,0,0
4.75284,0.02,0.01,-0.01,0.16,0,0,0,0
4.77674,0.01,0.01,-0.01,0.16,0,0.7,0,0
4.79756,0.02,0.01,-0.01,0.16,0,0,0,0
4.81818,0.02,0.01,-0.01,0.16,0,0,0,0
4.83897,0.02,0.01,-0.01,0.16,0,0,0,0
4.86284,0.02,0.01,-0.01,0.16,0,1.04,0,0
4.88688,0.02,0.01,-0.01,0.16,0,0,0,0
4.90756,0.02,0.01,-0.01,0.16,0,0,0,0
4.92817,0.01,0.01,-0.01,0.16,0,0,0,0
4.95207,0.02,0.01,-0.01,0.16,0,0,0,0
4.97611,0.02,0.01,-0.01,0.16,0,0,0,0
4.99998,0.02,0.01,-0.01,0.16,0,0,0,0
5.02395,0.02,0.01,-0.01,0.16,0,0,0,0
5.048,0.02,0.01,-0.01,0.16,0,1.04,0,0
5.07204,0.02,0.01,-0.01,0.16,0,0,0,0
5.09595,0.02,0.01,-0.02,0.16,0,0.7,0,0
5.1166,0.02,0.01,-0.01,0.16,0,0,0,0
5.1374,0.02,0.01,-0.01,0.16,0,0,0,0
5.158,0.02,0.01,-0.01,0.16,0,0,0,0
5.18204,0.02,0.01,-0,0.16,0,0,0,0
5.20596,0.02,0.01,-0.01,0.16,0,0,0,0
5.22974,0.02,0.01,-0.01,0.16,0,0,0,0
5.25362,0.02,0.01,-0.01,0.16,0,0,0,0
5.27748,0.02,0.01,-0.01,0.16,0,0,0,0
5.30153,0.02,0.01,-0.01,0.16,0,0,0,0
5.32555,0.02,0.01,-0.01,0.16,0,0,0,0
5.34959,0.02,0.01,-0.01,0.16,0,0,0,0
5.37344,0.02,0.01,-0.01,0.16,0,0,0,0
5.3974,0.01,0.01,-0.01,0.16,0,0,0,0
5.4214,0.02,0.01,-0.01,0.16,0,0,0,0
5.44522,0.02,0.01,-0.01,0.16,0,0,0,0
5.46914,0.02,0.01,-0.01,0.16,0,0,0,0
5.49315,0.02,0.01,-0.01,0.16,0,1.04,0,0
5.51718,0.02,0.01,-0.01,0.16,0,0,0,0
5.538,0.02,0.01,-0.01,0.16,0,0,0,0
5.55863,0.02,0.01,-0.01,0.16,0,0,0,0
5.58255,0.02,0.01,-0.01,0.16,0,0,0,0
5.60641,0.02,0.01,-0.01,0.16,0,0,0,0
5.63045,0.02,0.01,-0.01,0.16,0,0,0,0
5.65451,0.02,0.01,-0.01,0.16,0,1.04,0,0
5.67847,0.02,0.01,-0.01,0.16,0,0,0,0
5.69901,0.02,0.01,-0.01,0.16,0,0,0,0
5.71968,0.02,0.01,-0.01,0.16,0,0,0,0
5.74367,0.02,0.01,-0.01,0.16,0,0,0,0
5.76755,0.02,0.01,-0.01,0.16,0,0,0,0
5.79147,0.02,0.01,-0.01,0.16,0,0,0,0
5.81546,0.02,0.01,-0.01,0.16,0,0,0,0
5.8393,0.02,0.01,-0.01,0.16,0,0,0,0
5.86308,0.02,0.01,-0.01,0.16,0,0,0,0
5.88714,0.02,0.01,-0.01,0.16,0,0,0,0
5.91104,0.02,0.01,-0.01,0.16,0,0,0,0
5.93509,0.02,0.01,-0.01,0.16,0,0,0,0
5.95895,0.02,0.01,-0.01,0.16,0,0,0,0
5.98282,0.02,0.01,-0.01,0.16,0,0,0,0
6.00686,0.02,0.01,-0.01,0.16,0,0,0,0
6.03073,0.02,0.01,-0.01,0.16,0,0,0,0
6.05463,0.02,0.01,-0.01,0.16,0,0,0,0
6.07849,0.02,0.01,-0.01,0.16,0,0,0,0
6.10254,0.01,0.01,-0.01,0.16,0,0,0,0
6.1264,0.02,0.01,-0.01,0.16,0,0,0,0
6.15031,0.02,0.01,-0,0.16,0,0,0,0
6.17417,0.02,0.01,-0.01,0.16,0,0,0,0
6.19819,0.02,0.01,-0.01,0.16,0,0,0,0
6.22534,0.02,0.01,-0.01,0.16,0.16,0,0,0
6.24954,0.02,0.01,-0.01,0.16,0,0,0,0
6.27347,0.02,0.01,-0.01,0.16,0,0,0,0
6.29747,0.02,0.01,-0.01,0.16,0,0,0,0
6.32136,0.02,0.01,-0.01,0.16,0,0,0,0
6.34521,0.02,0.01,-0.01,0.16,0,0,0,0
6.36907,0.02,0.01,-0,0.16,0,0,0,0
6.39311,0.02,0.01,-0.01,0.16,0,0,0,0
6.41704,0.02,0.01,-0.01,0.16,0,0,0,0
6.44088,0.02,0.01,-0.01,0.16,0,0,0,0
6.46493,0.02,0.01,-0.01,0.16,0,0,0,0
6.48879,0.02,0.01,-0.01,0.16,0,0,0,0
6.51288,0.02,0.01,-0.01,0.16,0,0,0,0
6.53675,0.02,0.01,-0.01,0.16,0,0,0,0
6.56062,0.02,0.01,-0.01,0.16,0,0,0,0
6.58452,0.02,0.01,-0.01,0.16,0,0,0,0
6.60855,0.02,0.01,-0.01,0.16,0,0,0,0
6.63234,0.02,0.01,-0,0.16,0,0,0,0
6.65615,0.02,0.01,-0.01,0.16,0,0,0,0
6.68021,0.02,0.01,-0.01,0.16,0,0,0,0
6.70422,0.02,0.01,-0.01,0.16,0,0,0,0
6.72826,0.02,0.01,-0.01,0.16,0,1.04,0,0
6.75217,0.02,0.01,-0.02,0.16,0,0,0,0
6.7728,0.02,0.01,-0.01,0.16,0,0,0,0
6.79361,0.02,0.01,-0.01,0.16,0,0,0,0
6.81747,0.02,0.01,-0.01,0.16,0,0,0,0
6.84152,0.02,0.01,-0.01,0.16,0,1.04,0,0
6.86537,0.02,0.01,-0.01,0.16,0,0,0,0
6.88947,0.02,0.01,-0.01,0.16,0,0.7,0,0
6.91331,0.02,0.01,-0.01,0.16,0,0.87,0,0
6.93413,0.02,0.01,-0.01,0.16,0,0,0,0
6.95475,0.02,0.01,-0,0.16,0,0,0,0
6.97862,0.02,0.01,0,0.16,0,0,0,0
6.99956,0.01,0.01,-0.01,0.16,0,0,0,0
7.02326,0.02,0.01,-0.01,0.16,0,0,0,0
7.04712,0.02,0.01,-0.01,0.16,0,0,0,0
7.07421,0.02,0.01,-0,0.16,0.48,0,0,0
7.09825,0.02,0.01,-0.01,0.16,0,0,0,0
7.12541,0.02,0.01,-0.01,0.16,0.48,0,0,0
7.14942,0.02,0.01,-0.01,0.16,0,0,0,0
7.17674,0.02,0.01,-0.01,0.16,0.32,0,0,0
7.20402,0.01,0.01,-0.01,0.16,0.48,1.04,0,0
7.23132,0.01,0.01,-0.01,0.16,0.16,0,0,0
7.25191,0.02,0.01,-0.01,0.16,0,0,0,0
7.27574,0.02,0.01,-0.01,0.16,0,0.87,0,0
7.30316,0.02,0.01,-0.01,0.16,0.16,1.04,0,0
7.32716,0.02,0.01,-0.01,0.16,0,0.52,0,0
7.34784,0.02,0.01,-0.01,0.16,0,0,0,0
7.36847,0.02,0.01,-0.01,0.16,0,0,0,0
7.39252,0.02,0.01,-0.01,0.16,0,0,0,0
7.41316,0.02,0.01,-0,0.16,0,0,0,0
7.43373,0.02,0.01,-0.01,0.16,0,0,0,0
7.45762,0.02,0.01,-0.01,0.16,0,1.04,0,0
7.48147,0.02,0.01,-0.01,0.16,0,0,0,0
7.50558,0.02,0.01,-0.01,0.16,0,0.7,0,0
7.52944,0.02,0.01,-0.01,0.16,0,0.87,0,0
7.55032,0.02,0.01,-0.01,0.16,0,0,0,0
7.571,0.02,0.01,-0.01,0.16,0,0,0,0
7.59503,0.02,0.01,-0.01,0.16,0.96,0,0,0
7.61894,0.02,0.01,-0.01,0.16,0.96,0,0,0
7.64621,0.02,0.01,-0.01,0.16,0.48,0,0,0
7.67675,0.02,0.01,-0.01,0.16,-0.16,0.69,-0.01,-0.08
7.70081,0.02,0.01,-0.01,0.16,0,9.91,-0.01,-0.08
7.72503,0.02,0.01,-0.01,0.16,0,14.94,-0.01,-0.08
7.75149,0.02,0.01,-0.01,0.16,0,16.49,-0.01,-0.08
7.7757,0.02,0.01,-0.01,0.15,0,15.96,-0.01,-0.08
7.7999,0.02,0.01,-0.01,0.15,0,16.3,-0.01,-0.08
7.82619,0.02,0.01,-0.01,0.15,0,15.6,-0.01,-0.08
7.85043,0.02,0.01,-0.01,0.15,0,15.77,-0.01,-0.08
7.87462,0.02,0.01,-0.01,0.15,0,15.77,-0.01,-0.08
7.90144,0.02,0.01,-0.01,0.15,0,14.55,-0.01,-0.07
7.92543,0.02,0.01,-0.01,0.15,0,14.02,-0.01,-0.07
7.94948,0.02,0.01,-0.01,0.15,0,14.54,-0.01,-0.07
7.97371,0.02,0.01,-0.01,0.15,0,14.88,-0.01,-0.07
8.00049,0.02,0.01,-0.01,0.15,0,15.4,-0.01,-0.05
8.02453,0.02,0.01,-0.01,0.15,0,18.17,-0.01,-0.05
8.04869,0.02,0.01,-0.01,0.15,0,20.42,-0.01,-0.05
8.07533,0.02,0.01,-0.01,0.15,0,21.63,-0.01,-0.02
8.09933,0.02,0.01,-0.01,0.15,0,23.15,-0.01,-0.02
8.12352,0.02,0.01,-0.01,0.15,0,26.09,-0.01,-0.02
8.15016,0.02,0.01,-0.01,0.15,0,26.41,-0.01,0
8.17421,0.02,0.01,-0.01,0.15,0,29,-0.01,0
8.19843,0.02,0.01,-0.01,0.16,0,30.9,-0.01,0
8.22532,0.02,0.01,0,0.15,0,31.76,-0.01,0.01
8.24933,0.02,0.01,-0.01,0.15,0,31.73,-0.01,0.01
8.27339,0.02,0.01,-0.01,0.15,0,32.42,-0.01,0.01
8.30011,0.02,0.01,-0.01,0.15,0,31.53,-0.01,0.03
8.32415,0.02,0.01,-0.01,0.15,0,33.11,-0.01,0.03
8.34836,0.02,0.01,-0.01,0.14,0,30.98,-0.01,0.03
8.37254,0.02,0.01,-0.01,0.14,0,29.92,-0.01,0.03
8.39933,0.02,0.01,-0.01,0.14,0,30.09,-0.01,0.03
8.42333,0.02,0.01,-0.01,0.14,0,30.09,-0.01,0.03
8.44754,0.02,0.01,-0.01,0.14,0,30.09,-0.01,0.03
8.47444,0.02,0.01,-0.01,0.13,0,28.86,-0.01,0.03
8.49837,0.02,0.01,-0.01,0.13,0,28.86,-0.01,0.03
8.52241,0.02,0.01,-0.01,0.13,0,28.86,-0.01,0.03
8.54914,0.02,0.01,-0.01,0.13,0,28.86,-0.01,0.04
8.57323,0.02,0.01,-0.01,0.13,0,28.86,-0.01,0.04
8.59743,0.02,0.01,-0.01,0.13,0,28.86,-0.01,0.04
8.62403,0.02,0.01,-0.01,0.13,0,28.86,-0.01,0.04
8.64822,0.02,0.01,-0.01,0.13,0,28.86,-0.01,0.04
8.67248,0.02,0.01,-0.01,0.13,0,28.86,-0.01,0.04
8.69923,0.02,0.01,-0.01,0.13,0,28.86,-0.01,0.04
8.72337,0.02,0.01,-0.01,0.13,0,28.86,-0.01,0.04
8.74753,0.02,0.01,-0.01,0.13,0,27.8,-0.01,0.04
8.77157,0.02,0.01,-0.01,0.13,0,27.8,-0.01,0.04
8.79923,0.02,0.01,-0.01,0.13,0,27.63,-0.01,0.04
8.82323,0.02,0.01,-0.01,0.13,0,27.8,-0.01,0.04
8.84748,0.02,0.01,-0.01,0.13,0,27.63,-0.01,0.04
8.87423,0.02,0.01,-0.01,0.13,0,27.8,-0.01,0.04
8.89834,0.02,0.01,-0.01,0.13,0,27.8,-0.01,0.04
8.92252,0.02,0.01,-0.01,0.13,0,27.63,-0.01,0.04
8.94934,0.02,0.01,-0.01,0.13,0,27.63,-0.01,0.04
8.97333,0.02,0.01,-0.01,0.13,0,27.8,-0.01,0.04
8.99744,0.01,0.01,-0.01,0.13,0,27.8,-0.01,0.04
9.02423,0.02,0.01,-0.01,0.13,0,27.63,-0.01,0.04
9.04843,0.02,0.01,-0.01,0.13,0,27.63,-0.01,0.04
9.07248,0.02,0.01,-0.01,0.13,0,27.8,-0.01,0.04
9.09924,0.02,0.01,-0.01,0.13,0,27.8,-0.01,0.04
9.12334,0.02,0.01,-0.01,0.13,0,27.63,-0.01,0.04
9.14752,0.02,0.01,-0.01,0.13,0,27.8,-0.01,0.04
9.17157,0.02,0.01,-0.01,0.13,0,28.86,-0.01,0.04
9.19923,0.02,0.01,-0.01,0.13,0,28.86,-0.01,0.04
9.22323,0.02,0.01,-0.01,0.13,0,28.69,-0.01,0.04
9.24751,0.02,0.01,-0.01,0.14,0,30.09,-0.01,0.04
9.27424,0.02,0.01,-0.01,0.14,0,30.09,-0.01,0.04
9.29835,0.02,0.01,-0.01,0.14,0,30.09,-0.01,0.04
9.32252,0.02,0.01,-0.01,0.14,0,29.92,-0.01,0.04
9.34937,0.02,0.01,-0.01,0.15,0,29.92,-0.01,0.04
9.37335,0.02,0.01,-0.01,0.15,0,29.92,-0.01,0.04
9.39753,0.02,0.01,-0.01,0.15,0,31.33,-0.01,0.04
9.42414,0.02,0.01,-0,0.15,0,31.33,-0.01,0.03
9.44845,0.02,0.01,-0,0.15,0,31.33,-0.01,0.03
9.47261,0.02,0.01,-0,0.15,0,31.5,-0.01,0.03
9.49916,0.02,0.01,-0,0.16,0,32.56,-0.01,0.02
9.52334,0.02,0.01,-0,0.17,0,33.8,-0.01,0.02
9.54747,0.02,0.01,-0,0.2,0,37.17,-0.01,0.02
9.57147,0.02,0.01,-0,0.21,0,39.48,-0.01,0.02
9.59925,0.02,0.01,-0,0.23,0,44.28,-0.01,-0.01
9.62328,0.02,0.01,-0,0.24,0,46.77,-0.01,-0.01
9.64735,0.02,0.01,-0,0.26,0,52.48,-0.01,-0.01
9.67429,0.02,0.01,-0,0.27,0,53.72,-0.01,-0.04
9.69855,0.02,0.01,-0,0.28,0,54.79,-0.01,-0.04
9.7226,0.02,0.01,-0,0.29,0,60.66,-0.01,-0.04
9.74935,0.02,0.01,0,0.3,0,64.21,-0.01,-0.05
9.77346,0.02,0.02,0,0.31,0,66.68,-0.01,-0.05
9.79737,0.02,0.01,0,0.32,0,71.1,-0.01,-0.05
9.82436,0.02,0.01,0,0.33,0,71.1,-0,-0.07
9.84836,0.02,0.01,0,0.33,0,73.38,-0,-0.07
9.87236,0.02,0.02,0,0.36,0,79.16,-0,-0.07
9.89936,0.02,0.02,0,0.37,0,83.68,-0.01,-0.09
9.92335,0.02,0.02,0,0.38,0,88.17,-0.01,-0.09
9.9474,0.02,0.02,0,0.39,0,87.13,-0.01,-0.09
9.97145,0.02,0.03,0,0.39,0,87.13,-0.01,-0.09
9.9991,0.02,0.03,0,0.39,0,88.17,-0.01,-0.1
10.0234,0.02,0.03,0,0.4,0,89.37,-0.01,-0.1
10.0474,0.02,0.03,0,0.41,0,90.4,-0.01,-0.1
10.0742,0.02,0.03,0,0.42,0,95.85,-0.01,-0.11
10.0982,0.02,0.03,0,0.42,0,99.22,-0.01,-0.11
10.1224,0.02,0.03,0,0.42,0,100.23,-0.01,-0.11
10.1494,0.02,0.03,0,0.43,0,106.72,-0.01,-0.12
10.1734,0.02,0.03,0,0.44,0,107.7,-0.01,-0.12
10.1976,0.02,0.03,0,0.45,0,110.81,-0.01,-0.12
10.2244,0.02,0.03,0,0.46,0,110.81,-0.01,-0.13
10.2486,0.01,0.03,0,0.46,0,108.68,-0.01,-0.13
10.2729,0.02,0.03,0,0.47,0,110.81,-0.01,-0.13
10.2996,0.02,0.03,0,0.47,0,109.84,-0.01,-0.14
10.3239,0.02,0.03,0,0.48,0,109.84,-0.01,-0.14
10.3479,0.02,0.03,0,0.48,0,109.84,-0.01,-0.14
10.3722,0.02,0.03,0,0.48,0,110.81,-0.01,-0.14
10.3993,0.02,0.03,0,0.48,0,111.78,-0.01,-0.15
10.4234,0.02,0.03,0,0.49,0,111.78,-0.01,-0.15
10.4476,0.02,0.03,0,0.49,0,112.93,-0.01,-0.15
10.4744,0.02,0.03,0,0.51,0,117.9,-0.01,-0.15
10.4984,0.02,0.03,0,0.51,0,113.89,-0.01,-0.15
10.5226,0.02,0.03,0,0.51,0,116.94,-0.01,-0.15
10.5494,0.02,0.03,0,0.52,0,119.96,-0.02,-0.17
10.5736,0.02,0.03,0,0.52,0,120.91,-0.02,-0.17
10.5978,0.02,0.03,0,0.52,0,120.91,-0.02,-0.17
10.6247,0.02,0.03,0,0.52,0,121.84,-0.02,-0.17
10.6487,0.02,0.03,0,0.52,0,121.84,-0.02,-0.17
10.6729,0.02,0.03,0,0.52,0,120.91,-0.02,-0.17
10.6997,0.02,0.03,-0.01,0.53,0,121.84,-0.02,-0.16
10.7239,0.02,0.03,0,0.52,0,120.22,-0.02,-0.16
10.7482,0.02,0.03,-0,0.52,0,119.87,-0.02,-0.16
10.7722,0.02,0.03,0,0.52,0,120.81,-0.02,-0.16
10.7994,0.02,0.03,0,0.52,0,120.64,-0.02,-0.14
10.8234,0.02,0.03,0,0.53,0,118.14,-0.02,-0.14
10.8476,0.02,0.03,0,0.53,0,119.46,-0.02,-0.14
10.8744,0.02,0.03,0,0.53,0,117.92,-0.02,-0.12
10.8986,0.02,0.03,-0,0.54,0,104.38,-0.02,-0.12
10.9227,0.02,0.03,0,0.54,0,86.31,-0.02,-0.12
10.9495,0.02,0.03,0,0.56,0,76.24,-0.02,-0.11
10.9737,0.02,0.03,0,0.56,0,85.13,-0.02,-0.11
10.9977,0.02,0.03,0,0.56,0,98.29,-0.02,-0.11
11.0247,0.02,0.03,0,0.56,0,105.3,-0.02,-0.12
11.0487,0.02,0.03,0,0.56,0,119.31,-0.02,-0.12
11.0729,0.02,0.03,0,0.56,0,138.12,-0.02,-0.12
11.0997,0.02,0.03,0,0.55,0,156.58,-0.02,-0.12
11.1238,0.02,0.03,0,0.56,0,169.74,-0.02,-0.12
11.148,0.02,0.03,0,0.55,0,172.2,-0.02,-0.12
11.172,0.02,0.03,0,0.55,0,174.77,-0.02,-0.12
11.1994,0.02,0.03,0,0.55,0,175.63,-0.01,-0.11
11.2235,0.02,0.03,-0,0.55,0,178.01,-0.01,-0.11
11.2476,0.02,0.03,0,0.55,0,181.12,-0.01,-0.11
11.2744,0.02,0.03,0,0.55,0,182.33,-0.01,-0.11
11.2986,0.02,0.03,0,0.55,0,189.02,-0.01,-0.11
11.3226,0.02,0.04,0,0.55,0,193.3,-0.01,-0.11
11.3494,0.02,0.04,0,0.55,0,196.92,-0.02,-0.1
11.3736,0.02,0.04,0,0.55,0,206.01,-0.02,-0.1
11.3977,0.02,0.04,0,0.55,0,216.81,-0.02,-0.1
11.4245,0.02,0.04,-0,0.55,0,219.4,-0.02,-0.11
11.4487,0.02,0.04,0,0.55,0,223.36,-0.02,-0.11
11.4727,0.01,0.04,0,0.55,0,225.77,-0.02,-0.11
11.4997,0.01,0.04,0,0.55,0,226.81,-0.02,-0.1
11.5238,0.01,0.04,0,0.53,0,226.99,-0.02,-0.1
11.5478,0.01,0.05,0,0.54,0,227.5,-0.02,-0.1
11.5718,0.01,0.04,0,0.54,0,227.68,-0.02,-0.1
11.5994,0.01,0.05,0,0.54,0,227.68,-0.02,-0.1
11.6235,0.01,0.04,0,0.54,0,227.68,-0.02,-0.1
11.6477,0.01,0.04,-0.01,0.54,0,227.68,-0.02,-0.1
11.6745,0.01,0.05,0,0.54,0,227.68,-0.02,-0.1
11.6986,0.01,0.05,0,0.54,0,227.85,-0.02,-0.1
11.7228,0.01,0.05,0,0.54,0,227.85,-0.02,-0.1
11.7496,0.01,0.05,0,0.54,0,227.85,-0.03,-0.1
11.7736,0.01,0.05,0,0.54,0,227.85,-0.03,-0.1
11.7978,0.01,0.05,0,0.54,0,227.85,-0.03,-0.1
11.8246,0.01,0.05,0,0.54,0,227.85,-0.03,-0.1
11.8487,0.01,0.05,0,0.53,0,227.85,-0.03,-0.1
11.8729,0.01,0.05,0,0.53,0,227.85,-0.03,-0.1
11.8997,0.01,0.05,0,0.53,0,227.85,-0.03,-0.1
11.9238,0.01,0.05,0,0.53,0,227.85,-0.03,-0.1
11.9479,0.01,0.05,0,0.54,0,227.85,-0.03,-0.1
11.972,0.01,0.05,0,0.54,0,228.7,-0.03,-0.1
11.9994,0.01,0.05,0,0.54,0,228.7,-0.03,-0.1
12.0234,0.01,0.05,0,0.54,0,228.7,-0.03,-0.1
12.0477,0.01,0.05,0,0.54,0,227.85,-0.03,-0.1
12.0745,0.01,0.05,0,0.54,0,227.85,-0.03,-0.1
12.0987,0.01,0.05,0,0.54,0,227.85,-0.03,-0.1
12.1227,0.01,0.05,0,0.54,0,227.85,-0.03,-0.1
12.1495,0.01,0.05,0,0.54,0,227.85,-0.02,-0.1
12.1737,0.01,0.05,0,0.54,0,227.85,-0.02,-0.1
12.1978,0.01,0.05,0,0.54,0,228.02,-0.02,-0.1
12.2245,0.01,0.05,0,0.54,0,228.87,-0.02,-0.1
12.2486,0.01,0.05,0,0.54,0,228.87,-0.02,-0.1
12.2726,0.01,0.05,0,0.54,0,229.04,-0.02,-0.1
12.2996,0.01,0.05,-0.01,0.54,0,229.04,-0.02,-0.1
12.3236,0.01,0.05,0,0.54,0,229.04,-0.02,-0.1
12.3477,0.01,0.05,0,0.54,0,229.04,-0.02,-0.1
12.3718,0.01,0.05,-0,0.54,0,229.04,-0.02,-0.1
12.3992,0.01,0.05,0,0.54,0,229.04,-0.03,-0.1
12.4234,0.01,0.05,0,0.54,0,229.38,-0.03,-0.1
12.4476,0.01,0.05,-0.01,0.54,0,228.71,-0.03,-0.1
12.4744,0.01,0.05,0,0.54,0,229.73,-0.03,-0.1
12.4987,0.01,0.05,0,0.54,0,229.73,-0.03,-0.1
12.5228,0.01,0.05,0,0.54,0,229.73,-0.03,-0.1
12.5495,0.01,0.05,0,0.53,0,229.05,-0.03,-0.1
12.5736,0.01,0.05,0,0.53,0,228.88,-0.03,-0.1
12.5977,0.01,0.05,-0,0.54,0,229.05,-0.03,-0.1
12.6246,0.01,0.05,0,0.53,0,229.05,-0.03,-0.1
12.6486,0.01,0.05,0,0.53,0,228.88,-0.03,-0.1
12.6727,0.01,0.05,0,0.53,0,229.05,-0.03,-0.1
12.6996,0.01,0.05,-0.01,0.53,0,229.05,-0.03,-0.1
12.7235,0.01,0.05,0,0.53,0,229.05,-0.03,-0.1
12.7477,0.01,0.05,0,0.53,0,229.05,-0.03,-0.1
12.7717,0.01,0.05,0,0.53,0,229.05,-0.03,-0.1
12.7993,0.01,0.05,-0,0.53,0,229.05,-0.03,-0.1
12.8235,0.01,0.05,-0,0.53,0,229.05,-0.03,-0.1
12.8477,0.01,0.05,-0,0.53,0,229.05,-0.03,-0.1
12.8745,0.01,0.05,0,0.53,0,229.05,-0.03,-0.1
12.8986,0.01,0.05,0,0.53,0,229.05,-0.03,-0.1
12.9227,0.01,0.05,0,0.53,0,229.05,-0.03,-0.1
12.9496,0.01,0.05,0,0.53,0,229.05,-0.03,-0.1
12.9737,0.01,0.05,0,0.53,0,229.05,-0.03,-0.1
12.9977,0.01,0.05,0,0.54,0,229.73,-0.03,-0.1
13.0246,0.01,0.05,0,0.54,0,229.9,-0.03,-0.1
13.0487,0.01,0.05,-0,0.54,0,229.9,-0.03,-0.1
13.0727,0.01,0.05,0,0.54,0,229.9,-0.03,-0.1
13.0997,0.01,0.05,0,0.54,0,229.9,-0.03,-0.1
13.1239,0.01,0.05,0,0.54,0,229.9,-0.03,-0.1
13.148,0.01,0.05,-0,0.54,0,229.9,-0.03,-0.1
13.1722,0.01,0.05,-0,0.54,0,229.9,-0.03,-0.1
13.1995,0.01,0.05,-0,0.54,0,229.9,-0.03,-0.1
13.2236,0.01,0.05,-0.01,0.54,0,229.9,-0.03,-0.1
13.2477,0.01,0.05,0,0.53,0,228.03,-0.03,-0.1
13.2746,0.01,0.05,-0,0.54,0,228.03,-0.03,-0.1
13.2987,0.01,0.05,0,0.53,0,228.03,-0.03,-0.1
13.3227,0.01,0.05,-0.01,0.53,0,228.03,-0.03,-0.1
13.3497,0.01,0.05,0,0.53,0,228.03,-0.03,-0.1
13.3737,0.01,0.05,-0,0.53,0,228.03,-0.03,-0.1
13.3978,0.01,0.05,0,0.53,0,228.03,-0.03,-0.1
13.4246,0.01,0.05,-0,0.53,0,228.03,-0.03,-0.1
13.4488,0.01,0.05,-0,0.53,0,228.03,-0.03,-0.1
13.473,0.01,0.05,0,0.53,0,228.03,-0.03,-0.1
13.4997,0.01,0.05,0,0.53,0,227.17,-0.03,-0.1
13.5238,0.01,0.05,-0,0.53,0,227.17,-0.03,-0.1
13.548,0.01,0.05,0,0.53,0,227.17,-0.03,-0.1
13.5719,0.01,0.05,0,0.53,0,227.17,-0.03,-0.1
13.5994,0.01,0.05,-0.01,0.53,0,227.17,-0.03,-0.1
13.6235,0.01,0.05,-0,0.53,0,226.31,-0.03,-0.1
13.6476,0.01,0.05,-0,0.53,0,226.31,-0.03,-0.1
13.6746,0.01,0.05,-0,0.53,0,226.31,-0.03,-0.09
13.6987,0.01,0.05,-0,0.52,0,225.44,-0.03,-0.09
13.7227,0.01,0.05,0,0.52,0,223.52,-0.03,-0.09
13.7498,0.01,0.05,-0,0.52,0,222.64,-0.03,-0.09
13.7739,0.01,0.05,0,0.51,0,221.58,-0.03,-0.09
13.7982,0.01,0.05,-0,0.51,0,219.79,-0.03,-0.09
13.8249,0.01,0.05,-0,0.51,0,219.79,-0.03,-0.09
13.8492,0.01,0.05,-0.01,0.51,0,217.81,-0.03,-0.09
13.8734,0.01,0.05,-0,0.51,0,216.9,-0.03,-0.09
13.9002,0.01,0.05,-0,0.51,0,217.81,-0.03,-0.08
13.9244,0.01,0.05,-0,0.49,0,209.86,-0.03,-0.08
13.9486,0.01,0.05,-0,0.47,0,209.25,-0.03,-0.08
13.9728,0.01,0.05,-0,0.45,0,200.15,-0.03,-0.08
13.9996,0.01,0.05,-0,0.44,0,196.8,-0.03,-0.06
14.0236,0.01,0.05,-0,0.43,0,194.6,-0.03,-0.06
14.0478,0.01,0.04,-0,0.41,0,191.36,-0.03,-0.06
14.0745,0.01,0.04,-0,0.4,0,190.16,-0.02,-0.03
14.0987,0.01,0.05,-0,0.4,0,187.91,-0.02,-0.03
14.1227,0.01,0.04,-0,0.39,0,186.87,-0.02,-0.03
14.1495,0.01,0.05,-0,0.38,0,181.08,-0.02,-0.03
14.1737,0.01,0.05,0,0.36,0,172.85,-0.02,-0.03
14.1977,0.01,0.05,-0,0.34,0,163.16,-0.02,-0.03
14.2246,0.01,0.04,0,0.31,0,153.27,-0.02,0
14.2486,0.01,0.03,0,0.28,0,145.7,-0.02,0
14.2728,0.01,0.04,-0,0.26,0,135.54,-0.02,0
14.2996,0.01,0.03,-0,0.21,0,117.79,-0.02,0.04
14.3236,0.01,0.04,0,0.19,0,112.68,-0.02,0.04
14.3478,0.01,0.03,-0.02,0.18,0,107.73,-0.02,0.04
14.3719,0.01,0.03,-0,0.16,0,102.78,-0.02,0.04
14.3992,0.01,0.03,-0,0.14,0,97.5,-0.02,0.09
14.4232,0.01,0.04,-0,0.13,0,95.1,-0.02,0.09
14.4472,0.01,0.04,-0,0.13,0,93.91,-0.02,0.09
14.4742,0.01,0.04,-0,0.12,0,91.36,-0.02,0.11
14.4983,0.01,0.04,-0,0.11,0,87.62,-0.02,0.11
14.5223,0.01,0.04,-0,0.11,0,87.62,-0.02,0.11
14.5491,0.01,0.04,-0,0.11,0,87.62,-0.02,0.12
14.5731,0.01,0.04,-0,0.1,0,86.43,-0.02,0.12
14.5973,0.01,0.04,-0,0.1,0,86.43,-0.02,0.12
14.6241,0.01,0.04,-0,0.1,0,86.43,-0.02,0.12
14.6482,0.01,0.04,-0,0.1,0,86.43,-0.02,0.12
14.6724,0.01,0.04,0,0.09,0,85.08,-0.02,0.12
14.6992,0.01,0.04,-0,0.08,0,81.36,-0.02,0.13
14.7232,0.01,0.04,-0,0.09,0,82.54,-0.02,0.13
14.7472,0.01,0.04,-0,0.08,0,81.36,-0.02,0.13
14.7713,0.01,0.04,-0,0.08,0,80.02,-0.02,0.13
14.7991,0.01,0.04,-0,0.07,0,80.17,-0.02,0.13
14.8233,0.01,0.04,-0,0.07,0,79.31,-0.02,0.13
14.8476,0.01,0.04,-0,0.07,0,78.13,-0.02,0.13
14.8743,0.01,0.04,-0,0.07,0,78.28,-0.02,0.14
14.8984,0.01,0.04,-0,0.07,0,79.62,-0.02,0.14
14.9223,0.01,0.04,-0,0.07,0,79.62,-0.02,0.14
14.9492,0.01,0.04,-0,0.07,0,78.28,-0.02,0.14
14.9732,0.01,0.04,-0,0.07,0,78.28,-0.02,0.14
14.9973,0.01,0.04,-0,0.07,0,78.28,-0.02,0.14
15.0242,0.01,0.03,-0,0.07,0,78.28,-0.02,0.14
15.0483,0.01,0.03,-0,0.07,0,77.11,-0.02,0.14
15.0723,0.01,0.03,-0,0.07,0,77.11,-0.02,0.14
15.0991,0.01,0.03,-0,0.07,0,78.28,-0.02,0.14
15.1231,0.01,0.03,-0,0.07,0,78.28,-0.02,0.14
15.1474,0.01,0.03,-0,0.07,0,77.11,-0.02,0.14
15.1714,0.01,0.03,-0,0.07,0,78.28,-0.02,0.14
15.1988,0.01,0.03,-0,0.07,0,77.11,-0.02,0.14
15.223,0.01,0.03,-0,0.07,0,77.18,-0.02,0.14
15.247,0.01,0.03,-0,0.07,0,76.56,-0.02,0.14
15.2742,0.01,0.03,-0,0.07,0,75.77,-0.02,0.13
15.2981,0.01,0.03,-0,0.07,0,63.82,-0.02,0.13
15.3223,0.01,0.04,-0,0.08,0,49.16,-0.02,0.13
15.349,0.01,0.04,0,0.08,0,29.26,-0.02,0.11
15.3732,0.01,0.04,-0,0.08,0,12.79,-0.02,0.11
15.397,0.01,0.04,-0,0.08,0,0.16,-0.02,0.11
15.4207,0.01,0.03,-0,0.08,0,0,-0.02,0.08
15.4414,0.01,0.03,-0,0.09,0,0,-0.02,0.08
15.4622,0.01,0.03,-0,0.09,0,0,-0.02,0.08
15.4829,0.01,0.03,-0,0.09,0,0,-0.02,0.08
15.5062,0.01,0.03,-0,0.09,0,0,-0.02,0.05
15.527,0.01,0.03,-0,0.08,0,0,-0.02,0.05
15.5476,0.01,0.04,-0,0.08,0,0,-0.02,0.05
15.5685,0.02,0.04,-0,0.08,0,0,-0.02,0.05
15.5892,0.01,0.04,-0,0.06,0,0,-0.02,0.05
15.6125,0.01,0.04,-0,0.06,0,0,-0.02,0.04
15.6332,0.02,0.04,-0,0.06,0,0,-0.02,0.04
15.654,0.02,0.04,-0,0.06,0,0,-0.02,0.04
15.6774,0.02,0.04,-0,0.05,0,0,-0.02,0.04
15.698,0.02,0.04,-0,0.05,0,0,-0.02,0.04
15.7188,0.02,0.04,-0,0.05,0,0,-0.02,0.04
15.7394,0.02,0.04,-0,0.05,0,0,-0.02,0.04
15.7628,0.02,0.04,-0,0.05,0,0,-0.02,0.04
15.7835,0.02,0.04,-0,0.05,0,0,-0.02,0.04
15.8043,0.02,0.04,-0,0.05,0,0,-0.02,0.04
15.8274,0.02,0.04,-0,0.05,0,0,-0.02,0.04
15.8483,0.02,0.04,-0,0.05,0,0,-0.02,0.04
15.8691,0.02,0.04,-0,0.06,0,0,-0.02,0.04
15.8897,0.02,0.04,-0,0.05,0,0,-0.02,0.04
15.9131,0.02,0.04,-0,0.05,0,0,-0.02,0.04
15.9339,0.02,0.04,-0,0.05,0,0,-0.02,0.04
15.9546,0.02,0.04,-0,0.05,0,0,-0.02,0.04
15.9755,0.02,0.04,-0,0.04,0,0,-0.02,0.04
15.9987,0.02,0.04,-0,0.04,0,0,-0.02,0.04
16.0195,0.02,0.04,-0,0.04,0,0,-0.02,0.04
16.0405,0.02,0.04,-0,0.04,0,0,-0.02,0.04
16.061,0.02,0.04,-0,0.04,0,0,-0.02,0.04
16.0845,0.02,0.04,-0,0.04,0,0,-0.02,0.04
16.1052,0.02,0.04,-0,0.04,0,0,-0.02,0.04
16.1259,0.02,0.04,-0,0.04,0,0,-0.02,0.04
16.1492,0.02,0.04,-0,0.04,0,0,-0.02,0.04
16.17,0.02,0.04,-0,0.04,0,0,-0.02,0.04
16.1908,0.02,0.04,-0,0.04,0,0,-0.02,0.04
16.2116,0.02,0.04,-0,0.04,0,0,-0.02,0.04
16.2348,0.02,0.04,-0,0.04,0,0,-0.02,0.04
16.2557,0.02,0.04,-0,0.04,0,0,-0.02,0.04
16.2766,0.02,0.04,-0,0.04,0,0,-0.02,0.04
16.2998,0.02,0.04,-0,0.04,0,0,-0.02,0.04
16.3206,0.02,0.04,-0,0.04,0,0,-0.02,0.04
16.3412,0.02,0.04,-0,0.04,0,0,-0.02,0.04
16.362,0.02,0.04,-0,0.04,0,0,-0.02,0.04
16.3828,0.02,0.04,-0,0.04,0,0,-0.02,0.04
16.4062,0.02,0.04,-0,0.04,0,0,-0.02,0.04
16.427,0.02,0.04,-0,0.04,0,0,-0.02,0.04
16.4476,0.02,0.04,-0,0.04,0,0,-0.02,0.04
16.471,0.02,0.04,-0,0.05,0,0,-0.02,0.04
16.4918,0.02,0.04,-0,0.05,0,0,-0.02,0.04
16.5126,0.02,0.04,-0,0.05,0,0,-0.02,0.04
16.5334,0.02,0.04,-0,0.06,0,0,-0.02,0.04
16.5568,0.02,0.04,-0,0.06,0,0,-0.02,0.04
16.5775,0.02,0.04,-0,0.06,0,0,-0.02,0.04
16.6017,0.02,0.04,-0,0.07,0,4.87,-0.02,0.04
16.6282,0.02,0.04,-0,0.08,0,9.13,-0.02,0.03
16.6523,0.02,0.04,-0,0.09,0,9.13,-0.02,0.03
16.6765,0.02,0.04,-0,0.09,0,11.7,-0.02,0.03
16.7031,0.02,0.04,-0,0.09,0,12.73,-0.02,0.02
16.7272,0.02,0.04,-0,0.1,0,13.94,-0.02,0.02
16.7514,0.02,0.05,-0,0.1,0,14.81,-0.02,0.02
16.7756,0.02,0.04,-0,0.11,0,16.19,-0.02,0.02
16.8022,0.02,0.05,-0,0.12,0,19.67,-0.02,0.01
16.8263,0.02,0.05,-0,0.13,0,21.94,-0.02,0.01
16.8507,0.02,0.04,-0,0.14,0,25.45,-0.02,0.01
16.8773,0.02,0.05,-0,0.16,0,23.17,-0.02,-0.01
16.9015,0.02,0.05,-0,0.16,0,24.22,-0.02,-0.01
16.9257,0.02,0.05,-0,0.18,0,27.74,-0.02,-0.01
16.9524,0.02,0.05,-0,0.19,0,28.97,-0.02,-0.03
16.9765,0.02,0.05,-0,0.2,0,30.21,-0.02,-0.03
17.0006,0.02,0.04,-0,0.22,0,31.27,-0.02,-0.03
17.0272,0.02,0.04,-0,0.22,0,37.11,-0.02,-0.04
17.0514,0.02,0.04,-0,0.25,0,40.66,-0.02,-0.04
17.0756,0.02,0.04,-0,0.26,0,45.46,-0.02,-0.04
17.1022,0.02,0.04,-0,0.27,0,49.91,-0.02,-0.07
17.1262,0.02,0.04,-0.01,0.29,0,52.39,-0.02,-0.07
17.1504,0.02,0.04,-0,0.29,0,50.08,-0.02,-0.07
17.1747,0.02,0.04,-0,0.29,0,53.63,-0.02,-0.07
17.2013,0.02,0.04,-0,0.3,0,55.76,-0.02,-0.08
17.2253,0.02,0.04,-0,0.3,0,58.07,-0.02,-0.08
17.2496,0.02,0.04,-0,0.31,0,59.48,-0.02,-0.08
17.2763,0.02,0.05,-0,0.33,0,63.9,-0.02,-0.09
17.3004,0.02,0.04,-0,0.34,0,66.37,-0.02,-0.09
17.3247,0.02,0.04,-0,0.36,0,68.48,-0.02,-0.09
17.3512,0.02,0.04,-0,0.36,0,70.93,-0.02,-0.12
17.3755,0.02,0.04,-0,0.37,0,74.25,-0.02,-0.12
17.3996,0.02,0.04,-0,0.38,0,78.78,-0.02,-0.12
17.4262,0.02,0.04,0,0.38,0,76.52,-0.02,-0.13
17.4503,0.02,0.05,-0,0.39,0,81.2,-0.02,-0.13
17.4745,0.02,0.04,-0,0.39,0,81.03,-0.02,-0.13
17.5011,0.02,0.04,0,0.4,0,82.41,-0.02,-0.13
17.5253,0.02,0.04,-0.01,0.41,0,84.47,-0.02,-0.13
17.5495,0.02,0.05,-0,0.41,0,84.47,-0.02,-0.13
17.5736,0.02,0.05,-0,0.41,0,88.75,-0.02,-0.13
17.6002,0.02,0.05,0,0.42,0,92.15,-0.02,-0.14
17.6245,0.02,0.05,0,0.43,0,95.35,-0.02,-0.14
17.6486,0.02,0.05,-0,0.43,0,96.53,-0.02,-0.14
17.6753,0.02,0.05,-0,0.43,0,95.52,-0.02,-0.16
17.6993,0.02,0.05,-0,0.44,0,98.53,-0.02,-0.16
17.7236,0.02,0.05,-0,0.45,0,100.69,-0.02,-0.16
17.7501,0.02,0.05,-0,0.45,0,99.7,-0.02,-0.16
17.7744,0.02,0.05,-0,0.47,0,102.84,-0.02,-0.16
17.7987,0.02,0.05,-0,0.47,0,103.82,-0.02,-0.16
17.8255,0.02,0.05,-0,0.47,0,103.82,-0.02,-0.17
17.8497,0.02,0.05,-0,0.48,0,103.82,-0.02,-0.17
17.8739,0.02,0.05,-0,0.48,0,105.96,-0.02,-0.17
17.9006,0.02,0.05,-0,0.5,0,104.98,-0.02,-0.18
17.9247,0.02,0.05,-0,0.5,0,106.13,-0.02,-0.18
17.9489,0.02,0.05,-0,0.5,0,105.96,-0.02,-0.18
17.9732,0.02,0.05,-0,0.51,0,108.08,-0.02,-0.18
17.9998,0.02,0.05,-0,0.52,0,110.01,-0.02,-0.18
18.0241,0.02,0.05,-0,0.52,0,112.63,-0.02,-0.18
18.0481,0.02,0.05,-0,0.52,0,111.84,-0.02,-0.18
18.0751,0.02,0.05,-0,0.53,0,112.8,-0.02,-0.17
18.0993,0.02,0.05,-0,0.54,0,117.98,-0.02,-0.17
18.1235,0.02,0.05,-0,0.54,0,121.65,-0.02,-0.17
18.1503,0.02,0.05,-0,0.55,0,122.75,-0.02,-0.15
18.1743,0.02,0.05,-0,0.55,0,123.06,-0.02,-0.15
18.1985,0.02,0.05,-0,0.55,0,121.86,-0.02,-0.15
18.2254,0.02,0.05,-0,0.55,0,120.83,-0.02,-0.14
18.2494,0.02,0.05,-0,0.55,0,107.63,-0.02,-0.14
18.2735,0.02,0.05,-0,0.56,0,94.35,-0.02,-0.14
18.3001,0.02,0.05,-0,0.56,0,87.94,-0.03,-0.13
18.3241,0.02,0.05,-0,0.56,0,74.19,-0.03,-0.13
18.3484,0.02,0.05,-0,0.57,0,55.04,-0.03,-0.13
18.3727,0.02,0.05,-0,0.6,0,50.71,-0.03,-0.13
18.3995,0.02,0.04,-0,0.61,0,45.63,-0.02,-0.15
18.4235,0.02,0.04,-0,0.61,0,52.3,-0.02,-0.15
18.4478,0.02,0.04,-0,0.61,0,56.87,-0.02,-0.15
18.4744,0.02,0.04,-0,0.61,0,59.07,-0.02,-0.15
18.4986,0.02,0.04,-0,0.61,0,62.79,-0.02,-0.15
18.5227,0.02,0.04,-0,0.61,0,65.33,-0.02,-0.15
18.5494,0.02,0.04,-0,0.61,0,66.69,-0.02,-0.15
18.5735,0.02,0.04,-0,0.61,0,74.13,-0.02,-0.15
18.5977,0.02,0.04,-0,0.61,0,80.06,-0.02,-0.15
18.6245,0.02,0.04,0.01,0.61,0,83.1,-0.02,-0.15
18.6485,0.02,0.04,-0,0.61,0,95.39,-0.02,-0.15
18.6727,0.02,0.05,-0,0.61,0,112.17,-0.02,-0.15
18.6995,0.02,0.05,-0,0.61,0,122.33,-0.02,-0.14
18.7237,0.02,0.05,-0,0.61,0,136.2,-0.02,-0.14
18.7477,0.02,0.05,-0,0.6,0,152.77,-0.02,-0.14
18.7719,0.02,0.05,-0,0.6,0,170.97,-0.02,-0.14
18.7995,0.02,0.05,-0,0.59,0,189.9,-0.02,-0.13
18.8235,0.02,0.05,-0,0.58,0,206.15,-0.02,-0.13
18.8477,0.02,0.05,-0,0.57,0,223.1,-0.02,-0.13
18.8745,0.02,0.05,0,0.56,0,230.41,-0.03,-0.11
18.8987,0.02,0.05,-0,0.55,0,235.91,-0.03,-0.11
18.9229,0.02,0.05,-0,0.55,0,239.15,-0.03,-0.11
18.9499,0.02,0.05,-0.01,0.56,0,242.48,-0.02,-0.1
18.9739,0.02,0.05,-0,0.55,0,242,-0.02,-0.1
18.9981,0.02,0.05,-0.01,0.55,0,240.52,-0.02,-0.1
19.0249,0.02,0.05,-0,0.56,0,242.17,-0.02,-0.1
19.049,0.02,0.05,-0,0.56,0,243.16,-0.02,-0.1
19.0732,0.02,0.05,-0,0.55,0,239.69,-0.02,-0.1
19.1,0.02,0.05,-0,0.55,0,238.85,-0.02,-0.1
19.1242,0.02,0.05,-0,0.55,0,236.99,-0.02,-0.1
19.1482,0.02,0.05,-0,0.54,0,236.99,-0.02,-0.1
19.1725,0.02,0.05,-0,0.55,0,239.69,-0.02,-0.1
19.1992,0.02,0.05,-0,0.55,0,238.85,-0.02,-0.1
19.2235,0.02,0.05,-0,0.54,0,236.99,-0.02,-0.1
19.2475,0.02,0.05,-0,0.54,0,236.14,-0.02,-0.1
19.2745,0.02,0.05,-0,0.54,0,236.14,-0.02,-0.1
19.2985,0.02,0.05,-0,0.54,0,236.14,-0.02,-0.1
19.3227,0.02,0.05,-0,0.54,0,236.14,-0.02,-0.1
19.3495,0.02,0.05,-0,0.54,0,236.14,-0.02,-0.1
19.3737,0.02,0.05,-0.01,0.54,0,236.14,-0.02,-0.1
19.3978,0.02,0.05,-0,0.54,0,235.28,-0.02,-0.1
19.4247,0.02,0.05,0,0.54,0,236.14,-0.02,-0.1
19.4488,0.02,0.05,-0.01,0.54,0,236.14,-0.02,-0.1
19.473,0.02,0.05,-0,0.54,0,236.14,-0.02,-0.1
19.4998,0.02,0.05,-0,0.54,0,236.99,-0.02,-0.1
19.524,0.02,0.05,-0,0.55,0,236.99,-0.02,-0.1
19.5482,0.02,0.05,-0,0.54,0,236.99,-0.02,-0.1
19.5725,0.02,0.05,-0,0.55,0,237.84,-0.02,-0.1
19.5992,0.02,0.05,-0,0.55,0,237.84,-0.02,-0.1
19.6235,0.02,0.05,0,0.55,0,237.84,-0.02,-0.1
19.6475,0.02,0.05,0,0.55,0,237.84,-0.02,-0.1
19.6743,0.02,0.05,-0,0.55,0,238.85,-0.02,-0.1
19.6985,0.02,0.05,-0,0.55,0,237.84,-0.02,-0.1
19.7225,0.02,0.05,-0,0.55,0,237.84,-0.02,-0.1
19.7495,0.02,0.05,-0,0.55,0,237.84,-0.03,-0.1
19.7735,0.02,0.05,-0,0.55,0,237.84,-0.03,-0.1
19.7976,0.02,0.05,-0,0.55,0,237.84,-0.03,-0.1
19.8245,0.02,0.05,0,0.55,0,237.84,-0.03,-0.1
19.8486,0.02,0.05,-0,0.55,0,237.84,-0.03,-0.1
19.8729,0.02,0.05,-0,0.55,0,237.84,-0.03,-0.1
19.8998,0.02,0.05,-0,0.55,0,237.84,-0.03,-0.1
19.924,0.02,0.05,-0,0.55,0,237.84,-0.03,-0.1
19.9481,0.02,0.05,-0,0.54,0,236.99,-0.03,-0.1
19.9722,0.02,0.05,-0,0.55,0,237.84,-0.03,-0.1
19.9993,0.02,0.05,-0,0.55,0,237.84,-0.03,-0.1
20.0234,0.02,0.05,-0,0.55,0,237.84,-0.03,-0.1
20.0477,0.02,0.05,-0,0.55,0,237.84,-0.03,-0.1
20.0743,0.02,0.05,-0,0.54,0,236.99,-0.03,-0.1
20.0986,0.02,0.05,0,0.54,0,236.99,-0.03,-0.1
20.1228,0.02,0.05,-0,0.55,0,236.99,-0.03,-0.1
20.1496,0.02,0.05,-0,0.54,0,236.99,-0.03,-0.1
20.1739,0.02,0.05,0,0.55,0,237.84,-0.03,-0.1
20.1979,0.02,0.05,-0,0.54,0,236.99,-0.03,-0.1
20.2249,0.02,0.05,-0.02,0.54,0,236.99,-0.03,-0.1
20.2489,0.02,0.05,-0,0.54,0,236.99,-0.03,-0.1
20.2731,0.02,0.05,-0,0.54,0,236.99,-0.03,-0.1
20.2999,0.02,0.05,-0,0.54,0,236.99,-0.03,-0.1
20.324,0.02,0.05,-0,0.54,0,236.99,-0.03,-0.1
20.3482,0.02,0.05,-0,0.54,0,236.99,-0.03,-0.1
20.3724,0.02,0.05,-0,0.54,0,236.99,-0.03,-0.1
20.3993,0.02,0.05,0,0.55,0,236.99,-0.03,-0.1
20.4234,0.02,0.05,-0,0.55,0,236.99,-0.03,-0.1
20.4478,0.02,0.05,-0,0.54,0,236.99,-0.03,-0.1
20.4745,0.02,0.05,-0,0.55,0,236.99,-0.03,-0.1
20.4985,0.02,0.05,-0,0.54,0,236.99,-0.03,-0.1
20.5228,0.02,0.05,-0,0.55,0,237.84,-0.03,-0.1
20.5495,0.02,0.05,0.01,0.54,0,236.99,-0.03,-0.1
20.5736,0.02,0.05,-0,0.54,0,236.99,-0.03,-0.1
20.5978,0.02,0.05,-0,0.54,0,236.99,-0.03,-0.1
20.6248,0.02,0.05,-0,0.54,0,236.99,-0.03,-0.1
20.6488,0.02,0.05,-0,0.54,0,236.99,-0.03,-0.1
20.673,0.02,0.05,0.01,0.54,0,236.99,-0.03,-0.1
20.6998,0.02,0.05,-0,0.54,0,236.99,-0.03,-0.1
20.7241,0.02,0.05,-0,0.54,0,236.99,-0.03,-0.1
20.7481,0.02,0.05,-0,0.54,0,236.99,-0.03,-0.1
20.7723,0.02,0.05,-0,0.55,0,237.84,-0.03,-0.1
20.7993,0.02,0.05,-0,0.54,0,236.99,-0.03,-0.1
20.8235,0.02,0.05,-0,0.54,0,236.99,-0.03,-0.1
20.8475,0.02,0.05,-0,0.54,0,236.99,-0.03,-0.1
20.8745,0.02,0.05,-0,0.54,0,236.99,-0.03,-0.1
20.8985,0.02,0.05,-0,0.54,0,236.14,-0.03,-0.1
20.9227,0.02,0.05,-0,0.54,0,236.99,-0.03,-0.1
20.9497,0.02,0.05,-0,0.54,0,234.24,-0.03,-0.1
20.9737,0.02,0.05,-0,0.54,0,233.37,-0.03,-0.1
20.998,0.02,0.05,-0,0.53,0,231.44,-0.03,-0.1
21.0247,0.02,0.05,-0,0.53,0,229.66,-0.03,-0.09
21.049,0.02,0.05,-0.01,0.53,0,230.55,-0.03,-0.09
21.073,0.02,0.05,-0,0.53,0,228.59,-0.03,-0.09
21.1,0.02,0.05,-0,0.53,0,228.59,-0.03,-0.09
21.124,0.02,0.05,-0,0.53,0,227.69,-0.03,-0.09
21.1482,0.02,0.05,-0,0.52,0,226.79,-0.03,-0.09
21.1725,0.02,0.05,-0,0.51,0,223.87,-0.03,-0.09
21.1992,0.02,0.05,0,0.48,0,216.76,-0.03,-0.08
21.2235,0.02,0.05,-0,0.45,0,207.25,-0.03,-0.08
21.2477,0.02,0.05,-0,0.45,0,208.42,-0.03,-0.08
21.2745,0.02,0.05,-0,0.45,0,205.41,-0.03,-0.05
21.2985,0.02,0.05,-0,0.44,0,204.4,-0.03,-0.05
21.3227,0.02,0.05,0,0.41,0,202.19,-0.03,-0.05
21.3496,0.02,0.04,-0,0.4,0,200.14,-0.02,-0.03
21.3736,0.02,0.04,-0,0.39,0,197.03,-0.02,-0.03
21.3978,0.02,0.04,-0,0.39,0,197.03,-0.02,-0.03
21.4246,0.02,0.04,-0,0.38,0,192.3,-0.02,-0.02
21.4488,0.02,0.05,-0.01,0.37,0,185.52,-0.02,-0.02
21.4729,0.02,0.04,-0,0.36,0,181.9,-0.02,-0.02
21.4998,0.02,0.04,-0,0.35,0,177.32,-0.02,-0.01
21.5239,0.02,0.04,-0,0.35,0,177.49,-0.02,-0.01
21.5481,0.02,0.04,-0,0.35,0,177.49,-0.02,-0.01
21.5722,0.02,0.05,-0,0.33,0,168.95,-0.02,-0.01
21.5993,0.02,0.04,-0,0.29,0,160.25,-0.02,0.01
21.6233,0.02,0.04,-0,0.27,0,150.24,-0.02,0.01
21.6476,0.02,0.04,-0,0.27,0,149.23,-0.02,0.01
21.6743,0.02,0.04,-0,0.27,0,148.05,-0.02,0.04
21.6984,0.02,0.04,-0,0.26,0,146.87,-0.02,0.04
21.7226,0.02,0.04,-0,0.25,0,144.33,-0.02,0.04
21.7494,0.02,0.04,-0,0.24,0,133.92,-0.02,0.05
21.7736,0.02,0.04,-0.01,0.22,0,129.97,-0.02,0.05
21.7978,0.02,0.04,-0,0.21,0,127.55,-0.02,0.05
21.8246,0.02,0.04,-0,0.2,0,123.58,-0.02,0.07
21.8488,0.02,0.04,-0,0.18,0,117.17,-0.02,0.07
21.8729,0.02,0.04,-0,0.17,0,113.35,-0.02,0.07
21.8996,0.02,0.04,-0,0.16,0,110.75,-0.02,0.09
21.9239,0.02,0.04,-0,0.16,0,109.53,-0.02,0.09
21.9479,0.02,0.04,-0,0.15,0,108.15,-0.02,0.09
21.9722,0.02,0.04,-0,0.14,0,105.54,-0.02,0.09
21.9993,0.02,0.04,-0,0.13,0,105.54,-0.02,0.11
22.0233,0.02,0.04,-0,0.13,0,104.49,-0.02,0.11
22.0475,0.02,0.04,-0,0.13,0,104.49,-0.02,0.11
22.0743,0.02,0.04,-0,0.13,0,100.5,-0.02,0.11
22.0984,0.02,0.04,-0.01,0.12,0,99.28,-0.02,0.11
22.1225,0.02,0.04,-0.01,0.12,0,96.69,-0.02,0.11
22.1492,0.02,0.04,-0.01,0.11,0,96.69,-0.02,0.12
22.1735,0.02,0.04,-0.01,0.11,0,97.91,-0.02,0.12
22.1975,0.02,0.04,-0.01,0.11,0,96.69,-0.02,0.12
22.2242,0.02,0.04,-0.01,0.11,0,96.69,-0.02,0.12
22.2483,0.02,0.04,-0,0.11,0,96.69,-0.02,0.12
22.2723,0.02,0.04,-0.02,0.11,0,96.69,-0.02,0.12
22.2991,0.02,0.04,-0.01,0.1,0,95.31,-0.02,0.12
22.3234,0.02,0.04,-0.01,0.1,0,94.1,-0.02,0.12
22.3475,0.02,0.04,-0.01,0.1,0,94.1,-0.02,0.12
22.3715,0.02,0.04,-0.01,0.1,0,92.72,-0.02,0.12
22.3991,0.02,0.04,-0.01,0.1,0,92.72,-0.02,0.13
22.4233,0.02,0.04,-0.01,0.1,0,92.72,-0.02,0.13
22.4474,0.02,0.04,-0,0.09,0,92.72,-0.02,0.13
22.4741,0.02,0.04,-0.01,0.09,0,92.72,-0.02,0.13
22.4982,0.02,0.04,-0.01,0.09,0,92.72,-0.02,0.13
22.5224,0.02,0.04,-0.01,0.09,0,92.72,-0.02,0.13
22.5492,0.02,0.04,-0.01,0.09,0,91.51,-0.02,0.13
22.5732,0.02,0.03,-0.01,0.09,0,91.51,-0.02,0.13
22.5973,0.02,0.04,-0.01,0.09,0,91.51,-0.02,0.13
22.6242,0.02,0.03,-0.01,0.09,0,89.98,-0.02,0.13
22.6483,0.02,0.04,-0.01,0.08,0,86.91,-0.02,0.13
22.6723,0.02,0.03,-0.01,0.09,0,83.42,-0.02,0.13
22.6991,0.02,0.04,-0.01,0.08,0,81.83,-0.02,0.12
22.7232,0.02,0.03,-0.01,0.08,0,68.67,-0.02,0.12
22.7472,0.02,0.04,-0.01,0.08,0,51.37,-0.02,0.12
22.7713,0.02,0.03,-0.01,0.08,0,34.86,-0.02,0.12
22.7992,0.02,0.04,-0.01,0.08,0,16.88,-0.02,0.11
22.8231,0.02,0.04,-0.01,0.09,0,2.43,-0.02,0.11
22.8439,0.02,0.04,-0.01,0.09,0,0,-0.02,0.11
22.8647,0.02,0.04,-0.01,0.09,0,0,-0.02,0.11
22.8881,0.02,0.04,-0.01,0.09,0,0,-0.02,0.08
22.9087,0.02,0.04,-0.01,0.09,0,0,-0.02,0.08
22.9295,0.02,0.04,-0.01,0.09,0,0,-0.02,0.08
22.9529,0.02,0.04,-0.01,0.09,0,0,-0.02,0.06
22.9737,0.02,0.04,-0.01,0.09,0,0,-0.02,0.06
22.9943,0.03,0.04,-0.01,0.09,0,0,-0.02,0.06
23.0151,0.02,0.04,-0.01,0.09,0,0,-0.02,0.06
23.0385,0.02,0.04,-0.01,0.09,0,0,-0.02,0.05
23.0593,0.02,0.04,-0,0.09,0,0,-0.02,0.05
23.08,0.02,0.04,-0.01,0.08,0,0,-0.02,0.05
23.1033,0.02,0.04,-0.01,0.09,0,0,-0.02,0.05
23.1241,0.02,0.04,-0.01,0.09,0,0,-0.02,0.05
23.1449,0.03,0.04,-0.01,0.09,0,0,-0.02,0.05
23.1657,0.03,0.04,-0.01,0.08,0,0,-0.02,0.05
23.1863,0.03,0.04,-0.01,0.09,0,0,-0.02,0.05
23.2097,0.03,0.04,-0.01,0.09,0,0,-0.02,0.05
23.2304,0.03,0.04,-0.01,0.08,0,0,-0.02,0.05
23.2514,0.04,0.04,-0.01,0.08,0,0,-0.02,0.05
23.2745,0.03,0.04,-0.01,0.08,0,0,-0.02,0.05
23.2954,0.03,0.04,-0.01,0.09,0,0,-0.02,0.05
23.3163,0.03,0.04,-0.01,0.08,0,0,-0.02,0.05
23.3369,0.02,0.04,-0.01,0.08,0,0,-0.02,0.05
23.3602,0.03,0.04,-0.01,0.08,0,0,-0.02,0.05
23.381,0.03,0.04,-0.01,0.08,0,0,-0.02,0.05
23.4017,0.03,0.04,-0.01,0.08,0,0,-0.02,0.05
23.4251,0.02,0.04,-0.01,0.08,0,0,-0.02,0.05
23.4459,0.02,0.04,-0.01,0.08,0,0,-0.02,0.05
23.4666,0.03,0.04,-0.01,0.08,0,0,-0.02,0.05
23.4874,0.03,0.04,-0.01,0.08,0,0,-0.02,0.05
23.5106,0.03,0.04,-0.01,0.08,0,0,-0.02,0.05
23.5314,0.03,0.04,-0.01,0.08,0,0,-0.02,0.05
23.5522,0.03,0.04,-0.01,0.08,0,0,-0.02,0.05
23.573,0.02,0.04,-0.01,0.09,0,0,-0.02,0.05
23.5964,0.03,0.04,-0.01,0.08,0,0,-0.02,0.05
23.6172,0.03,0.04,-0.01,0.09,0,0,-0.02,0.05
23.6379,0.03,0.04,-0.01,0.09,0,0,-0.02,0.05
23.6588,0.02,0.04,-0.01,0.08,0,0,-0.02,0.05
23.6821,0.03,0.04,-0.01,0.08,0,0,-0.02,0.05
23.7028,0.02,0.04,-0.01,0.09,0,0,-0.02,0.05
23.7236,0.03,0.04,-0.01,0.08,0,0,-0.02,0.05
23.7469,0.02,0.04,-0.01,0.08,0,0,-0.02,0.05
23.7677,0.02,0.04,-0.01,0.08,0,0,-0.02,0.05
23.7885,0.02,0.04,-0.01,0.08,0,0,-0.02,0.05
23.8093,0.02,0.04,-0.01,0.09,0,0,-0.02,0.05
23.8327,0.02,0.04,-0.01,0.08,0,0,-0.02,0.05
23.8535,0.02,0.04,-0.01,0.09,0,0,-0.02,0.05
23.8743,0.02,0.04,-0.01,0.08,0,0,-0.02,0.05
23.8977,0.02,0.04,-0.01,0.09,0,0,-0.02,0.05
23.9183,0.03,0.04,-0.01,0.08,0,0,-0.02,0.05
23.9391,0.02,0.04,-0.01,0.09,0,0,-0.02,0.05
23.9599,0.02,0.04,-0.01,0.08,0,0,-0.02,0.05
23.9807,0.02,0.04,-0.01,0.08,0,0,-0.02,0.05
24.0039,0.02,0.04,-0.01,0.08,0,0,-0.02,0.05
24.0247,0.03,0.04,-0.01,0.09,0,0,-0.02,0.05
24.0456,0.02,0.04,-0.01,0.09,0,0,-0.02,0.05
24.0663,0.03,0.04,-0.01,0.08,0,0,-0.02,0.05
24.0895,0.02,0.04,-0.01,0.08,0,0,-0.02,0.05
24.1103,0.02,0.04,-0.01,0.08,0,0,-0.02,0.05
24.1311,0.02,0.04,-0.01,0.08,0,0,-0.02,0.05
24.1543,0.02,0.04,-0.01,0.08,0,0,-0.02,0.05
24.1751,0.02,0.04,-0.01,0.08,0,0,-0.02,0.05
24.1959,0.02,0.04,-0.01,0.08,0,0,-0.02,0.05
24.2167,0.02,0.04,-0.01,0.08,0,0,-0.02,0.05
24.2401,0.02,0.04,-0.01,0.08,0,0,-0.02,0.05
24.2609,0.02,0.04,-0.01,0.09,0,0,-0.02,0.05
24.2849,0.02,0.04,-0.01,0.09,0,1.33,-0.02,0.05
24.3115,0.02,0.04,-0.01,0.09,0,6.86,-0.02,0.04
24.3356,0.02,0.04,-0.01,0.1,0,13.52,-0.02,0.04
24.3598,0.02,0.04,-0.01,0.11,0,16.97,-0.02,0.04
24.384,0.02,0.04,-0.01,0.12,0,20.45,-0.02,0.04
24.4106,0.02,0.04,-0.01,0.13,0,25.17,-0.02,0.03
24.4349,0.02,0.04,-0.01,0.14,0,29.75,-0.02,0.03
24.4589,0.02,0.04,-0.01,0.16,0,30.98,-0.02,0.03
24.4857,0.02,0.04,-0.01,0.18,0,33.28,-0.02,0.01
24.5097,0.02,0.04,-0.01,0.2,0,34.52,-0.02,0.01
24.5339,0.02,0.04,-0.01,0.21,0,34.52,-0.02,0.01
24.5607,0.02,0.04,-0.01,0.22,0,40.21,-0.02,-0.02
24.5847,0.02,0.04,-0.01,0.22,0,38.96,-0.02,-0.02
24.6089,0.02,0.05,-0.01,0.25,0,46.08,-0.02,-0.02
24.6355,0.03,0.05,-0.01,0.27,0,50.71,-0.02,-0.04
24.6596,0.02,0.05,-0,0.28,0,54.44,-0.02,-0.04
24.6839,0.02,0.05,-0.01,0.29,0,56.58,-0.02,-0.04
24.7105,0.02,0.05,-0.01,0.29,0,53.03,-0.03,-0.06
24.7345,0.02,0.05,-0.01,0.3,0,60.31,-0.03,-0.06
24.7587,0.02,0.05,-0.01,0.31,0,63.86,-0.03,-0.06
24.7827,0.02,0.05,-0,0.32,0,67.22,-0.03,-0.06
24.8095,0.02,0.05,-0,0.35,0,71.8,-0.03,-0.08
24.8335,0.02,0.05,-0,0.36,0,71.8,-0.03,-0.08
24.8576,0.02,0.05,-0,0.37,0,75.14,-0.03,-0.08
24.8842,0.02,0.05,-0,0.38,0,80.9,-0.03,-0.1
24.9084,0.02,0.05,-0,0.39,0,84.54,-0.03,-0.1
24.9324,0.02,0.05,-0,0.39,0,84.37,-0.03,-0.1
24.9592,0.02,0.05,-0,0.4,0,85.58,-0.03,-0.11
24.9832,0.02,0.05,-0,0.41,0,87.64,-0.03,-0.11
25.0075,0.02,0.05,-0,0.42,0,92.09,-0.03,-0.11
25.0341,0.02,0.05,-0,0.43,0,98.7,-0.03,-0.12
25.0583,0.02,0.05,-0,0.45,0,105.04,-0.03,-0.12
25.0823,0.02,0.05,-0,0.47,0,109.32,-0.03,-0.12
25.1091,0.02,0.05,-0,0.48,0,109.32,-0.03,-0.15
25.1333,0.02,0.05,-0,0.5,0,108.16,-0.03,-0.15
25.1574,0.02,0.05,-0,0.51,0,110.29,-0.03,-0.15
25.1816,0.02,0.05,-0,0.51,0,112.41,-0.03,-0.15
25.2083,0.02,0.05,-0.02,0.52,0,113.37,-0.03,-0.17
25.2326,0.02,0.05,-0,0.52,0,113.37,-0.03,-0.17
25.2568,0.02,0.05,-0,0.52,0,115.47,-0.03,-0.17
25.2835,0.02,0.05,-0,0.52,0,116.43,-0.03,-0.18
25.3076,0.02,0.05,-0,0.52,0,114.34,-0.03,-0.18
25.3318,0.02,0.05,-0,0.53,0,115.47,-0.03,-0.18
25.3586,0.02,0.05,-0,0.52,0,114.34,-0.03,-0.18
25.3826,0.02,0.05,-0,0.53,0,115.47,-0.03,-0.18
25.4069,0.02,0.05,-0,0.53,0,115.47,-0.03,-0.18
25.4336,0.02,0.05,-0,0.53,0,115.47,-0.03,-0.18
25.4577,0.02,0.05,-0,0.53,0,115.47,-0.03,-0.18
25.4819,0.02,0.05,-0,0.53,0,116.43,-0.03,-0.18
25.5087,0.02,0.05,-0,0.53,0,117.38,-0.03,-0.18
25.5327,0.03,0.05,-0,0.53,0,116.43,-0.03,-0.18
25.557,0.02,0.05,-0,0.54,0,119.45,-0.03,-0.18
25.5812,0.02,0.05,-0,0.54,0,118.5,-0.03,-0.18
25.608,0.02,0.05,-0,0.54,0,119.45,-0.02,-0.18
25.6322,0.02,0.05,-0,0.54,0,120.39,-0.02,-0.18
25.6562,0.03,0.05,-0,0.55,0,121.33,-0.02,-0.18
25.683,0.02,0.05,0,0.54,0,121.33,-0.02,-0.17
25.7071,0.02,0.05,-0,0.55,0,122.09,-0.02,-0.17
25.7313,0.02,0.05,-0,0.55,0,123.02,-0.02,-0.17
25.7581,0.02,0.05,-0,0.55,0,121.92,-0.02,-0.15
25.7823,0.02,0.05,-0,0.55,0,119.8,-0.02,-0.15
25.8066,0.02,0.05,-0,0.55,0,113.9,-0.02,-0.15
25.8332,0.02,0.05,-0,0.56,0,111.5,-0.02,-0.12
25.8575,0.02,0.05,-0,0.56,0,98.89,-0.02,-0.12
25.8815,0.02,0.05,-0,0.57,0,80.68,-0.02,-0.12
25.9082,0.02,0.05,-0,0.59,0,65.84,-0.02,-0.12
25.9323,0.02,0.05,-0,0.61,0,71.14,-0.02,-0.12
25.9566,0.02,0.05,-0,0.61,0,91.83,-0.02,-0.12
25.9808,0.02,0.05,-0,0.61,0,110.08,-0.02,-0.12
26.0074,0.02,0.05,-0,0.61,0,130.6,-0.02,-0.13
26.0316,0.02,0.05,-0,0.6,0,145.91,-0.02,-0.13
26.0558,0.02,0.05,-0,0.59,0,164.13,-0.02,-0.13
26.0826,0.02,0.05,-0,0.58,0,185.29,-0.02,-0.13
26.1066,0.02,0.05,-0,0.57,0,202.04,-0.02,-0.13
26.1309,0.02,0.05,-0,0.56,0,214.78,-0.02,-0.13
26.1576,0.02,0.05,-0,0.55,0,222.17,-0.03,-0.11
26.1817,0.02,0.05,-0,0.54,0,226.31,-0.03,-0.11
26.2059,0.02,0.05,-0,0.54,0,226.64,-0.03,-0.11
26.2326,0.02,0.05,-0,0.54,0,226.99,-0.03,-0.1
26.2568,0.02,0.05,-0,0.54,0,226.99,-0.03,-0.1
26.2809,0.02,0.05,-0,0.54,0,228.03,-0.03,-0.1
26.3077,0.02,0.05,-0,0.54,0,228.03,-0.03,-0.1
26.3319,0.02,0.05,-0,0.54,0,228.03,-0.03,-0.1
26.356,0.02,0.05,-0,0.54,0,228.03,-0.03,-0.1
26.3802,0.02,0.05,-0,0.54,0,228.9,-0.03,-0.1
26.407,0.03,0.05,-0,0.54,0,228.9,-0.03,-0.1
26.431,0.02,0.06,-0,0.54,0,228.9,-0.03,-0.1
26.4552,0.02,0.05,-0,0.54,0,228.03,-0.03,-0.1
26.4819,0.02,0.06,0,0.54,0,228.03,-0.03,-0.1
26.5061,0.02,0.06,-0,0.54,0,228.03,-0.03,-0.1
26.5301,0.02,0.06,-0,0.54,0,228.03,-0.03,-0.1
26.5571,0.02,0.06,-0,0.54,0,226.99,-0.03,-0.1
26.5812,0.02,0.06,-0,0.54,0,226.99,-0.03,-0.1
26.6053,0.02,0.06,-0,0.54,0,226.99,-0.03,-0.1
26.6321,0.02,0.05,-0,0.54,0,226.99,-0.03,-0.1
26.6563,0.02,0.05,-0,0.54,0,228.03,-0.03,-0.1
26.6805,0.02,0.05,-0,0.54,0,228.03,-0.03,-0.1
26.7071,0.02,0.05,-0,0.54,0,228.03,-0.03,-0.1
26.7313,0.02,0.05,-0,0.54,0,228.03,-0.03,-0.1
26.7554,0.02,0.05,-0,0.54,0,228.03,-0.03,-0.1
26.7795,0.02,0.05,-0,0.54,0,228.03,-0.03,-0.1
26.8063,0.02,0.05,-0,0.54,0,228.03,-0.03,-0.1
26.8303,0.02,0.05,-0,0.54,0,228.03,-0.03,-0.1
26.8546,0.02,0.05,-0,0.54,0,228.03,-0.03,-0.1
26.8811,0.02,0.05,0,0.54,0,228.03,-0.03,-0.1
26.9053,0.02,0.05,-0,0.54,0,228.03,-0.03,-0.1
26.9294,0.02,0.05,-0,0.54,0,228.03,-0.03,-0.1
26.9562,0.02,0.05,-0.01,0.54,0,228.03,-0.03,-0.1
26.9802,0.02,0.05,-0,0.54,0,228.03,-0.03,-0.1
27.0045,0.02,0.05,-0,0.54,0,228.03,-0.03,-0.1
27.031,0.02,0.05,-0,0.54,0,228.2,-0.03,-0.1
27.0552,0.02,0.05,-0,0.54,0,228.2,-0.03,-0.1
27.0795,0.02,0.05,-0,0.54,0,228.2,-0.03,-0.1
27.106,0.02,0.05,-0,0.54,0,228.03,-0.03,-0.1
27.1303,0.02,0.05,-0,0.54,0,228.03,-0.03,-0.1
27.1546,0.02,0.05,-0,0.54,0,228.03,-0.03,-0.1
27.1787,0.02,0.05,-0,0.54,0,228.03,-0.03,-0.1
27.2055,0.02,0.05,-0,0.54,0,228.2,-0.03,-0.1
27.2295,0.02,0.05,-0,0.54,0,228.2,-0.03,-0.1
27.2537,0.02,0.05,-0,0.54,0,228.2,-0.03,-0.1
27.2803,0.02,0.05,-0,0.54,0,228.2,-0.03,-0.1
27.3046,0.02,0.05,-0,0.54,0,228.2,-0.03,-0.1
27.3288,0.02,0.05,-0,0.54,0,228.2,-0.03,-0.1
27.3555,0.02,0.05,-0,0.54,0,228.2,-0.03,-0.1
27.3797,0.02,0.05,-0,0.54,0,228.2,-0.03,-0.1
27.4038,0.02,0.05,-0,0.54,0,228.2,-0.03,-0.1
27.4304,0.02,0.05,-0,0.54,0,228.2,-0.03,-0.1
27.4546,0.02,0.05,-0,0.54,0,228.2,-0.03,-0.1
27.4788,0.02,0.05,-0,0.54,0,228.2,-0.03,-0.1
27.5054,0.02,0.05,-0,0.54,0,227.16,-0.03,-0.1
27.5296,0.02,0.05,-0,0.54,0,227.16,-0.03,-0.1
27.5537,0.02,0.05,-0,0.54,0,228.2,-0.03,-0.1
27.5779,0.02,0.05,-0,0.54,0,227.16,-0.03,-0.1
27.6046,0.02,0.05,-0,0.54,0,227.16,-0.03,-0.1
27.6287,0.02,0.05,-0,0.54,0,227.16,-0.03,-0.1
27.653,0.02,0.05,-0,0.54,0,227.16,-0.03,-0.1
27.6798,0.02,0.05,-0,0.54,0,227.16,-0.03,-0.1
27.7039,0.02,0.05,-0,0.54,0,227.16,-0.03,-0.1
27.728,0.02,0.05,-0,0.54,0,227.16,-0.03,-0.1
27.7549,0.02,0.05,-0,0.54,0,227.16,-0.03,-0.1
27.7789,0.02,0.05,-0,0.54,0,227.16,-0.03,-0.1
27.803,0.02,0.05,-0,0.54,0,227.16,-0.03,-0.1
27.8299,0.02,0.05,-0,0.54,0,227.16,-0.03,-0.1
27.854,0.02,0.05,-0,0.54,0,227.16,-0.03,-0.1
27.8783,0.02,0.05,-0,0.54,0,227.16,-0.03,-0.1
27.9051,0.02,0.05,-0,0.54,0,227.16,-0.03,-0.1
27.9292,0.02,0.05,-0,0.54,0,228.2,-0.03,-0.1
27.9534,0.02,0.05,-0,0.54,0,227.16,-0.03,-0.1
27.9777,0.02,0.05,-0,0.54,0,227.16,-0.03,-0.1
28.0042,0.02,0.05,-0,0.54,0,227.16,-0.03,-0.1
28.0285,0.02,0.05,-0,0.54,0,227.16,-0.03,-0.1
28.0527,0.03,0.05,-0,0.54,0,228.2,-0.03,-0.1
28.0793,0.02,0.05,-0,0.54,0,227.16,-0.03,-0.1
28.1034,0.02,0.05,-0,0.54,0,227.16,-0.03,-0.1
28.1277,0.02,0.05,-0,0.54,0,227.16,-0.03,-0.1
28.1544,0.02,0.05,-0,0.54,0,227.16,-0.03,-0.1
28.1785,0.02,0.05,-0,0.54,0,227.16,-0.03,-0.1
28.2028,0.02,0.05,-0,0.54,0,228.2,-0.03,-0.1
28.2295,0.02,0.05,-0,0.54,0,227.16,-0.03,-0.1
28.2537,0.02,0.05,-0,0.54,0,227.16,-0.03,-0.1
28.2779,0.02,0.05,-0,0.54,0,227.16,-0.03,-0.1
28.3046,0.02,0.05,-0,0.54,0,225.41,-0.03,-0.1
28.3287,0.02,0.05,-0,0.53,0,225.41,-0.03,-0.1
28.353,0.02,0.05,-0,0.54,0,225.41,-0.03,-0.1
28.3772,0.02,0.05,-0,0.53,0,225.41,-0.03,-0.1
28.404,0.02,0.05,-0,0.53,0,225.41,-0.03,-0.1
28.428,0.02,0.05,-0,0.54,0,225.41,-0.03,-0.1
28.4522,0.02,0.05,-0,0.53,0,224.35,-0.03,-0.1
28.479,0.02,0.05,-0,0.53,0,223.46,-0.03,-0.1
28.5032,0.02,0.05,-0,0.53,0,222.56,-0.03,-0.1
28.5274,0.02,0.05,-0,0.53,0,223.46,-0.03,-0.1
28.5542,0.02,0.05,-0,0.53,0,223.46,-0.03,-0.1
28.5782,0.02,0.05,-0,0.53,0,223.46,-0.03,-0.1
28.6025,0.02,0.05,-0,0.53,0,222.56,-0.03,-0.1
28.6292,0.02,0.05,-0,0.53,0,222.56,-0.03,-0.09
28.6535,0.02,0.05,-0,0.53,0,221.49,-0.03,-0.09
28.6777,0.02,0.05,-0,0.53,0,221.49,-0.03,-0.09
28.7043,0.02,0.05,-0,0.53,0,219.67,-0.03,-0.09
28.7285,0.02,0.05,-0,0.51,0,214.7,-0.03,-0.09
28.7526,0.02,0.05,-0,0.49,0,211.69,-0.03,-0.09
28.7769,0.02,0.05,-0,0.49,0,210.57,-0.03,-0.09
28.8037,0.02,0.05,-0,0.47,0,206.53,-0.03,-0.07
28.8278,0.02,0.05,-0,0.45,0,197.05,-0.03,-0.07
28.8521,0.02,0.05,-0,0.42,0,196.21,-0.03,-0.07
28.8788,0.02,0.05,0,0.4,0,191.75,-0.03,-0.04
28.9031,0.02,0.05,-0,0.4,0,189.5,-0.03,-0.04
28.927,0.02,0.05,-0,0.39,0,186,-0.03,-0.04
28.9538,0.02,0.05,-0,0.37,0,177.99,-0.02,-0.02
28.978,0.02,0.05,-0,0.34,0,163.71,-0.02,-0.02
29.0022,0.02,0.05,-0,0.32,0,158.67,-0.02,-0.02
29.0289,0.02,0.05,-0,0.31,0,155.26,-0.02,0.01
29.053,0.02,0.04,-0,0.3,0,153.94,-0.02,0.01
29.077,0.02,0.04,-0,0.27,0,142.48,-0.02,0.01
29.1038,0.02,0.04,-0,0.25,0,133.57,-0.02,0.04
29.1281,0.02,0.04,-0,0.23,0,122.02,-0.02,0.04
29.1523,0.02,0.04,-0,0.21,0,119.63,-0.02,0.04
29.1765,0.02,0.04,-0,0.2,0,117.07,-0.02,0.04
29.2031,0.02,0.04,-0,0.19,0,114.67,-0.02,0.07
29.2274,0.02,0.04,-0,0.18,0,110.73,-0.02,0.07
29.2516,0.02,0.04,-0,0.17,0,106.79,-0.02,0.07
29.2784,0.02,0.04,-0,0.17,0,105.59,-0.02,0.09
29.3024,0.02,0.04,-0,0.16,0,104.22,-0.02,0.09
29.3267,0.02,0.04,-0,0.15,0,101.81,-0.02,0.09
29.3532,0.02,0.04,-0,0.13,0,99.24,-0.02,0.1
29.3772,0.02,0.04,-0,0.13,0,96.84,-0.02,0.1
29.4015,0.02,0.04,-0,0.11,0,92.91,-0.02,0.1
29.4281,0.02,0.04,-0,0.1,0,89.15,-0.02,0.12
29.4521,0.02,0.04,-0,0.1,0,89.15,-0.02,0.12
29.4764,0.02,0.04,-0,0.09,0,86.6,-0.02,0.12
29.503,0.02,0.04,-0,0.09,0,85.25,-0.02,0.13
29.527,0.02,0.04,-0,0.09,0,85.41,-0.02,0.13
29.5511,0.03,0.04,-0,0.08,0,84.21,-0.02,0.13
29.5753,0.02,0.04,-0,0.08,0,84.21,-0.02,0.13
29.6019,0.02,0.04,-0,0.07,0,80.33,-0.02,0.14
29.626,0.02,0.04,0,0.07,0,80.33,-0.02,0.14
29.6502,0.02,0.04,-0,0.07,0,80.33,-0.02,0.14
29.6768,0.02,0.04,-0,0.06,0,79.14,-0.02,0.14
29.7008,0.02,0.04,0,0.07,0,79.14,-0.02,0.14
29.7249,0.03,0.04,-0,0.06,0,79.14,-0.02,0.14
29.7517,0.02,0.04,-0,0.06,0,79.14,-0.02,0.14
29.7757,0.02,0.04,-0,0.06,0,79.14,-0.02,0.14
29.7999,0.02,0.04,-0,0.06,0,79.14,-0.02,0.14
29.8266,0.02,0.04,-0,0.06,0,79.14,-0.02,0.14
29.8506,0.03,0.04,-0,0.06,0,79.14,-0.02,0.14
29.8748,0.02,0.04,-0,0.06,0,79.14,-0.02,0.14
29.9014,0.02,0.04,-0,0.06,0,79.14,-0.02,0.14
29.9256,0.02,0.04,-0,0.06,0,79.14,-0.02,0.14
29.9497,0.02,0.04,-0,0.06,0,79.14,-0.02,0.14
29.9738,0.02,0.04,0,0.06,0,79.14,-0.02,0.14
30.0006,0.02,0.04,-0,0.06,0,79.14,-0.02,0.14
30.0246,0.02,0.04,-0,0.06,0,79.14,-0.02,0.14
30.0488,0.02,0.04,-0,0.06,0,79.14,-0.02,0.14
30.0756,0.02,0.04,-0.02,0.07,0,78.99,-0.02,0.14
30.0996,0.02,0.04,-0,0.06,0,67.7,-0.02,0.14
30.1237,0.02,0.04,-0,0.07,0,58.19,-0.02,0.14
30.1505,0.02,0.04,-0,0.07,0,51.24,-0.02,0.12
30.1745,0.02,0.04,-0,0.07,0,38.86,-0.02,0.12
30.1986,0.02,0.04,-0,0.07,0,21.47,-0.02,0.12
30.2252,0.02,0.04,-0,0.07,0,3.37,-0.02,0.1
30.246,0.03,0.04,-0,0.08,0,0,-0.02,0.1
30.2668,0.02,0.04,-0,0.08,0,0,-0.02,0.1
30.2875,0.02,0.04,-0.01,0.08,0,0,-0.02,0.1
30.311,0.02,0.04,-0,0.08,0,0,-0.02,0.07
30.3316,0.02,0.04,-0,0.08,0,0,-0.02,0.07
30.3524,0.02,0.04,-0,0.09,0,0,-0.02,0.07
30.3765,0.02,0.04,-0,0.09,0,0.5,-0.02,0.07
30.4031,0.02,0.04,-0,0.09,0,1.66,-0.02,0.04
30.427,0.02,0.04,-0,0.09,0,2.16,-0.02,0.04
30.4512,0.02,0.04,-0,0.1,0,2.16,-0.02,0.04
30.478,0.02,0.04,-0,0.1,0,3.33,-0.02,0.03
30.502,0.02,0.04,-0,0.1,0,2.5,-0.02,0.03
30.5263,0.02,0.04,-0,0.1,0,4.18,-0.02,0.03
30.5529,0.02,0.04,-0,0.1,0,5.7,-0.02,0.02
30.5769,0.02,0.04,-0,0.1,0,5.2,-0.02,0.02
30.601,0.02,0.04,-0,0.1,0,6.55,-0.02,0.02
30.6276,0.02,0.04,-0,0.1,0,6.55,-0.02,0.02
30.6516,0.02,0.04,-0,0.1,0,7.57,-0.02,0.02
30.6758,0.02,0.04,-0,0.1,0,6.55,-0.02,0.02
30.7025,0.02,0.04,-0,0.1,0,7.57,-0.02,0.02
30.7265,0.02,0.04,-0,0.1,0,7.4,-0.02,0.02
30.7506,0.02,0.04,-0,0.1,0,8.59,-0.02,0.02
30.7746,0.02,0.04,-0,0.1,0,8.59,-0.02,0.02
30.8012,0.02,0.04,-0,0.1,0,7.4,-0.02,0.02
30.8253,0.02,0.04,-0,0.1,0,7.4,-0.02,0.02
30.8495,0.02,0.04,-0,0.1,0,8.59,-0.02,0.02
30.8761,0.02,0.04,-0,0.1,0,8.59,-0.02,0.02
30.9001,0.02,0.04,-0,0.1,0,8.59,-0.02,0.02
30.9244,0.02,0.04,-0,0.1,0,7.4,-0.02,0.02
30.9511,0.02,0.04,-0,0.1,0,7.4,-0.02,0.02
30.9751,0.02,0.04,-0,0.1,0,7.4,-0.02,0.02
30.9992,0.02,0.04,-0,0.1,0,7.4,-0.02,0.02
31.0258,0.02,0.04,-0,0.1,0,7.4,-0.02,0.02
31.0499,0.02,0.04,-0,0.1,0,7.4,-0.02,0.02
31.0739,0.02,0.04,-0,0.1,0,7.4,-0.02,0.02
31.1007,0.02,0.04,-0,0.1,0,7.4,-0.02,0.02
31.1247,0.02,0.04,-0,0.1,0,7.4,-0.02,0.02
31.1488,0.02,0.04,-0,0.1,0,7.4,-0.02,0.02
31.1728,0.02,0.04,-0,0.1,0,7.4,-0.02,0.02
31.1994,0.02,0.04,-0,0.1,0,7.4,-0.02,0.02
31.2236,0.02,0.04,-0,0.1,0,7.4,-0.02,0.02
31.2476,0.02,0.04,-0,0.1,0,7.4,-0.02,0.02
31.2742,0.02,0.04,-0,0.1,0,7.4,-0.02,0.02
31.2983,0.02,0.04,-0,0.1,0,7.4,-0.02,0.02
31.3223,0.02,0.04,-0,0.1,0,6.38,-0.02,0.02
31.3491,0.02,0.04,-0,0.1,0,7.4,-0.02,0.02
31.3732,0.02,0.04,-0,0.1,0,6.55,-0.02,0.02
31.3972,0.02,0.04,-0,0.1,0,7.57,-0.02,0.02
31.4241,0.02,0.04,-0,0.1,0,7.57,-0.02,0.02
31.4481,0.02,0.04,-0,0.1,0,6.55,-0.02,0.02
31.4721,0.02,0.04,-0,0.1,0,6.55,-0.02,0.02
31.4991,0.02,0.04,-0,0.1,0,6.55,-0.02,0.02
31.5232,0.02,0.04,-0,0.1,0,7.57,-0.02,0.02
31.5472,0.02,0.04,-0,0.1,0,7.57,-0.02,0.02
31.5713,0.02,0.04,-0,0.1,0,7.57,-0.02,0.02
31.5989,0.02,0.04,-0,0.1,0,7.57,-0.02,0.02
31.6232,0.02,0.04,-0,0.1,0,7.57,-0.02,0.02
31.6472,0.02,0.04,-0,0.1,0,7.57,-0.02,0.02
31.6741,0.02,0.04,-0.01,0.1,0,6.55,-0.02,0.02
31.6982,0.02,0.04,-0,0.1,0,6.55,-0.02,0.02
31.7222,0.02,0.04,-0,0.1,0,6.55,-0.02,0.02
31.749,0.02,0.04,-0,0.1,0,6.55,-0.02,0.02
31.7731,0.02,0.04,-0,0.1,0,7.57,-0.02,0.02
31.7971,0.02,0.04,-0,0.1,0,7.57,-0.02,0.02
31.8241,0.02,0.04,-0,0.1,0,7.57,-0.02,0.02
31.8481,0.02,0.04,-0,0.1,0,7.57,-0.02,0.02
31.8722,0.02,0.04,-0,0.1,0,7.57,-0.02,0.02
31.899,0.02,0.04,-0,0.1,0,8.76,-0.02,0.02
31.9232,0.02,0.04,-0,0.1,0,9.96,-0.02,0.02
31.9472,0.02,0.04,-0,0.1,0,9.96,-0.02,0.02
31.9713,0.02,0.04,-0,0.1,0,9.96,-0.02,0.02
31.9992,0.02,0.04,-0,0.1,0,9.96,-0.02,0.02
32.0232,0.02,0.04,-0,0.1,0,9.96,-0.02,0.02
32.0474,0.02,0.04,-0,0.1,0,10.99,-0.02,0.02
32.0742,0.02,0.04,-0,0.1,0,10.99,-0.02,0.02
32.0983,0.02,0.04,-0,0.1,0,10.99,-0.02,0.02
32.1223,0.02,0.04,-0,0.1,0,10.99,-0.02,0.02
32.1491,0.02,0.04,-0,0.1,0,10.99,-0.02,0.02
32.1733,0.02,0.04,-0,0.1,0,10.99,-0.02,0.02
32.1974,0.03,0.04,-0,0.1,0,10.99,-0.02,0.02
32.2241,0.02,0.04,-0,0.1,0,10.99,-0.02,0.02
32.2482,0.02,0.04,-0,0.1,0,10.99,-0.02,0.02
32.2722,0.03,0.04,-0,0.1,0,10.99,-0.02,0.02
32.2992,0.02,0.04,-0,0.1,0,10.99,-0.02,0.02
32.3232,0.02,0.04,-0.01,0.1,0,10.99,-0.02,0.02
32.3473,0.02,0.04,-0,0.1,0,10.99,-0.02,0.02
32.3715,0.02,0.04,-0,0.1,0,10.99,-0.02,0.02
32.3991,0.02,0.04,-0,0.1,0,10.99,-0.02,0.02
32.4234,0.02,0.04,-0,0.1,0,10.99,-0.02,0.02
32.4475,0.02,0.04,-0.01,0.1,0,10.99,-0.02,0.02
32.4743,0.02,0.04,-0,0.1,0,10.99,-0.02,0.02
32.4985,0.02,0.04,-0,0.1,0,10.99,-0.02,0.02
32.5225,0.02,0.04,-0,0.1,0,10.99,-0.02,0.02
32.5495,0.02,0.04,-0,0.1,0,10.99,-0.02,0.02
32.5736,0.02,0.04,-0,0.1,0,10.99,-0.02,0.02
32.5976,0.02,0.04,-0,0.11,0,12.19,-0.02,0.02
32.6246,0.02,0.04,-0,0.11,0,12.19,-0.02,0.02
32.6486,0.02,0.04,-0,0.1,0,10.99,-0.02,0.02
32.6726,0.03,0.04,-0,0.1,0,10.99,-0.02,0.02
32.6993,0.02,0.04,-0.01,0.1,0,10.99,-0.02,0.02
32.7234,0.02,0.04,-0,0.1,0,10.99,-0.02,0.02
32.7476,0.02,0.04,-0,0.1,0,10.99,-0.02,0.02
32.7716,0.02,0.04,-0.01,0.1,0,10.99,-0.02,0.02
32.7991,0.02,0.04,-0.01,0.1,0,10.99,-0.02,0.02
32.8232,0.02,0.04,-0,0.1,0,10.99,-0.02,0.02
32.8474,0.02,0.04,-0,0.1,0,10.99,-0.02,0.02
32.8743,0.02,0.04,-0,0.1,0,10.99,-0.02,0.02
32.8984,0.02,0.04,-0.01,0.1,0,10.99,-0.02,0.02
32.9224,0.02,0.04,-0.01,0.1,0,10.99,-0.02,0.02
32.9492,0.02,0.04,-0,0.11,0,12.19,-0.02,0.02
32.9734,0.02,0.05,-0,0.11,0,12.19,-0.02,0.02
32.9974,0.02,0.04,-0,0.11,0,12.19,-0.02,0.02
33.0242,0.02,0.04,-0,0.1,0,10.99,-0.02,0.02
33.0483,0.02,0.05,-0.01,0.1,0,10.99,-0.02,0.02
33.0723,0.02,0.04,-0,0.11,0,12.19,-0.02,0.02
33.0992,0.02,0.05,-0,0.11,0,12.19,-0.02,0.02
33.1233,0.02,0.05,-0,0.11,0,12.19,-0.02,0.02
33.1476,0.02,0.05,-0,0.11,0,12.19,-0.02,0.02
33.1717,0.02,0.04,-0,0.11,0,12.19,-0.02,0.02
33.1992,0.02,0.04,-0,0.11,0,12.19,-0.02,0.02
33.2232,0.02,0.04,-0,0.11,0,12.19,-0.02,0.02
33.2474,0.02,0.05,-0,0.11,0,12.19,-0.02,0.02
33.2716,0.02,0.04,-0,0.11,0,12.19,-0.02,0.02
33.2956,0.02,0.04,-0,0.11,0,12.19,-0.02,0.02
33.3198,0.02,0.04,-0.01,0.11,0,12.19,-0.02,0.02
