t,aa0,fe0,aa1,fe1,ctq0,ctq1,dtq0,dtq1
1791.41,0,0.01,-0.02,0.12,0,0.52,-5.18,-8.53
1791.41,0,0,0,0,3.63847e-41,0,7.42688e-44,0
1791.41,0,4.56599e-41,0,0,3.63847e-41,0,5.1848e-44,0
1791.41,23,0.09,-0.04,0.11,0,0,0,0
1791.43,0.23,0.09,-0.04,0.11,0,0,0,0
1791.45,0.23,0.09,-0.04,0.11,0,0,0,0
1791.48,0.23,0.09,-0.04,0.11,0,0,0,0
1791.5,0.23,0.09,-0.04,0.11,0,0,0,0
1791.53,0.23,0.09,-0.04,0.11,0,0,0,0
1791.55,0.23,0.09,-0.04,0.11,0,0,0,0
1791.57,0.23,0.08,-0.04,0.11,0,0,0,0
1791.6,0.23,0.09,-0.04,0.11,0,0,0,0
1791.62,0.23,0.08,-0.04,0.11,0,0,0,0
1791.65,0.23,0.08,-0.04,0.11,0,0,0,0
1791.67,0.23,0.08,-0.04,0.11,0,0,0,0
1791.69,0.23,0.08,-0.04,0.11,0,0,0,0
1791.71,0.23,0.08,-0.04,0.11,0,0,0,0
1791.74,0.23,0.08,-0.04,0.11,0,0,0,0
1791.76,0.23,0.08,-0.04,0.11,0,0,0,0
1791.78,0.23,0.08,-0.04,0.11,-0.17,0,0,0
1791.8,0.23,0.08,-0.04,0.11,0,0,0,0
1791.82,0.23,0.08,-0.04,0.11,0,1.19,0,0
1791.85,0.23,0.08,-0.04,0.11,0,1.19,0,0
1791.87,0.23,0.08,-0.04,0.11,0,0.68,0,0
1791.9,0.23,0.08,-0.04,0.11,0,0.34,0,0
1791.92,0.23,0.08,-0.04,0.11,0,-0.17,0,0
1791.94,0.23,0.08,-0.04,0.11,0,0,0,0
1791.97,0.23,0.08,-0.04,0.11,0,0,0,0
1791.99,0.23,0.08,-0.04,0.11,0,0,0,0
1792.01,0.23,0.08,-0.04,0.11,0,0,0,0
1792.03,0.23,0.08,-0.04,0.11,0,0,0,0
1792.05,0.23,0.08,-0.04,0.1,1.18,0,0,0
1792.08,0.23,0.08,-0.04,0.1,0.84,0,0,0
1792.1,0.23,0.08,-0.04,0.1,1.52,0,0,0
1792.13,0.23,0.08,-0.04,0.1,1.01,0,0,0
1792.15,0.23,0.08,-0.04,0.1,0.51,0,0,0
1792.17,0.23,0.08,-0.04,0.1,-0.17,0,0,0
1792.2,0.23,0.08,-0.04,0.09,0,0,0,0
1792.22,0.23,0.08,-0.04,0.09,0,0,0,0
1792.24,0.23,0.08,-0.04,0.09,0,0,0,0
1792.26,0.23,0.08,-0.04,0.09,0,0,0,0
1792.28,0.23,0.08,-0.04,0.09,0,0,0,0
1792.3,0.23,0.08,-0.04,0.09,0,0,0,0
1792.32,0.23,0.08,-0.04,0.09,0,0,0,0
1792.34,0.23,0.08,-0.04,0.09,0,0,0,0
1792.36,0.23,0.08,-0.04,0.09,0,0,0,0
1792.39,0.23,0.08,-0.04,0.09,0,0,0,0
1792.41,0.23,0.08,-0.04,0.09,0,0,0,0
1792.43,0.23,0.08,-0.04,0.09,0,0,0,0
1792.46,0.23,0.08,-0.04,0.09,0,0,0,0
1792.48,0.23,0.08,-0.04,0.09,0,0,0,0
1792.5,0.23,0.08,-0.04,0.09,0,0,0,0
1792.53,0.23,0.08,-0.04,0.09,0,0,0,0
1792.55,0.23,0.08,-0.04,0.09,0,0,0,0
1792.57,0.23,0.08,-0.04,0.09,0.17,0,0,0
1792.59,0.23,0.08,-0.04,0.09,0,0,0,0
1792.61,0.23,0.08,-0.04,0.09,0,0,0,0
1792.63,0.23,0.08,-0.04,0.09,0,0,0,0
1792.66,0.23,0.08,-0.04,0.09,0,0,0,0
1792.68,0.23,0.08,-0.04,0.09,0,0,0,0
1792.7,0.23,0.08,-0.04,0.09,0,0,0,0
1792.73,0.23,0.08,-0.04,0.09,0,0,0,0
1792.75,0.23,0.08,-0.04,0.09,0,0,0,0
1792.78,0.23,0.08,-0.04,0.09,0,0,0,0
1792.8,0.23,0.08,-0.04,0.09,0,0,0,0
1792.83,0.23,0.08,-0.04,0.09,0.67,0,0,0
1792.86,0.23,0.08,-0.04,0.09,1.01,0,0,0
1792.88,0.23,0.08,-0.04,0.09,0.5,0,0,0
1792.91,0.23,0.08,-0.04,0.09,0,0,0,0
1792.93,0.23,0.08,-0.04,0.1,0,0,0,0
1792.96,0.23,0.08,-0.04,0.09,0,0,0,0
1792.98,0.23,0.08,-0.04,0.09,0,0,0,0
1793.01,0.23,0.08,-0.04,0.09,0,0,0,0
1793.03,0.23,0.08,-0.04,0.09,0,0,0,0
1793.05,0.23,0.08,-0.04,0.09,0,0,0,0
1793.08,0.23,0.08,-0.04,0.09,0,0,0,0
1793.1,0.23,0.08,-0.04,0.09,0,0,0,0
1793.13,0.23,0.08,-0.04,0.09,0,0,0,0
1793.15,0.23,0.08,-0.04,0.09,0,0,0,0
1793.17,0.23,0.08,-0.04,0.09,0,0,0,0
1793.2,0.23,0.08,-0.04,0.09,0,0,0,0
1793.22,0.23,0.08,-0.04,0.09,0,0,0,0
1793.25,0.23,0.08,-0.04,0.09,0,0,0,0
1793.27,0.23,0.08,-0.04,0.09,0,0,0,0
1793.29,0.23,0.08,-0.04,0.09,0,0,0,0
1793.32,0.23,0.08,-0.04,0.09,1.01,1.18,0,0
1793.35,0.23,0.08,-0.04,0.09,1.01,1.18,0,0
1793.38,0.23,0.08,-0.04,0.09,0.5,0.67,0,0
1793.4,0.23,0.08,-0.04,0.09,-0.17,0.17,0,0
1793.42,0.23,0.08,-0.04,0.09,0,0,0,0
1793.45,0.23,0.08,-0.04,0.09,0,0,0,0
1793.47,0.23,0.08,-0.04,0.09,0,0,0,0
1793.5,0.23,0.08,-0.04,0.09,0,0,0,0
1793.52,0.23,0.08,-0.04,0.09,0,0,0,0
1793.54,0.23,0.08,-0.04,0.09,0,0,0,0
1793.57,0.23,0.08,-0.04,0.09,0,0,0,0
1793.59,0.23,0.08,-0.04,0.09,0,0,0,0
1793.62,0.23,0.08,-0.04,0.09,0.34,0,0,0
1793.65,0.23,0.08,-0.04,0.09,0.67,0,0,0
1793.67,0.23,0.08,-0.04,0.09,0.34,0,0,0
1793.7,0.23,0.08,-0.04,0.09,0,0,0,0
1793.72,0.23,0.08,-0.04,0.09,0,0,0,0
1793.75,0.23,0.08,-0.04,0.09,0,0,0,0
1793.77,0.23,0.08,-0.04,0.09,0.17,0,0,0
1793.8,0.23,0.08,-0.04,0.09,0,0,0,0
1793.82,0.23,0.08,-0.04,0.09,0,0,0,0
1793.85,0.23,0.08,-0.04,0.1,0,0,0,0
1793.87,0.23,0.08,-0.04,0.09,0.67,0,0,0
1793.9,0.23,0.08,-0.04,0.09,1.01,0,0,0
1793.93,0.23,0.08,-0.04,0.09,0.5,0,0,0
1793.95,0.23,0.08,-0.04,0.09,0,0,0,0
1793.98,0.23,0.08,-0.04,0.09,0,0,0,0
1794,0.23,0.08,-0.04,0.09,0,0,0,0
1794.03,0.23,0.08,-0.04,0.09,0,0,0,0
1794.05,0.23,0.08,-0.04,0.09,0.17,0,0,0
1794.08,0.23,0.08,-0.04,0.09,-0.17,0,0,0
1794.1,0.23,0.08,-0.04,0.09,0,0,0,0
1794.13,0.23,0.08,-0.04,0.09,0,0,0,0
1794.15,0.23,0.08,-0.04,0.09,0,0,0,0
1794.18,0.23,0.08,-0.04,0.09,0.17,0,0,0
1794.2,0.23,0.08,-0.04,0.09,0,0,0,0
1794.23,0.23,0.08,-0.04,0.09,0.34,0,0,0
1794.26,0.23,0.08,-0.04,0.09,0,0,0,0
1794.28,0.23,0.08,-0.04,0.1,0,0,0,0
1794.3,0.23,0.08,-0.04,0.09,0,0,0,0
1794.33,0.23,0.08,-0.04,0.09,0,0,0,0
1794.35,0.23,0.08,-0.04,0.09,0,0,0,0
1794.37,0.23,0.08,-0.04,0.09,0,0,0,0
1794.4,0.23,0.08,-0.04,0.09,0,0,0,0
1794.42,0.23,0.08,-0.04,0.09,0,0,0,0
1794.45,0.23,0.08,-0.04,0.09,0,0,0,0
1794.47,0.23,0.08,-0.04,0.09,0,0,0,0
1794.49,0.23,0.08,-0.04,0.09,0,0,0,0
1794.52,0.23,0.08,-0.04,0.09,0,0,0,0
1794.54,0.23,0.08,-0.04,0.09,0,0,0,0
1794.57,0.23,0.08,-0.04,0.09,0,0,0,0
1794.59,0.23,0.08,-0.04,0.09,0,0,0,0
1794.61,0.23,0.08,-0.04,0.09,0,0,0,0
1794.64,0.23,0.08,-0.04,0.09,0,0,0,0
1794.66,0.23,0.08,-0.04,0.09,0,0,0,0
1794.69,0.23,0.08,-0.04,0.09,0,0,0,0
1794.71,0.23,0.08,-0.04,0.09,0,0,0,0
1794.73,0.23,0.08,-0.04,0.09,0,0,0,0
1794.76,0.23,0.08,-0.04,0.09,0,0,0,0
1794.78,0.23,0.08,-0.04,0.09,0,0,0,0
1794.81,0.23,0.08,-0.04,0.09,0,0,0,0
1794.83,0.23,0.08,-0.04,0.09,0,0,0,0
1794.85,0.23,0.08,-0.04,0.09,0,0,0,0
1794.88,0.23,0.08,-0.04,0.09,0,0,0,0
1794.9,0.23,0.08,-0.04,0.09,0,0,0,0
1794.93,0.23,0.08,-0.04,0.09,0,0,0,0
1794.95,0.23,0.08,-0.04,0.09,0,0,0,0
1794.97,0.23,0.08,-0.04,0.09,0,0,0,0
1795,0.23,0.08,-0.04,0.09,0,0,0,0
1795.02,0.23,0.08,-0.04,0.09,0,0,0,0
1795.05,0.23,0.08,-0.04,0.09,0,0,0,0
1795.07,0.23,0.08,-0.04,0.09,0,0,0,0
1795.09,0.23,0.08,-0.04,0.09,0,0,0,0
1795.12,0.23,0.08,-0.04,0.09,0,0,0,0
1795.14,0.23,0.08,-0.04,0.09,0,0,0,0
1795.17,0.23,0.08,-0.04,0.09,1.01,0,0,0
1795.19,0.23,0.08,-0.04,0.09,0,0,0,0
1795.22,0.23,0.08,-0.04,0.09,0,0,0,0
1795.24,0.23,0.08,-0.04,0.09,0,0,0,0
1795.26,0.23,0.08,-0.04,0.09,0,0,0,0
1795.29,0.23,0.08,-0.04,0.09,0,0,0,0
1795.31,0.23,0.08,-0.04,0.1,0,0,0,0
1795.34,0.23,0.08,-0.04,0.09,0,0,0,0
1795.36,0.23,0.08,-0.04,0.09,1.01,0,0,0
1795.39,0.23,0.08,-0.04,0.1,0,0,0,0
1795.41,0.23,0.08,-0.04,0.09,0,0,0,0
1795.44,0.23,0.08,-0.04,0.09,0,0,0,0
1795.46,0.23,0.08,-0.04,0.09,1.01,0,0,0
1795.49,0.23,0.08,-0.04,0.09,0,0,0,0
1795.51,0.23,0.08,-0.04,0.09,0,0,0,0
1795.54,0.23,0.08,-0.04,0.09,0.84,0,0,0
1795.56,0.23,0.08,-0.04,0.09,0,0,0,0
1795.59,0.23,0.08,-0.04,0.09,0,0,0,0
1795.61,0.23,0.08,-0.04,0.09,0,0,0,0
1795.64,0.23,0.08,-0.04,0.1,1.01,0,0,0
1795.66,0.23,0.08,-0.04,0.09,0,0,0,0
1795.69,0.23,0.08,-0.04,0.09,0.67,0,0,0
1795.72,0.23,0.08,-0.04,0.09,0.84,0,0,0
1795.74,0.23,0.08,-0.04,0.09,0.5,0,0,0
1795.77,0.23,0.08,-0.04,0.09,0,0,0,0
1795.79,0.23,0.08,-0.04,0.09,0,0,0,0
1795.82,0.23,0.08,-0.04,0.09,0,0,0,0
1795.84,0.23,0.08,-0.04,0.09,0,0,0,0
1795.87,0.23,0.08,-0.04,0.09,0,0,0,0
1795.89,0.23,0.08,-0.04,0.09,0,0,0,0
1795.91,0.23,0.08,-0.04,0.09,0,0,0,0
1795.94,0.23,0.08,-0.04,0.1,0,0,0,0
1795.96,0.23,0.08,-0.04,0.09,0,0,0,0
1795.99,0.23,0.08,-0.04,0.09,0,0,0,0
1796.01,0.23,0.08,-0.04,0.09,0,0,0,0
1796.03,0.23,0.08,-0.04,0.09,0,0,0,0
1796.06,0.23,0.08,-0.04,0.1,0,0,0,0
1796.08,0.23,0.08,-0.04,0.1,0,0,0,0
1796.11,0.23,0.08,-0.04,0.1,0,0,0,0
1796.13,0.23,0.08,-0.04,0.09,0,0,0,0
1796.15,0.23,0.08,-0.04,0.1,0,0,0,0
1796.18,0.23,0.08,-0.04,0.09,0,0,0,0
1796.2,0.23,0.08,-0.04,0.09,0,0,0,0
1796.23,0.23,0.08,-0.04,0.1,0,0,0,0
1796.25,0.23,0.08,-0.04,0.1,0,0,0,0
1796.27,0.23,0.08,-0.04,0.1,0,0,0,0
1796.3,0.23,0.08,-0.04,0.1,0,0,0,0
1796.32,0.23,0.08,-0.04,0.09,0,0,0,0
1796.35,0.23,0.08,-0.04,0.09,0,0,0,0
1796.37,0.23,0.08,-0.04,0.1,0,0,0,0
1796.39,0.23,0.08,-0.04,0.1,0,0,0,0
1796.42,0.23,0.08,-0.04,0.1,0,0,0,0
1796.44,0.23,0.08,-0.04,0.1,0,0,0,0
1796.47,0.23,0.08,-0.04,0.1,0,0,0,0
1796.49,0.23,0.08,-0.04,0.09,0,0,0,0
1796.51,0.23,0.08,-0.04,0.1,0,0,0,0
1796.54,0.23,0.08,-0.04,0.1,0,0,0,0
1796.56,0.23,0.08,-0.04,0.1,0,0,0,0
1796.59,0.23,0.08,-0.04,0.1,0,0,0,0
1796.61,0.23,0.08,-0.04,0.1,0,0,0,0
1796.63,0.23,0.08,-0.04,0.1,0,0,0,0
1796.66,0.23,0.08,-0.04,0.09,0,0,0,0
1796.68,0.23,0.08,-0.04,0.1,0,0,0,0
1796.71,0.23,0.08,-0.04,0.09,0,0,0,0
1796.73,0.23,0.08,-0.04,0.09,0,0,0,0
1796.75,0.23,0.08,-0.04,0.09,0,0,0,0
1796.78,0.23,0.08,-0.04,0.09,0,0,0,0
1796.8,0.23,0.08,-0.04,0.1,0,0,0,0
1796.83,0.23,0.08,-0.04,0.09,0,0,0,0
1796.85,0.23,0.08,-0.04,0.1,0,0,0,0
1796.87,0.23,0.08,-0.04,0.09,0,0,0,0
1796.9,0.23,0.08,-0.04,0.09,0,0,0,0
1796.92,0.23,0.08,-0.04,0.09,0,0,0,0
1796.95,0.23,0.08,-0.04,0.09,0,0,0,0
1796.97,0.23,0.08,-0.04,0.09,0,0,0,0
1796.99,0.23,0.08,-0.04,0.09,0,0,0,0
1797.02,0.23,0.08,-0.04,0.09,0,0,0,0
1797.04,0.23,0.08,-0.04,0.09,0,0,0,0
1797.07,0.23,0.08,-0.04,0.09,0,0,0,0
1797.09,0.23,0.08,-0.04,0.09,0,0,0,0
1797.11,0.23,0.08,-0.04,0.09,0,0,0,0
1797.14,0.23,0.08,-0.04,0.09,0,0,0,0
1797.16,0.23,0.08,-0.04,0.09,0,0,0,0
1797.19,0.23,0.08,-0.04,0.09,0,0,0,0
1797.21,0.23,0.08,-0.04,0.09,0,0,0,0
1797.23,0.23,0.08,-0.04,0.09,0,0,0,0
1797.26,0.23,0.08,-0.04,0.09,0,0,0,0
1797.28,0.23,0.08,-0.04,0.09,0,0,0,0
1797.31,0.23,0.08,-0.04,0.09,0,0,0,0
1797.33,0.23,0.08,-0.04,0.09,0,0,0,0
1797.35,0.23,0.08,-0.04,0.09,0,0,0,0
1797.38,0.23,0.08,-0.04,0.09,0,0,0,0
1797.4,0.23,0.08,-0.04,0.09,0,0,0,0
1797.43,0.23,0.08,-0.04,0.09,0,0,0,0
1797.45,0.23,0.08,-0.04,0.1,0,0,0,0
1797.47,0.23,0.08,-0.04,0.09,0,0,0,0
1797.5,0.23,0.08,-0.04,0.09,0,0,0,0
1797.52,0.23,0.08,-0.04,0.1,0,0,0,0
1797.55,0.23,0.08,-0.04,0.09,0,0,0,0
1797.57,0.23,0.08,-0.04,0.09,0,0,0,0
1797.59,0.23,0.08,-0.04,0.09,0,0,0,0
1797.62,0.23,0.08,-0.04,0.09,0,0,0,0
1797.64,0.23,0.08,-0.04,0.09,0,-0.17,-0.04,-0.05
1797.66,0.23,0.08,-0.04,0.09,0,0,-0.04,-0.05
1797.69,0.23,0.08,-0.04,0.09,0,0,-0.04,-0.05
1797.71,0.23,0.08,-0.04,0.09,0,0,-0.04,-0.05
1797.73,0.23,0.08,-0.04,0.09,0,0,-0.04,-0.05
1797.75,0.23,0.08,-0.04,0.09,0,0,-0.04,-0.05
1797.77,0.23,0.08,-0.04,0.09,0,0,-0.04,-0.05
1797.79,0.23,0.08,-0.04,0.09,0,0,-0.04,-0.05
1797.81,0.23,0.08,-0.04,0.09,0,0,-0.04,-0.05
1797.84,0.23,0.08,-0.04,0.09,0,0,-0.04,-0.05
1797.86,0.23,0.08,-0.04,0.09,0,0,-0.04,-0.04
1797.88,0.23,0.08,-0.04,0.09,0,0,-0.04,-0.04
1797.9,0.23,0.08,-0.04,0.09,0,0,-0.04,-0.04
1797.92,0.23,0.08,-0.04,0.09,0,0,-0.04,-0.04
1797.94,0.23,0.08,-0.04,0.09,0,0,-0.04,-0.04
1797.96,0.23,0.08,-0.04,0.09,0,0,-0.04,-0.04
1797.99,0.23,0.08,-0.04,0.09,0,0,-0.04,-0.04
1798.01,0.23,0.08,-0.04,0.09,0,0,-0.04,-0.04
1798.03,0.23,0.08,-0.04,0.09,0,0,-0.04,-0.04
1798.05,0.23,0.08,-0.04,0.09,0,0,-0.04,-0.03
1798.07,0.23,0.08,-0.04,0.09,0,0,-0.04,-0.03
1798.09,0.23,0.08,-0.04,0.09,0,0,-0.04,-0.03
1798.11,0.23,0.08,-0.04,0.09,0,0,-0.04,-0.02
1798.14,0.23,0.08,-0.04,0.09,0,0,-0.04,-0.02
1798.16,0.23,0.08,-0.04,0.09,0,0,-0.04,-0.02
1798.18,0.23,0.08,-0.04,0.09,0,0,-0.04,-0.02
1798.2,0.23,0.08,-0.04,0.09,0,0,-0.04,-0.02
1798.22,0.23,0.08,-0.04,0.09,0,0,-0.04,-0.02
1798.24,0.23,0.08,-0.05,0.1,0,0,-0.04,-0.02
1798.26,0.23,0.08,-0.04,0.09,0,0,-0.04,-0.02
1798.29,0.23,0.08,-0.04,0.09,0,0,-0.04,-0.02
1798.31,0.23,0.08,-0.04,0.09,0,0,-0.04,-0.02
1798.33,0.23,0.08,-0.04,0.09,0,0,-0.04,-0.02
1798.35,0.23,0.08,-0.04,0.09,0,0,-0.04,-0.02
1798.37,0.23,0.08,-0.04,0.09,0,0,-0.04,-0.02
1798.39,0.23,0.08,-0.04,0.09,0,0,-0.04,-0.02
1798.41,0.23,0.08,-0.04,0.1,0,0,-0.04,-0.02
1798.44,0.23,0.08,-0.04,0.09,0,0,-0.04,-0.02
1798.46,0.23,0.08,-0.04,0.09,0,0,-0.04,-0.02
1798.48,0.23,0.08,-0.04,0.1,0,0,-0.04,-0.02
1798.5,0.23,0.08,-0.04,0.09,0,0,-0.04,-0.02
1798.52,0.23,0.08,-0.04,0.1,0,0,-0.04,-0.02
1798.54,0.23,0.08,-0.04,0.09,0,0,-0.04,-0.02
1798.56,0.23,0.08,-0.04,0.09,0,0,-0.04,-0.02
1798.59,0.23,0.08,-0.04,0.09,0,0,-0.04,-0.02
1798.61,0.23,0.08,-0.04,0.09,0,0,-0.04,-0.02
1798.63,0.23,0.08,-0.04,0.09,0,0,-0.04,-0.02
1798.65,0.23,0.08,-0.04,0.1,0,0,-0.04,-0.02
1798.67,0.23,0.08,-0.04,0.09,0,0,-0.04,-0.02
1798.69,0.23,0.08,-0.04,0.09,0,0,-0.04,-0.02
1798.71,0.23,0.08,-0.04,0.09,0,0,-0.04,-0.02
1798.73,0.23,0.08,-0.04,0.09,0,0,-0.04,-0.02
1798.76,0.23,0.08,-0.04,0.09,0,0,-0.04,-0.02
1798.78,0.23,0.08,-0.04,0.09,0,0,-0.04,-0.02
1798.8,0.23,0.08,-0.04,0.09,0,0,-0.04,-0.02
1798.82,0.23,0.08,-0.04,0.09,0,0,-0.04,-0.02
1798.84,0.23,0.08,-0.04,0.09,0,0,-0.04,-0.02
1798.86,0.23,0.08,-0.04,0.1,0,0,-0.04,-0.02
1798.88,0.23,0.08,-0.04,0.1,0,0,-0.04,-0.02
1798.91,0.23,0.08,-0.04,0.09,0,0,-0.04,-0.02
1798.93,0.23,0.08,-0.04,0.09,0,0,-0.04,-0.02
1798.95,0.23,0.08,-0.04,0.09,0,0,-0.04,-0.02
1798.97,0.23,0.08,-0.04,0.1,0,0,-0.04,-0.02
1798.99,0.23,0.08,-0.04,0.1,0,0,-0.04,-0.02
1799.01,0.23,0.08,-0.04,0.1,0,0,-0.04,-0.02
1799.03,0.23,0.08,-0.04,0.1,0,0,-0.04,-0.02
1799.06,0.23,0.08,-0.04,0.1,0,0,-0.04,-0.02
1799.08,0.23,0.08,-0.04,0.1,0,0,-0.04,-0.02
1799.1,0.23,0.08,-0.04,0.1,0,0,-0.04,-0.02
1799.12,0.23,0.08,-0.04,0.1,0,0,-0.04,-0.02
1799.14,0.23,0.08,-0.04,0.1,0,0,-0.04,-0.02
1799.16,0.23,0.08,-0.04,0.1,0,0,-0.04,-0.02
1799.18,0.23,0.09,-0.04,0.1,0,0,-0.04,-0.02
1799.21,0.23,0.08,-0.04,0.1,0,0,-0.04,-0.02
1799.23,0.23,0.08,-0.04,0.1,0,0,-0.04,-0.02
1799.25,0.23,0.09,-0.04,0.1,0,0,-0.04,-0.02
1799.27,0.23,0.09,-0.04,0.1,0,0,-0.04,-0.02
1799.29,0.23,0.09,-0.04,0.11,0,0.34,-0.04,-0.02
1799.32,0.23,0.09,-0.04,0.11,0,2.55,-0.04,-0.03
1799.34,0.23,0.09,-0.04,0.11,0,2.55,-0.04,-0.03
1799.37,0.23,0.09,-0.04,0.11,0,2.55,-0.04,-0.03
1799.4,0.23,0.09,-0.04,0.11,0,2.55,-0.05,-0.03
1799.42,0.23,0.09,-0.04,0.11,0,2.55,-0.05,-0.03
1799.44,0.23,0.1,-0.04,0.13,0,2.55,-0.05,-0.03
1799.47,0.23,0.1,-0.04,0.13,0,2.55,-0.05,-0.03
1799.49,0.23,0.1,-0.04,0.14,0,2.55,-0.05,-0.03
1799.52,0.23,0.1,-0.04,0.15,0,3.74,-0.05,-0.03
1799.54,0.23,0.1,-0.04,0.17,0,7.17,-0.05,-0.03
1799.57,0.23,0.1,-0.04,0.17,0,7.17,-0.05,-0.06
1799.59,0.23,0.1,-0.04,0.18,0,9.41,-0.05,-0.06
1799.62,0.23,0.1,-0.04,0.19,0,12.87,-0.05,-0.06
1799.64,0.23,0.1,-0.04,0.21,0,15.13,-0.05,-0.07
1799.67,0.23,0.1,-0.04,0.22,0,16.35,-0.05,-0.07
1799.69,0.23,0.1,-0.04,0.23,0,17.4,-0.05,-0.07
1799.72,0.23,0.11,-0.04,0.24,0,18.62,-0.05,-0.09
1799.74,0.23,0.11,-0.04,0.25,0,23.19,-0.05,-0.09
1799.77,0.23,0.11,-0.04,0.26,0,24.42,-0.05,-0.09
1799.79,0.23,0.11,-0.04,0.26,0,27.94,-0.05,-0.1
1799.82,0.23,0.11,-0.04,0.27,0,27.77,-0.05,-0.1
1799.84,0.23,0.11,-0.04,0.27,0,31.47,-0.05,-0.1
1799.87,0.23,0.11,-0.04,0.28,0,31.47,-0.06,-0.11
1799.89,0.23,0.12,-0.04,0.3,0,35.9,-0.06,-0.11
1799.92,0.23,0.12,-0.04,0.3,0,37.14,-0.06,-0.11
1799.94,0.23,0.12,-0.04,0.31,0,38.2,-0.06,-0.11
1799.97,0.23,0.12,-0.04,0.32,0,38.2,-0.06,-0.13
1799.99,0.23,0.12,-0.04,0.33,0,41.91,-0.06,-0.13
1800.01,0.23,0.12,-0.04,0.34,0,46.69,-0.06,-0.13
1800.04,0.23,0.12,-0.04,0.35,0,53.57,-0.06,-0.15
1800.07,0.23,0.12,-0.04,0.36,0,52.34,-0.06,-0.15
1800.09,0.23,0.13,-0.04,0.36,0,55.69,-0.06,-0.15
1800.12,0.23,0.13,-0.04,0.37,0,56.92,-0.06,-0.15
1800.14,0.23,0.13,-0.04,0.37,0,59.2,-0.06,-0.15
1800.16,0.23,0.13,-0.04,0.38,0,61.48,-0.06,-0.15
1800.19,0.23,0.13,-0.04,0.39,0,66.19,-0.07,-0.16
1800.21,0.23,0.13,-0.04,0.4,0,71.4,-0.07,-0.16
1800.24,0.23,0.13,-0.06,0.4,0,71.75,-0.07,-0.16
1800.26,0.23,0.13,-0.04,0.42,0,71.06,-0.07,-0.15
1800.29,0.23,0.14,-0.04,0.43,0,76.45,-0.07,-0.15
1800.31,0.23,0.13,-0.04,0.44,0,81.63,-0.07,-0.15
1800.34,0.23,0.14,-0.04,0.45,0,85.4,-0.07,-0.15
1800.36,0.23,0.14,-0.04,0.46,0,86.77,-0.07,-0.15
1800.39,0.23,0.14,-0.04,0.47,0,91.41,-0.07,-0.15
1800.41,0.23,0.14,-0.04,0.47,0,94.34,-0.07,-0.15
1800.44,0.23,0.14,-0.04,0.48,0,98.57,-0.07,-0.14
1800.46,0.23,0.14,-0.04,0.49,0,100.44,-0.07,-0.14
1800.49,0.23,0.14,-0.04,0.49,0,103.3,-0.07,-0.14
1800.51,0.23,0.15,-0.04,0.51,0,107.75,-0.07,-0.13
1800.54,0.23,0.15,-0.04,0.51,0,105.21,-0.07,-0.13
1800.56,0.23,0.15,-0.04,0.51,0,104.34,-0.07,-0.13
1800.59,0.23,0.15,-0.04,0.52,0,104.8,-0.08,-0.13
1800.61,0.23,0.15,-0.04,0.52,0,104.85,-0.08,-0.13
1800.64,0.23,0.15,-0.04,0.55,0,109.78,-0.08,-0.13
1800.66,0.23,0.15,-0.04,0.55,0,107,-0.08,-0.15
1800.69,0.23,0.15,-0.04,0.55,0,106.13,-0.08,-0.15
1800.71,0.23,0.16,-0.04,0.55,0,104.65,-0.08,-0.15
1800.74,0.23,0.16,-0.04,0.56,0,108.84,-0.08,-0.15
1800.76,0.23,0.16,-0.04,0.56,0,107.54,-0.08,-0.15
1800.79,0.23,0.16,-0.04,0.56,0,107.29,-0.08,-0.15
1800.81,0.23,0.16,-0.04,0.56,0,108.33,-0.08,-0.15
1800.84,0.23,0.16,-0.04,0.58,0,110.65,-0.08,-0.15
1800.86,0.23,0.16,-0.04,0.59,0,108.64,-0.08,-0.15
1800.89,0.23,0.16,-0.04,0.6,0,104.27,-0.08,-0.15
1800.91,0.23,0.16,-0.04,0.61,0,101.54,-0.08,-0.15
1800.94,0.23,0.16,-0.04,0.64,0,95.49,-0.08,-0.15
1800.96,0.23,0.16,-0.04,0.66,0,80.89,-0.08,-0.15
1800.99,0.23,0.16,-0.04,0.68,0,67.52,-0.08,-0.18
1801.01,0.23,0.16,-0.04,0.7,0,72.93,-0.08,-0.18
1801.04,0.23,0.16,-0.04,0.7,0,87.97,-0.08,-0.18
1801.06,0.23,0.16,-0.04,0.69,0,94.75,-0.08,-0.2
1801.09,0.23,0.16,-0.04,0.69,0,102.61,-0.08,-0.2
1801.11,0.23,0.16,-0.04,0.69,0,106.76,-0.08,-0.2
1801.13,0.23,0.17,-0.04,0.69,0,108.43,-0.08,-0.2
1801.16,0.23,0.16,-0.04,0.69,0,108.93,-0.08,-0.19
1801.19,0.23,0.16,-0.04,0.69,0,109.92,-0.08,-0.19
1801.21,0.23,0.16,-0.04,0.69,0,110.59,-0.08,-0.19
1801.24,0.23,0.16,-0.04,0.69,0,110.76,-0.08,-0.19
1801.26,0.23,0.17,-0.04,0.69,0,110.76,-0.08,-0.19
1801.28,0.23,0.17,-0.04,0.69,0,110.76,-0.08,-0.19
1801.31,0.23,0.17,-0.04,0.69,0,110.76,-0.08,-0.19
1801.33,0.23,0.17,-0.04,0.69,0,110.76,-0.08,-0.19
1801.36,0.23,0.17,-0.05,0.69,0,111.61,-0.08,-0.19
1801.39,0.23,0.17,-0.04,0.69,0,109.9,-0.08,-0.19
1801.41,0.23,0.17,-0.04,0.69,0,110.06,-0.08,-0.19
1801.43,0.23,0.17,-0.04,0.69,0,110.06,-0.08,-0.19
1801.46,0.23,0.17,-0.05,0.68,0,109.2,-0.08,-0.19
1801.48,0.23,0.17,-0.04,0.68,0,109.37,-0.08,-0.19
1801.51,0.23,0.17,-0.04,0.68,0,110.4,-0.08,-0.19
1801.53,0.23,0.17,-0.04,0.67,0,106.05,-0.08,-0.19
1801.56,0.23,0.17,-0.04,0.66,0,103.57,-0.08,-0.19
1801.58,0.23,0.17,-0.04,0.66,0,102.68,-0.09,-0.18
1801.61,0.23,0.17,-0.04,0.65,0,98,-0.09,-0.18
1801.63,0.23,0.17,-0.04,0.62,0,91.36,-0.09,-0.18
1801.66,0.23,0.17,-0.04,0.62,0,91.36,-0.08,-0.16
1801.68,0.23,0.17,-0.04,0.61,0,85.52,-0.08,-0.16
1801.71,0.23,0.17,-0.04,0.58,0,78.42,-0.08,-0.16
1801.73,0.23,0.17,-0.04,0.53,0,68.02,-0.08,-0.13
1801.76,0.23,0.17,-0.04,0.49,0,57.37,-0.08,-0.13
1801.78,0.23,0.16,-0.04,0.47,0,55.67,-0.08,-0.13
1801.81,0.23,0.16,-0.04,0.44,0,43.58,-0.08,-0.08
1801.83,0.23,0.16,-0.04,0.39,0,36.95,-0.08,-0.08
1801.86,0.23,0.16,-0.04,0.36,0,26.61,-0.08,-0.08
1801.88,0.23,0.16,-0.04,0.34,0,23.09,-0.08,-0.02
1801.91,0.23,0.16,-0.05,0.32,0,13.61,-0.08,-0.02
1801.93,0.23,0.16,-0.04,0.29,0,10.11,-0.08,-0.02
1801.96,0.23,0.16,-0.04,0.27,0,9.06,-0.08,-0.02
1801.98,0.23,0.16,-0.04,0.26,0,5.56,-0.08,0.02
1802.01,0.23,0.15,-0.04,0.26,0,3.65,-0.08,0.02
1802.03,0.23,0.15,-0.04,0.24,0,2.95,-0.08,0.02
1802.05,0.23,0.15,-0.04,0.22,0,0,-0.08,0.04
1802.07,0.23,0.16,-0.04,0.21,0,0,-0.08,0.04
1802.09,0.23,0.16,-0.04,0.2,0,0,-0.08,0.04
1802.12,0.23,0.15,-0.04,0.19,0,0,-0.08,0.06
1802.14,0.23,0.15,-0.04,0.19,0,0,-0.08,0.06
1802.16,0.23,0.15,-0.04,0.19,0,0,-0.08,0.06
1802.18,0.23,0.15,-0.04,0.19,0,0,-0.08,0.06
1802.2,0.23,0.15,-0.04,0.18,0,0,-0.08,0.06
1802.22,0.23,0.16,-0.04,0.18,0,0,-0.08,0.06
1802.24,0.23,0.16,-0.04,0.18,0,0,-0.08,0.06
1802.27,0.23,0.16,-0.04,0.18,0,0,-0.08,0.07
1802.29,0.23,0.16,-0.04,0.18,0,0,-0.08,0.07
1802.31,0.23,0.15,-0.04,0.18,0,0,-0.08,0.07
1802.33,0.23,0.15,-0.04,0.18,0,0,-0.08,0.07
1802.35,0.23,0.15,-0.04,0.18,0,0,-0.08,0.07
1802.37,0.23,0.15,-0.04,0.18,0,0,-0.08,0.07
1802.39,0.23,0.15,-0.04,0.18,0,0,-0.08,0.07
1802.42,0.23,0.15,-0.04,0.18,0,0,-0.08,0.07
1802.44,0.23,0.15,-0.04,0.18,0,0,-0.08,0.07
1802.46,0.23,0.15,-0.04,0.18,0,0,-0.08,0.07
1802.48,0.23,0.15,-0.04,0.18,0,0,-0.08,0.07
1802.5,0.23,0.15,-0.04,0.18,0,0,-0.08,0.07
1802.52,0.23,0.15,-0.04,0.18,0,0,-0.08,0.07
1802.54,0.23,0.15,-0.05,0.18,0,0,-0.08,0.07
1802.56,0.23,0.15,-0.04,0.18,0,0,-0.08,0.07
1802.59,0.23,0.15,-0.04,0.19,0,0,-0.08,0.07
1802.61,0.23,0.15,-0.04,0.2,0,0,-0.08,0.07
1802.63,0.23,0.15,-0.04,0.2,0,0,-0.08,0.07
1802.65,0.23,0.15,-0.04,0.2,0,0,-0.08,0.07
1802.67,0.23,0.15,-0.04,0.2,0,0,-0.08,0.06
1802.69,0.23,0.15,-0.04,0.2,0,0,-0.08,0.06
1802.71,0.23,0.15,-0.04,0.2,0,0,-0.08,0.06
1802.74,0.23,0.15,-0.04,0.2,0,0,-0.08,0.06
1802.76,0.23,0.15,-0.04,0.21,0,0,-0.08,0.05
1802.78,0.23,0.15,-0.04,0.21,0,0,-0.08,0.05
1802.8,0.23,0.15,-0.04,0.21,0,0,-0.08,0.05
1802.82,0.23,0.16,-0.04,0.22,0,0,-0.08,0.05
1802.84,0.23,0.16,-0.04,0.22,0,0,-0.08,0.03
1802.86,0.23,0.16,-0.04,0.22,0,0,-0.08,0.03
1802.89,0.23,0.15,-0.04,0.22,0,0,-0.08,0.03
1802.91,0.23,0.16,-0.04,0.22,0,12.29,-0.08,0.01
1802.94,0.23,0.16,-0.04,0.22,0,25.11,-0.08,0.01
1802.96,0.23,0.16,-0.04,0.22,0,31.17,-0.08,0.01
1802.99,0.23,0.16,-0.04,0.23,0,33.42,-0.08,0.01
1803.01,0.23,0.16,-0.04,0.23,0,34.63,-0.08,0.01
1803.03,0.23,0.16,-0.04,0.26,0,35.33,-0.08,0.01
1803.06,0.23,0.16,-0.04,0.26,0,35.5,-0.08,-0.01
1803.09,0.23,0.16,-0.04,0.26,0,37.98,-0.08,-0.01
1803.11,0.23,0.16,-0.04,0.26,0,37.09,-0.08,-0.01
1803.13,0.23,0.16,-0.04,0.26,0,37.09,-0.08,-0.01
1803.16,0.23,0.16,-0.04,0.26,0,36.02,-0.08,-0.01
1803.18,0.23,0.16,-0.04,0.26,0,37.26,-0.08,-0.01
1803.21,0.23,0.16,-0.04,0.26,0,36.02,-0.08,-0.01
1803.23,0.23,0.16,-0.04,0.26,0,36.02,-0.08,-0.01
1803.26,0.23,0.16,-0.04,0.26,0,36.02,-0.08,-0.01
1803.28,0.23,0.16,-0.04,0.26,0,37.26,-0.08,-0.01
1803.31,0.23,0.16,-0.04,0.26,0,36.02,-0.08,-0.01
1803.33,0.23,0.16,-0.04,0.26,0,36.19,-0.08,-0.01
1803.36,0.23,0.16,-0.04,0.26,0,36.19,-0.08,-0.01
1803.38,0.23,0.16,-0.04,0.26,0,36.37,-0.08,-0.01
1803.41,0.23,0.16,-0.04,0.25,0,36.37,-0.08,-0.01
1803.43,0.23,0.16,-0.04,0.25,0,33,-0.08,-0.01
1803.46,0.23,0.16,-0.04,0.25,0,30.87,-0.08,-0.01
1803.48,0.23,0.16,-0.04,0.24,0,31.04,-0.08,-0.01
1803.51,0.23,0.16,-0.04,0.23,0,28.75,-0.08,-0.01
1803.53,0.23,0.16,-0.04,0.23,0,27.34,-0.08,-0.01
1803.55,0.23,0.16,-0.04,0.23,0,33.34,-0.08,-0.01
1803.58,0.23,0.16,-0.04,0.21,0,25.05,-0.08,0
1803.6,0.23,0.16,-0.04,0.2,0,25.23,-0.08,0
1803.63,0.23,0.16,-0.03,0.19,0,21.72,-0.08,0
1803.66,0.23,0.16,-0.04,0.17,0,19.45,-0.08,0.02
1803.68,0.23,0.16,-0.04,0.17,0,19.28,-0.08,0.02
1803.7,0.23,0.16,-0.04,0.17,0,18.23,-0.08,0.02
1803.73,0.23,0.16,-0.04,0.17,0,17.02,-0.08,0.03
1803.75,0.23,0.16,-0.04,0.16,0,14.77,-0.08,0.03
1803.78,0.23,0.16,-0.04,0.16,0,13.73,-0.08,0.03
1803.8,0.23,0.16,-0.04,0.16,0,12.52,-0.08,0.04
1803.83,0.23,0.16,-0.04,0.15,0,12.52,-0.08,0.04
1803.85,0.23,0.16,-0.04,0.15,0,12.52,-0.08,0.04
1803.88,0.23,0.16,-0.04,0.15,0,12.52,-0.08,0.04
1803.9,0.23,0.16,-0.04,0.15,0,12.52,-0.08,0.04
1803.93,0.23,0.16,-0.04,0.15,0,12.52,-0.08,0.04
1803.95,0.23,0.16,-0.04,0.15,0,12.52,-0.08,0.04
1803.98,0.23,0.16,-0.04,0.15,0,12.52,-0.08,0.04
1804,0.23,0.16,-0.04,0.15,0,12.52,-0.08,0.04
1804.03,0.23,0.16,-0.04,0.15,0,12.52,-0.08,0.04
1804.05,0.23,0.16,-0.04,0.15,0,12.52,-0.08,0.04
1804.08,0.23,0.16,-0.04,0.15,0,12.52,-0.08,0.04
1804.1,0.23,0.16,-0.04,0.16,0,12.52,-0.08,0.04
1804.13,0.23,0.16,-0.04,0.16,0,12.52,-0.08,0.04
1804.15,0.23,0.16,-0.04,0.16,0,13.73,-0.08,0.04
1804.18,0.23,0.16,-0.04,0.17,0,14.77,-0.08,0.04
1804.2,0.23,0.16,-0.04,0.17,0,14.77,-0.08,0.03
1804.23,0.23,0.16,-0.04,0.17,0,15.98,-0.08,0.03
1804.25,0.23,0.16,-0.04,0.17,0,17.02,-0.08,0.03
1804.28,0.23,0.16,-0.04,0.19,0,21.72,-0.08,0.03
1804.3,0.23,0.16,-0.04,0.2,0,21.72,-0.08,0.03
1804.32,0.23,0.16,-0.04,0.21,0,26.28,-0.08,0.03
1804.35,0.23,0.16,-0.04,0.23,0,27.51,-0.08,0.03
1804.38,0.23,0.16,-0.04,0.25,0,31.04,-0.08,0
1804.4,0.23,0.16,-0.04,0.25,0,32.1,-0.08,0
1804.42,0.23,0.16,-0.04,0.26,0,38.13,-0.08,0
1804.45,0.23,0.16,-0.04,0.27,0,39.19,-0.08,-0.02
1804.47,0.23,0.16,-0.04,0.29,0,45.06,-0.08,-0.02
1804.5,0.23,0.16,-0.04,0.31,0,48.44,-0.08,-0.02
1804.52,0.23,0.16,-0.04,0.32,0,49.86,-0.08,-0.04
1804.55,0.23,0.16,-0.04,0.33,0,52,-0.08,-0.04
1804.57,0.23,0.16,-0.04,0.34,0,60.17,-0.08,-0.04
1804.6,0.23,0.16,-0.04,0.35,0,62.47,-0.08,-0.06
1804.62,0.23,0.16,-0.04,0.36,0,67.24,-0.08,-0.06
1804.65,0.23,0.16,-0.04,0.37,0,70.58,-0.08,-0.06
1804.67,0.23,0.16,-0.03,0.38,0,75.31,-0.08,-0.07
1804.7,0.23,0.16,-0.04,0.4,0,83.13,-0.08,-0.07
1804.72,0.23,0.16,-0.04,0.4,0,82.09,-0.08,-0.07
1804.75,0.23,0.16,-0.04,0.42,0,83.13,-0.08,-0.07
1804.77,0.23,0.16,-0.04,0.43,0,84.34,-0.08,-0.1
1804.8,0.23,0.16,-0.04,0.44,0,86.57,-0.08,-0.1
1804.82,0.23,0.16,-0.04,0.45,0,90,-0.08,-0.1
1804.85,0.23,0.16,-0.04,0.47,0,94.24,-0.08,-0.11
1804.87,0.23,0.16,-0.04,0.47,0,95.25,-0.08,-0.11
1804.9,0.23,0.16,-0.04,0.47,0,97.44,-0.08,-0.11
1804.92,0.23,0.16,-0.04,0.48,0,99.62,-0.08,-0.12
1804.95,0.23,0.16,-0.04,0.48,0,100.61,-0.08,-0.12
1804.97,0.23,0.16,-0.04,0.48,0,98.62,-0.08,-0.12
1805,0.23,0.17,-0.04,0.48,0,98.62,-0.08,-0.13
1805.02,0.23,0.16,-0.04,0.48,0,101.78,-0.08,-0.13
1805.04,0.23,0.16,-0.05,0.49,0,102.77,-0.08,-0.13
1805.07,0.23,0.17,-0.04,0.49,0,101.78,-0.08,-0.13
1805.1,0.23,0.17,-0.04,0.49,0,103.94,-0.08,-0.13
1805.12,0.23,0.17,-0.04,0.49,0,102.77,-0.08,-0.13
1805.14,0.23,0.17,-0.04,0.49,0,103.94,-0.08,-0.13
1805.17,0.23,0.17,-0.04,0.49,0,104.92,-0.08,-0.13
1805.19,0.23,0.17,-0.04,0.5,0,104.23,-0.08,-0.13
1805.22,0.23,0.17,-0.04,0.49,0,104.87,-0.08,-0.13
1805.25,0.23,0.17,-0.04,0.5,0,104.69,-0.09,-0.12
1805.27,0.23,0.17,-0.04,0.5,0,102.72,-0.09,-0.12
1805.29,0.23,0.17,-0.04,0.51,0,100.12,-0.09,-0.12
1805.32,0.23,0.17,-0.04,0.51,0,98.91,-0.08,-0.11
1805.34,0.23,0.17,-0.04,0.51,0,86.19,-0.08,-0.11
1805.37,0.23,0.16,-0.04,0.51,0,65.59,-0.08,-0.11
1805.39,0.23,0.16,-0.04,0.52,0,55.77,-0.08,-0.1
1805.42,0.23,0.17,-0.04,0.53,0,55.52,-0.08,-0.1
1805.44,0.23,0.17,-0.05,0.53,0,57.69,-0.08,-0.1
1805.47,0.23,0.17,-0.04,0.53,0,55.87,-0.08,-0.11
1805.49,0.23,0.17,-0.05,0.54,0,67.84,-0.08,-0.11
1805.52,0.23,0.17,-0.04,0.53,0,74.97,-0.08,-0.11
1805.54,0.23,0.17,-0.04,0.53,0,78.08,-0.08,-0.11
1805.57,0.23,0.17,-0.04,0.53,0,79.29,-0.09,-0.11
1805.59,0.23,0.17,-0.04,0.53,0,81.7,-0.09,-0.11
1805.62,0.23,0.17,-0.04,0.54,0,84.24,-0.09,-0.11
1805.64,0.23,0.17,-0.04,0.53,0,83.78,-0.09,-0.11
1805.67,0.23,0.17,-0.04,0.53,0,84.3,-0.09,-0.11
1805.69,0.23,0.17,-0.04,0.53,0,84.64,-0.09,-0.11
1805.72,0.23,0.17,-0.05,0.54,0,84.81,-0.09,-0.11
1805.74,0.23,0.17,-0.04,0.53,0,85.51,-0.09,-0.11
1805.77,0.23,0.17,-0.04,0.53,0,86.02,-0.09,-0.11
1805.79,0.23,0.17,-0.04,0.53,0,86.2,-0.09,-0.11
1805.82,0.23,0.17,-0.04,0.53,0,86.2,-0.09,-0.11
1805.84,0.23,0.17,-0.04,0.53,0,86.2,-0.09,-0.11
1805.87,0.23,0.17,-0.04,0.54,0,87.17,-0.09,-0.11
1805.89,0.23,0.17,-0.04,0.54,0,87.17,-0.09,-0.11
1805.92,0.23,0.17,-0.04,0.54,0,87.17,-0.09,-0.11
1805.94,0.23,0.17,-0.04,0.54,0,87.17,-0.09,-0.11
1805.97,0.23,0.17,-0.04,0.54,0,87.17,-0.09,-0.11
1805.99,0.23,0.17,-0.04,0.54,0,87.17,-0.09,-0.11
1806.01,0.23,0.17,-0.03,0.52,0,84.07,-0.09,-0.11
1806.04,0.23,0.17,-0.04,0.51,0,80.94,-0.09,-0.1
1806.06,0.23,0.17,-0.04,0.51,0,77.78,-0.09,-0.1
1806.09,0.23,0.17,-0.04,0.51,0,77.78,-0.09,-0.1
1806.12,0.23,0.17,-0.04,0.48,0,67.16,-0.09,-0.1
1806.14,0.23,0.17,-0.04,0.45,0,56.17,-0.09,-0.1
1806.16,0.23,0.17,-0.04,0.42,0,51.65,-0.09,-0.1
1806.19,0.23,0.17,-0.04,0.37,0,41.33,-0.09,-0.05
1806.21,0.23,0.17,-0.04,0.35,0,34.3,-0.09,-0.05
1806.24,0.23,0.17,-0.04,0.33,0,25.31,-0.09,-0.05
1806.26,0.23,0.17,-0.04,0.3,0,26.54,-0.09,-0
1806.29,0.23,0.16,-0.04,0.27,0,16.34,-0.09,-0
1806.31,0.23,0.16,-0.04,0.26,0,11.62,-0.09,-0
1806.34,0.23,0.16,-0.04,0.25,0,8.13,-0.09,-0
1806.36,0.23,0.16,-0.04,0.22,0,3.62,-0.08,0.04
1806.39,0.23,0.17,-0.04,0.21,0,2.41,-0.08,0.04
1806.41,0.23,0.17,-0.04,0.2,0,1.38,-0.08,0.04
1806.44,0.23,0.17,-0.04,0.19,0,0.17,-0.09,0.06
1806.46,0.23,0.17,-0.04,0.19,0,0.17,-0.09,0.06
1806.49,0.23,0.17,-0.04,0.18,0,0.17,-0.09,0.06
1806.51,0.23,0.17,-0.04,0.18,0,0,-0.09,0.07
1806.53,0.23,0.17,-0.04,0.18,0,0,-0.09,0.07
1806.55,0.23,0.17,-0.04,0.17,0,0,-0.09,0.07
1806.57,0.23,0.17,-0.04,0.17,0,0,-0.09,0.07
1806.59,0.23,0.17,-0.04,0.17,0,0,-0.08,0.07
1806.62,0.23,0.17,-0.04,0.17,0,0,-0.08,0.07
1806.64,0.23,0.17,-0.04,0.17,0,0,-0.08,0.07
1806.66,0.23,0.17,-0.04,0.17,0,0,-0.08,0.07
1806.68,0.23,0.17,-0.04,0.17,0,0,-0.08,0.07
1806.7,0.23,0.17,-0.04,0.17,0,0,-0.08,0.07
1806.72,0.23,0.16,-0.04,0.17,0,0,-0.08,0.07
1806.74,0.23,0.16,-0.04,0.17,0,0,-0.08,0.07
1806.77,0.23,0.16,-0.04,0.17,0,0,-0.08,0.07
1806.79,0.23,0.16,-0.04,0.17,0,0,-0.08,0.07
1806.81,0.23,0.16,-0.04,0.17,0,0,-0.08,0.07
1806.83,0.23,0.16,-0.04,0.17,0,0,-0.08,0.07
1806.85,0.23,0.16,-0.04,0.17,0,0,-0.08,0.07
1806.87,0.23,0.16,-0.04,0.16,0,0,-0.08,0.07
1806.89,0.23,0.16,-0.04,0.16,0,0,-0.08,0.07
1806.91,0.23,0.16,-0.04,0.17,0,0,-0.08,0.08
1806.94,0.23,0.16,-0.04,0.16,0,0,-0.08,0.08
1806.96,0.23,0.16,-0.04,0.16,0,0,-0.08,0.08
1806.98,0.23,0.17,-0.04,0.16,0,0,-0.08,0.08
1807,0.23,0.16,-0.04,0.15,0,0,-0.09,0.08
1807.02,0.23,0.16,-0.04,0.16,0,0,-0.09,0.08
1807.04,0.23,0.16,-0.04,0.15,0,0,-0.09,0.08
1807.06,0.23,0.16,-0.05,0.15,0,0,-0.08,0.07
1807.09,0.23,0.17,-0.04,0.15,0,0,-0.08,0.07
1807.11,0.23,0.17,-0.04,0.15,0,0,-0.08,0.07
1807.13,0.23,0.16,-0.04,0.15,0,0,-0.08,0.07
1807.15,0.23,0.17,-0.04,0.14,0,0,-0.08,0.07
1807.17,0.23,0.16,-0.04,0.14,0,0,-0.08,0.06
1807.19,0.23,0.17,-0.04,0.15,0,0,-0.08,0.06
1807.21,0.23,0.17,-0.04,0.14,0,0,-0.08,0.06
1807.24,0.23,0.16,-0.04,0.14,0,3.25,-0.08,0.05
1807.26,0.23,0.16,-0.04,0.14,0,11.09,-0.08,0.05
1807.29,0.23,0.16,-0.04,0.13,0,11.54,-0.08,0.05
1807.31,0.23,0.16,-0.04,0.13,0,13.58,-0.08,0.05
1807.34,0.23,0.16,-0.04,0.13,0,13.73,-0.08,0.05
1807.36,0.23,0.16,-0.04,0.13,0,10.97,-0.08,0.05
1807.39,0.23,0.16,-0.04,0.13,0,11.31,-0.08,0.05
1807.41,0.23,0.16,-0.04,0.13,0,11.64,-0.08,0.05
1807.44,0.23,0.16,-0.04,0.13,0,10.62,-0.08,0.05
1807.46,0.23,0.16,-0.04,0.13,0,10.62,-0.08,0.05
1807.49,0.23,0.16,-0.04,0.13,0,10.62,-0.08,0.05
1807.51,0.23,0.16,-0.04,0.13,0,10.62,-0.08,0.05
1807.53,0.23,0.16,-0.04,0.13,0,10.62,-0.08,0.05
1807.56,0.23,0.16,-0.05,0.13,0,10.62,-0.08,0.05
1807.59,0.23,0.16,-0.04,0.13,0,10.62,-0.08,0.05
1807.61,0.23,0.16,-0.04,0.13,0,10.62,-0.08,0.05
1807.64,0.23,0.16,-0.04,0.13,0,10.62,-0.08,0.05
1807.66,0.23,0.16,-0.04,0.13,0,10.78,-0.08,0.05
1807.68,0.23,0.16,-0.04,0.13,0,10.78,-0.08,0.05
1807.71,0.23,0.16,-0.04,0.13,0,10.78,-0.08,0.05
1807.73,0.23,0.16,-0.04,0.13,0,10.78,-0.08,0.05
1807.76,0.23,0.17,-0.04,0.13,0,10.78,-0.08,0.05
1807.79,0.23,0.17,-0.05,0.14,0,11.98,-0.08,0.04
1807.81,0.23,0.17,-0.04,0.14,0,10.78,-0.08,0.04
1807.83,0.23,0.16,-0.04,0.15,0,10.78,-0.08,0.04
1807.86,0.23,0.16,-0.04,0.15,0,11.98,-0.08,0.04
1807.88,0.23,0.16,-0.04,0.15,0,15.42,-0.08,0.04
1807.91,0.23,0.16,-0.04,0.15,0,15.42,-0.08,0.04
1807.93,0.23,0.16,-0.04,0.15,0,16.46,-0.08,0.04
1807.96,0.23,0.16,-0.04,0.16,0,16.46,-0.08,0.04
1807.98,0.23,0.16,-0.04,0.16,0,16.46,-0.08,0.03
1808.01,0.23,0.16,-0.04,0.17,0,16.46,-0.08,0.03
1808.03,0.23,0.16,-0.04,0.19,0,21.16,-0.08,0.03
1808.06,0.23,0.16,-0.04,0.2,0,25.71,-0.08,0.02
1808.08,0.23,0.16,-0.04,0.21,0,28,-0.08,0.02
1808.11,0.23,0.16,-0.04,0.22,0,28,-0.08,0.02
1808.13,0.23,0.16,-0.04,0.23,0,30.47,-0.08,0
1808.16,0.23,0.16,-0.04,0.25,0,34,-0.08,0
1808.18,0.23,0.16,-0.04,0.26,0,37.38,-0.08,0
1808.21,0.23,0.16,-0.04,0.26,0,39.86,-0.08,-0.02
1808.23,0.23,0.16,-0.04,0.28,0,45.56,-0.08,-0.02
1808.26,0.23,0.16,-0.04,0.3,0,48.05,-0.08,-0.02
1808.28,0.23,0.16,-0.04,0.32,0,53.92,-0.08,-0.04
1808.31,0.23,0.16,-0.04,0.33,0,54.99,-0.08,-0.04
1808.33,0.23,0.17,-0.04,0.34,0,61.92,-0.08,-0.04
1808.35,0.23,0.17,-0.04,0.35,0,64.22,-0.08,-0.04
1808.38,0.23,0.16,-0.04,0.36,0,70.04,-0.09,-0.06
1808.4,0.23,0.16,-0.04,0.37,0,72.33,-0.09,-0.06
1808.43,0.23,0.17,-0.04,0.38,0,78.11,-0.09,-0.06
1808.45,0.23,0.17,-0.04,0.4,0,82.63,-0.09,-0.08
1808.48,0.23,0.17,-0.04,0.4,0,84.88,-0.09,-0.08
1808.5,0.23,0.17,-0.04,0.41,0,86.08,-0.09,-0.08
1808.53,0.23,0.17,-0.04,0.43,0,84.88,-0.09,-0.1
1808.55,0.23,0.17,-0.04,0.45,0,90.55,-0.09,-0.1
1808.58,0.23,0.17,-0.04,0.46,0,91.57,-0.09,-0.1
1808.6,0.23,0.17,-0.04,0.47,0,97,-0.09,-0.12
1808.63,0.23,0.17,-0.04,0.47,0,98.18,-0.09,-0.12
1808.65,0.23,0.17,-0.04,0.48,0,102.35,-0.09,-0.12
1808.68,0.23,0.17,-0.04,0.49,0,104.51,-0.09,-0.13
1808.7,0.23,0.18,-0.04,0.5,0,106.66,-0.09,-0.13
1808.73,0.23,0.18,-0.04,0.51,0,109.77,-0.09,-0.13
1808.75,0.23,0.18,-0.04,0.51,0,108.8,-0.09,-0.13
1808.78,0.23,0.17,-0.04,0.51,0,110.74,-0.09,-0.15
1808.8,0.23,0.18,-0.04,0.51,0,109.77,-0.09,-0.15
1808.83,0.23,0.18,-0.04,0.52,0,109.77,-0.09,-0.15
1808.85,0.23,0.18,-0.04,0.52,0,110.74,-0.09,-0.15
1808.88,0.23,0.18,-0.04,0.53,0,112.85,-0.09,-0.15
1808.9,0.23,0.18,-0.04,0.53,0,111.89,-0.09,-0.15
1808.93,0.23,0.18,-0.04,0.53,0,112.85,-0.09,-0.15
1808.95,0.23,0.18,-0.04,0.54,0,117.47,-0.09,-0.15
1808.98,0.23,0.18,-0.04,0.55,0,117.29,-0.09,-0.15
1809,0.23,0.18,-0.05,0.55,0,117.12,-0.09,-0.15
1809.03,0.23,0.18,-0.04,0.55,0,113.06,-0.09,-0.15
1809.05,0.23,0.18,-0.04,0.55,0,110.99,-0.09,-0.15
1809.08,0.23,0.18,-0.04,0.55,0,109.78,-0.09,-0.13
1809.1,0.23,0.18,-0.04,0.55,0,95.97,-0.09,-0.13
1809.13,0.23,0.18,-0.04,0.57,0,80.99,-0.09,-0.13
1809.15,0.23,0.18,-0.04,0.57,0,68.78,-0.09,-0.13
1809.18,0.23,0.18,-0.04,0.57,0,65.12,-0.09,-0.13
1809.2,0.23,0.18,-0.04,0.57,0,67.64,-0.09,-0.13
1809.22,0.23,0.18,-0.03,0.57,0,69.19,-0.09,-0.13
1809.25,0.23,0.18,-0.06,0.57,0,70.22,-0.09,-0.13
1809.28,0.23,0.18,-0.04,0.58,0,81.31,-0.09,-0.13
1809.3,0.23,0.18,-0.05,0.57,0,88.32,-0.09,-0.13
1809.33,0.23,0.18,-0.04,0.57,0,92.44,-0.09,-0.13
1809.35,0.23,0.18,-0.04,0.57,0,95.88,-0.09,-0.13
1809.37,0.23,0.18,-0.04,0.57,0,97.77,-0.09,-0.13
1809.4,0.23,0.18,-0.04,0.57,0,98.63,-0.09,-0.13
1809.42,0.23,0.18,-0.04,0.57,0,99.31,-0.09,-0.13
1809.45,0.23,0.18,-0.04,0.57,0,99.66,-0.09,-0.13
1809.48,0.23,0.18,-0.04,0.57,0,99.66,-0.09,-0.13
1809.5,0.23,0.18,-0.04,0.57,0,99.83,-0.09,-0.13
1809.52,0.23,0.18,-0.04,0.57,0,99.83,-0.09,-0.13
1809.55,0.23,0.18,-0.04,0.57,0,99.66,-0.09,-0.13
1809.57,0.23,0.18,-0.04,0.57,0,99.83,-0.09,-0.13
1809.6,0.23,0.18,-0.04,0.57,0,99.83,-0.09,-0.13
1809.62,0.23,0.18,-0.04,0.57,0,99.66,-0.09,-0.13
1809.65,0.23,0.18,-0.04,0.57,0,99.83,-0.09,-0.13
1809.67,0.23,0.18,-0.04,0.57,0,99.83,-0.09,-0.13
1809.7,0.23,0.18,-0.04,0.57,0,99.83,-0.09,-0.13
1809.72,0.23,0.18,-0.04,0.57,0,99.83,-0.09,-0.13
1809.75,0.23,0.18,-0.04,0.57,0,100.78,-0.09,-0.13
1809.77,0.23,0.18,-0.04,0.57,0,99.83,-0.09,-0.13
1809.8,0.23,0.18,-0.04,0.57,0,100.78,-0.09,-0.13
1809.82,0.23,0.18,-0.04,0.57,0,100.78,-0.09,-0.13
1809.85,0.23,0.18,-0.04,0.57,0,99.83,-0.09,-0.13
1809.87,0.23,0.18,-0.04,0.57,0,99.83,-0.09,-0.13
1809.9,0.23,0.18,-0.04,0.57,0,98.88,-0.09,-0.13
1809.92,0.23,0.18,-0.04,0.56,0,93.9,-0.09,-0.13
1809.95,0.23,0.18,-0.04,0.55,0,92.93,-0.09,-0.13
1809.97,0.23,0.18,-0.04,0.55,0,91.96,-0.09,-0.12
1810,0.23,0.18,-0.04,0.54,0,87.69,-0.09,-0.12
1810.02,0.23,0.18,-0.04,0.54,0,87.87,-0.09,-0.12
1810.05,0.23,0.18,-0.04,0.52,0,85.89,-0.09,-0.11
1810.07,0.23,0.18,-0.04,0.5,0,82.91,-0.09,-0.11
1810.1,0.23,0.18,-0.04,0.49,0,74.14,-0.09,-0.11
1810.12,0.23,0.18,-0.04,0.48,0,74.32,-0.09,-0.09
1810.15,0.23,0.18,-0.04,0.47,0,69.03,-0.09,-0.09
1810.17,0.23,0.18,-0.04,0.43,0,63.51,-0.09,-0.09
1810.2,0.23,0.18,-0.04,0.37,0,48.86,-0.09,-0.06
1810.22,0.23,0.18,-0.04,0.35,0,42,-0.09,-0.06
1810.24,0.23,0.18,-0.04,0.34,0,37.58,-0.09,-0.06
1810.27,0.23,0.18,-0.04,0.33,0,34.23,-0.09,-0.01
1810.3,0.23,0.18,-0.04,0.29,0,27.52,-0.09,-0.01
1810.32,0.23,0.17,-0.04,0.27,0,21.88,-0.09,-0.01
1810.34,0.23,0.17,-0.04,0.26,0,21,-0.09,-0.01
1810.37,0.23,0.17,-0.04,0.25,0,17.49,-0.09,0.03
1810.39,0.23,0.18,-0.04,0.24,0,17.49,-0.09,0.03
1810.42,0.23,0.18,-0.04,0.24,0,13.99,-0.09,0.03
1810.44,0.23,0.17,-0.04,0.23,0,11.73,-0.09,0.04
1810.47,0.23,0.17,-0.04,0.22,0,10.51,-0.09,0.04
1810.49,0.23,0.17,-0.04,0.21,0,9.47,-0.09,0.04
1810.52,0.23,0.17,-0.04,0.21,0,9.47,-0.09,0.06
1810.54,0.23,0.17,-0.04,0.21,0,9.47,-0.09,0.06
1810.57,0.23,0.17,-0.04,0.2,0,8.25,-0.09,0.06
1810.59,0.23,0.17,-0.04,0.2,0,8.25,-0.09,0.06
1810.62,0.23,0.17,-0.04,0.2,0,7.04,-0.09,0.06
1810.64,0.23,0.17,-0.04,0.19,0,8.25,-0.09,0.06
1810.67,0.23,0.17,-0.04,0.19,0,7.04,-0.09,0.06
1810.69,0.23,0.17,-0.04,0.18,0,7.04,-0.09,0.06
1810.72,0.23,0.17,-0.04,0.18,0,6.01,-0.09,0.06
1810.74,0.23,0.17,-0.04,0.18,0,4.8,-0.09,0.06
1810.77,0.23,0.17,-0.04,0.17,0,4.8,-0.09,0.07
1810.79,0.23,0.17,-0.04,0.17,0,3.77,-0.09,0.07
1810.81,0.23,0.17,-0.05,0.17,0,2.57,-0.09,0.07
1810.84,0.23,0.17,-0.04,0.16,0,2.39,-0.09,0.08
1810.87,0.23,0.17,-0.04,0.16,0,-0.17,-0.09,0.08
1810.89,0.23,0.17,-0.04,0.16,0,0,-0.09,0.08
1810.91,0.23,0.17,-0.04,0.16,0,0,-0.09,0.08
1810.93,0.23,0.17,-0.04,0.15,0,0,-0.09,0.08
1810.95,0.23,0.17,-0.04,0.15,0,0,-0.09,0.08
1810.97,0.23,0.17,-0.04,0.15,0,0,-0.09,0.08
1810.99,0.23,0.17,-0.04,0.15,0,0,-0.09,0.09
1811.02,0.23,0.17,-0.04,0.15,0,0,-0.09,0.09
1811.04,0.23,0.17,-0.04,0.15,0,0,-0.09,0.09
1811.06,0.23,0.17,-0.04,0.15,0,0,-0.09,0.08
1811.08,0.23,0.17,-0.04,0.15,0,0,-0.09,0.08
1811.1,0.23,0.17,-0.04,0.14,0,0,-0.09,0.08
1811.12,0.23,0.17,-0.04,0.14,0,0,-0.09,0.08
1811.14,0.23,0.17,-0.05,0.14,0,0,-0.09,0.08
1811.17,0.23,0.17,-0.04,0.14,0,0,-0.09,0.08
1811.19,0.23,0.17,-0.04,0.14,0,0,-0.09,0.08
1811.21,0.23,0.17,-0.04,0.14,0,0,-0.09,0.08
1811.23,0.23,0.17,-0.04,0.14,0,0,-0.09,0.08
1811.25,0.23,0.17,-0.04,0.14,0,0,-0.09,0.07
1811.27,0.23,0.17,-0.04,0.14,0,0,-0.09,0.07
1811.29,0.23,0.17,-0.04,0.14,0,0,-0.09,0.07
1811.32,0.23,0.17,-0.04,0.14,0,0,-0.09,0.06
1811.34,0.23,0.17,-0.04,0.14,0,0,-0.09,0.06
1811.36,0.23,0.17,-0.04,0.13,0,3.75,-0.09,0.06
1811.39,0.23,0.17,-0.06,0.13,0,7,-0.09,0.06
1811.41,0.23,0.17,-0.04,0.13,0,5.26,-0.09,0.06
1811.43,0.23,0.17,-0.04,0.13,0,5.93,-0.09,0.06
1811.46,0.23,0.17,-0.04,0.13,0,6.61,-0.09,0.06
1811.49,0.23,0.17,-0.04,0.13,0,6.09,-0.09,0.06
1811.51,0.23,0.17,-0.04,0.13,0,5.24,-0.09,0.06
1811.53,0.23,0.17,-0.04,0.13,0,3.54,-0.09,0.06
1811.56,0.23,0.17,-0.04,0.13,0,3.71,-0.09,0.06
1811.58,0.23,0.17,-0.04,0.13,0,3.88,-0.09,0.06
1811.61,0.23,0.17,-0.04,0.12,0,3.88,-0.09,0.06
1811.64,0.23,0.17,-0.04,0.12,0,2.69,-0.09,0.07
1811.66,0.23,0.17,-0.04,0.12,0,2.69,-0.09,0.07
1811.68,0.23,0.17,-0.04,0.12,0,2.69,-0.09,0.07
1811.71,0.23,0.17,-0.04,0.12,0,3.88,-0.09,0.07
1811.73,0.23,0.17,-0.04,0.12,0,3.88,-0.09,0.06
1811.76,0.23,0.17,-0.04,0.12,0,4.21,-0.09,0.06
1811.78,0.23,0.17,-0.04,0.12,0,3.36,-0.09,0.06
1811.81,0.23,0.17,-0.04,0.12,0,4.55,-0.09,0.06
1811.83,0.23,0.17,-0.04,0.12,0,4.21,-0.09,0.06
1811.86,0.23,0.17,-0.04,0.12,0,5.9,-0.09,0.06
1811.88,0.23,0.17,-0.04,0.11,0,6.4,-0.09,0.06
1811.91,0.23,0.17,-0.04,0.12,0,6.39,-0.09,0.06
1811.93,0.23,0.17,-0.04,0.12,0,7.07,-0.09,0.06
1811.95,0.23,0.17,-0.04,0.12,0,7.4,-0.09,0.06
1811.98,0.23,0.17,-0.04,0.12,0,7.91,-0.09,0.05
1812.01,0.23,0.17,-0.04,0.12,0,8.41,-0.09,0.05
1812.03,0.23,0.17,-0.04,0.12,0,8.75,-0.09,0.05
1812.06,0.23,0.17,-0.04,0.12,0,9.25,-0.09,0.05
1812.08,0.23,0.17,-0.04,0.12,0,9.59,-0.09,0.05
1812.1,0.23,0.18,-0.04,0.12,0,9.59,-0.09,0.05
1812.13,0.23,0.17,-0.04,0.13,0,11.98,-0.09,0.05
1812.15,0.23,0.17,-0.04,0.13,0,10.95,-0.09,0.05
1812.18,0.23,0.17,-0.04,0.13,0,10.95,-0.09,0.05
1812.2,0.23,0.17,-0.04,0.13,0,10.95,-0.09,0.05
1812.23,0.23,0.17,-0.04,0.13,0,10.95,-0.09,0.05
1812.25,0.23,0.17,-0.04,0.14,0,10.95,-0.09,0.05
1812.28,0.23,0.17,-0.04,0.14,0,10.95,-0.09,0.04
1812.3,0.23,0.17,-0.04,0.14,0,10.95,-0.09,0.04
1812.33,0.23,0.17,-0.04,0.14,0,12.15,-0.09,0.04
1812.35,0.23,0.17,-0.04,0.14,0,12.15,-0.09,0.04
1812.38,0.23,0.18,-0.05,0.15,0,13.18,-0.09,0.04
1812.4,0.23,0.18,-0.04,0.15,0,13.18,-0.09,0.04
1812.43,0.23,0.18,-0.04,0.16,0,15.59,-0.09,0.04
1812.45,0.23,0.18,-0.04,0.18,0,18.89,-0.09,0.03
1812.48,0.23,0.18,-0.05,0.19,0,21.5,-0.09,0.03
1812.5,0.23,0.18,-0.05,0.19,0,23.77,-0.09,0.03
1812.53,0.23,0.18,-0.04,0.21,0,28.34,-0.09,0.01
1812.55,0.23,0.18,-0.04,0.23,0,30.81,-0.09,0.01
1812.58,0.23,0.18,-0.04,0.24,0,30.98,-0.09,0.01
1812.6,0.23,0.18,-0.04,0.25,0,34.52,-0.09,-0.01
1812.63,0.23,0.18,-0.04,0.26,0,39.14,-0.09,-0.01
1812.65,0.23,0.18,-0.04,0.27,0,41.45,-0.09,-0.01
1812.68,0.23,0.18,-0.04,0.3,0,50.88,-0.09,-0.03
1812.7,0.23,0.18,-0.04,0.32,0,53.2,-0.09,-0.03
1812.72,0.23,0.18,-0.04,0.33,0,55.69,-0.09,-0.03
1812.75,0.23,0.18,-0.04,0.34,0,62.62,-0.09,-0.03
1812.78,0.23,0.18,-0.04,0.35,0,66.16,-0.09,-0.07
1812.8,0.23,0.18,-0.04,0.36,0,67.39,-0.09,-0.07
1812.82,0.23,0.18,-0.04,0.37,0,71.98,-0.09,-0.07
1812.85,0.23,0.18,-0.04,0.4,0,83.33,-0.09,-0.08
1812.87,0.23,0.18,-0.04,0.41,0,85.58,-0.09,-0.08
1812.9,0.23,0.18,-0.04,0.43,0,85.58,-0.09,-0.08
1812.92,0.23,0.18,-0.04,0.45,0,94.48,-0.09,-0.11
1812.95,0.23,0.18,-0.04,0.46,0,95.5,-0.09,-0.11
1812.97,0.23,0.18,-0.04,0.47,0,98.87,-0.09,-0.11
1813,0.23,0.18,-0.04,0.48,0,102.05,-0.09,-0.13
1813.02,0.23,0.18,-0.04,0.49,0,105.21,-0.09,-0.13
1813.05,0.23,0.18,-0.04,0.51,0,108.34,-0.09,-0.13
1813.07,0.23,0.18,-0.04,0.51,0,111.44,-0.09,-0.15
1813.1,0.23,0.18,-0.04,0.51,0,109.49,-0.09,-0.15
1813.12,0.23,0.18,-0.04,0.52,0,110.47,-0.09,-0.15
1813.15,0.23,0.18,-0.04,0.52,0,111.44,-0.09,-0.15
1813.17,0.23,0.18,-0.04,0.52,0,111.44,-0.09,-0.16
1813.2,0.23,0.18,-0.04,0.52,0,111.44,-0.09,-0.16
1813.22,0.23,0.18,-0.04,0.53,0,112.58,-0.09,-0.16
1813.25,0.23,0.18,-0.04,0.54,0,111.44,-0.09,-0.16
1813.27,0.23,0.18,-0.04,0.54,0,113.55,-0.09,-0.16
1813.3,0.23,0.18,-0.04,0.54,0,112.58,-0.09,-0.16
1813.32,0.23,0.18,-0.04,0.55,0,113.37,-0.09,-0.17
1813.35,0.23,0.18,-0.04,0.55,0,113.03,-0.09,-0.17
1813.37,0.23,0.19,-0.04,0.55,0,113.99,-0.09,-0.17
1813.4,0.23,0.18,-0.04,0.55,0,112.85,-0.1,-0.16
1813.42,0.23,0.18,-0.04,0.55,0,114.01,-0.1,-0.16
1813.45,0.23,0.19,-0.04,0.55,0,110.7,-0.1,-0.16
1813.47,0.23,0.18,-0.04,0.55,0,111.59,-0.1,-0.13
1813.5,0.23,0.19,-0.04,0.56,0,102.31,-0.1,-0.13
1813.52,0.23,0.19,-0.04,0.56,0,86.8,-0.1,-0.13
1813.55,0.23,0.19,-0.04,0.57,0,83.44,-0.1,-0.13
1813.57,0.23,0.19,-0.04,0.58,0,79.9,-0.1,-0.13
1813.6,0.23,0.19,-0.04,0.58,0,79.21,-0.1,-0.13
1813.62,0.23,0.19,-0.04,0.58,0,79.21,-0.1,-0.13
1813.65,0.23,0.19,-0.04,0.58,0,79.38,-0.1,-0.13
1813.67,0.23,0.19,-0.04,0.58,0,91.24,-0.1,-0.13
1813.7,0.23,0.19,-0.04,0.58,0,104.38,-0.1,-0.13
1813.72,0.23,0.19,-0.04,0.58,0,110.22,-0.1,-0.13
1813.75,0.23,0.19,-0.04,0.57,0,115.37,-0.1,-0.13
1813.77,0.23,0.19,-0.04,0.57,0,117.01,-0.1,-0.13
1813.8,0.23,0.2,-0.04,0.57,0,118.04,-0.1,-0.13
1813.82,0.23,0.2,-0.04,0.57,0,118.9,-0.1,-0.13
1813.85,0.23,0.2,-0.04,0.57,0,119.42,-0.1,-0.13
1813.87,0.23,0.2,-0.04,0.57,0,118.83,-0.1,-0.13
1813.9,0.23,0.2,-0.04,0.57,0,119,-0.1,-0.13
1813.92,0.23,0.2,-0.04,0.57,0,119.17,-0.1,-0.13
1813.94,0.23,0.2,-0.04,0.57,0,119.34,-0.1,-0.13
1813.97,0.23,0.2,-0.04,0.57,0,120.28,-0.1,-0.12
1813.99,0.23,0.2,-0.04,0.57,0,119.34,-0.1,-0.12
1814.02,0.23,0.2,-0.04,0.56,0,116.34,-0.1,-0.12
1814.05,0.23,0.2,-0.04,0.55,0,113.49,-0.1,-0.12
1814.07,0.23,0.2,-0.04,0.55,0,112.53,-0.1,-0.12
1814.09,0.23,0.2,-0.04,0.55,0,109.46,-0.1,-0.12
1814.12,0.23,0.2,-0.04,0.55,0,109.46,-0.1,-0.11
1814.14,0.23,0.2,-0.04,0.54,0,109.46,-0.1,-0.11
1814.17,0.23,0.2,-0.03,0.54,0,108.32,-0.1,-0.11
1814.19,0.23,0.2,-0.04,0.52,0,104.23,-0.1,-0.11
1814.22,0.23,0.2,-0.04,0.51,0,104.23,-0.1,-0.11
1814.24,0.23,0.2,-0.04,0.49,0,96.74,-0.1,-0.11
1814.27,0.23,0.2,-0.04,0.49,0,96.74,-0.1,-0.09
1814.29,0.23,0.2,-0.04,0.49,0,94.55,-0.1,-0.09
1814.32,0.23,0.2,-0.03,0.48,0,93.89,-0.1,-0.09
1814.34,0.23,0.2,-0.04,0.45,0,81.74,-0.1,-0.09
1814.37,0.23,0.2,-0.04,0.42,0,80.7,-0.1,-0.06
1814.39,0.23,0.2,-0.04,0.38,0,68.29,-0.1,-0.06
1814.42,0.23,0.19,-0.06,0.37,0,64.94,-0.1,-0.06
1814.44,0.23,0.18,-0.04,0.34,0,56.8,-0.1,-0.02
1814.47,0.23,0.18,-0.04,0.32,0,48.1,-0.1,-0.02
1814.49,0.23,0.19,-0.04,0.29,0,41.33,-0.1,-0.02
1814.52,0.23,0.19,-0.04,0.27,0,37.78,-0.09,0.02
1814.54,0.23,0.19,-0.04,0.26,0,36.71,-0.09,0.02
1814.57,0.23,0.19,-0.04,0.25,0,31.21,-0.09,0.02
1814.59,0.23,0.19,-0.04,0.24,0,30.15,-0.1,0.04
1814.62,0.23,0.18,-0.04,0.24,0,28.2,-0.1,0.04
1814.64,0.23,0.18,-0.04,0.23,0,28.54,-0.1,0.04
1814.67,0.23,0.18,-0.04,0.23,0,28.54,-0.09,0.05
1814.69,0.23,0.18,-0.04,0.22,0,28.54,-0.09,0.05
1814.72,0.23,0.18,-0.04,0.22,0,27.31,-0.09,0.05
1814.74,0.23,0.18,-0.04,0.21,0,26.25,-0.09,0.05
1814.77,0.23,0.18,-0.04,0.2,0,25.03,-0.09,0.06
1814.79,0.23,0.17,-0.04,0.19,0,22.06,-0.09,0.06
1814.81,0.23,0.17,-0.04,0.18,0,21.55,-0.09,0.06
1814.84,0.23,0.17,-0.04,0.18,0,21.38,-0.09,0.07
1814.86,0.23,0.17,-0.04,0.18,0,20.5,-0.09,0.07
1814.89,0.23,0.16,-0.04,0.18,0,19.79,-0.09,0.07
1814.91,0.23,0.17,-0.04,0.17,0,20.13,-0.08,0.08
1814.94,0.23,0.17,-0.04,0.17,0,19.26,-0.08,0.08
1814.96,0.23,0.17,-0.04,0.17,0,18.04,-0.08,0.08
1814.99,0.23,0.17,-0.04,0.16,0,15.79,-0.09,0.08
1815.01,0.23,0.17,-0.04,0.16,0,14.24,-0.09,0.08
1815.04,0.23,0.17,-0.04,0.16,0,13.73,-0.09,0.08
1815.06,0.23,0.17,-0.04,0.16,0,14.26,-0.08,0.08
1815.09,0.23,0.17,-0.05,0.16,0,13.07,-0.08,0.08
1815.11,0.23,0.17,-0.04,0.16,0,12.22,-0.08,0.08
1815.14,0.23,0.17,-0.04,0.16,0,11.71,-0.08,0.08
1815.16,0.23,0.17,-0.04,0.16,0,10,-0.09,0.08
1815.19,0.23,0.17,-0.04,0.16,0,5.25,-0.09,0.08
1815.21,0.23,0.17,-0.04,0.16,0,2.72,-0.09,0.08
1815.24,0.23,0.17,-0.04,0.16,0,0.85,-0.09,0.08
1815.26,0.23,0.17,-0.04,0.15,0,0,-0.09,0.08
1815.28,0.23,0.17,-0.04,0.16,0,0,-0.09,0.08
1815.3,0.23,0.17,-0.05,0.16,0,0,-0.09,0.08
1815.32,0.23,0.17,-0.04,0.16,0,0,-0.09,0.07
1815.34,0.23,0.17,-0.04,0.16,0,0,-0.09,0.07
1815.36,0.23,0.17,-0.05,0.16,0,0,-0.09,0.07
1815.39,0.23,0.17,-0.04,0.16,0,0,-0.09,0.06
1815.41,0.23,0.17,-0.04,0.16,0,0,-0.09,0.06
1815.43,0.23,0.17,-0.04,0.16,0,0,-0.09,0.06
1815.45,0.23,0.17,-0.05,0.16,0,0,-0.09,0.06
1815.47,0.23,0.17,-0.04,0.16,0,0,-0.09,0.05
1815.49,0.23,0.17,-0.04,0.16,0,0,-0.09,0.05
1815.51,0.23,0.17,-0.04,0.16,0,0,-0.09,0.05
1815.53,0.23,0.17,-0.04,0.16,0,0,-0.09,0.05
1815.56,0.23,0.17,-0.04,0.16,0,2.38,-0.09,0.04
1815.59,0.23,0.17,-0.04,0.16,0,5.59,-0.09,0.04
1815.61,0.23,0.17,-0.04,0.16,0,8.47,-0.09,0.04
1815.64,0.23,0.17,-0.04,0.16,0,9.66,-0.09,0.04
1815.66,0.23,0.17,-0.06,0.16,0,9.48,-0.09,0.04
1815.68,0.23,0.17,-0.04,0.16,0,11.19,-0.09,0.04
1815.71,0.23,0.17,-0.04,0.16,0,10.32,-0.09,0.04
1815.73,0.23,0.17,-0.04,0.16,0,10.66,-0.09,0.04
1815.76,0.23,0.17,-0.04,0.16,0,11,-0.09,0.04
1815.79,0.23,0.17,-0.04,0.15,0,9.97,-0.09,0.04
1815.81,0.23,0.17,-0.04,0.15,0,9.97,-0.09,0.04
1815.83,0.23,0.17,-0.04,0.15,0,9.97,-0.09,0.04
1815.86,0.23,0.17,-0.04,0.15,0,9.97,-0.09,0.04
1815.88,0.23,0.17,-0.04,0.15,0,9.97,-0.09,0.04
1815.91,0.23,0.17,-0.04,0.15,0,9.97,-0.09,0.04
1815.93,0.23,0.17,-0.04,0.15,0,7.75,-0.09,0.04
1815.96,0.23,0.17,-0.04,0.15,0,7.75,-0.09,0.04
1815.98,0.23,0.17,-0.04,0.15,0,7.75,-0.09,0.04
1816.01,0.23,0.17,-0.04,0.15,0,7.75,-0.09,0.04
1816.03,0.23,0.17,-0.04,0.15,0,7.75,-0.09,0.04
1816.06,0.23,0.17,-0.04,0.15,0,7.75,-0.09,0.05
1816.08,0.23,0.17,-0.04,0.15,0,7.75,-0.09,0.05
1816.11,0.23,0.17,-0.04,0.15,0,8.94,-0.09,0.05
1816.13,0.23,0.17,-0.04,0.15,0,7.75,-0.09,0.05
1816.16,0.23,0.17,-0.04,0.15,0,7.75,-0.09,0.05
1816.18,0.23,0.17,-0.04,0.15,0,7.75,-0.09,0.05
1816.21,0.23,0.17,-0.04,0.15,0,8.94,-0.09,0.05
1816.23,0.23,0.17,-0.04,0.15,0,9.97,-0.09,0.05
1816.25,0.23,0.17,-0.04,0.16,0,11.17,-0.09,0.05
1816.28,0.23,0.17,-0.04,0.16,0,12.37,-0.09,0.04
1816.31,0.23,0.17,-0.04,0.17,0,13.41,-0.09,0.04
1816.33,0.23,0.17,-0.04,0.18,0,13.41,-0.09,0.04
1816.35,0.23,0.17,-0.04,0.18,0,13.41,-0.09,0.04
1816.38,0.23,0.17,-0.04,0.18,0,13.41,-0.09,0.03
1816.4,0.23,0.17,-0.04,0.18,0,13.41,-0.09,0.03
1816.43,0.23,0.17,-0.04,0.18,0,14.62,-0.09,0.03
1816.45,0.23,0.17,-0.04,0.19,0,15.66,-0.09,0.03
1816.48,0.23,0.17,-0.04,0.19,0,18.09,-0.09,0.03
1816.5,0.23,0.17,-0.05,0.2,0,20.35,-0.09,0.03
1816.53,0.23,0.17,-0.05,0.21,0,23.85,-0.09,0.02
1816.55,0.23,0.18,-0.05,0.22,0,26.14,-0.09,0.02
1816.58,0.23,0.18,-0.05,0.25,0,29.66,-0.09,0.02
1816.6,0.23,0.18,-0.05,0.26,0,35.33,-0.09,-0
1816.63,0.23,0.18,-0.06,0.29,0,44.91,-0.09,-0
1816.65,0.23,0.18,-0.05,0.32,0,50.6,-0.09,-0
1816.68,0.23,0.18,-0.04,0.34,0,58.77,-0.09,-0.04
1816.7,0.23,0.18,-0.04,0.36,0,64.6,-0.09,-0.04
1816.73,0.23,0.18,-0.04,0.37,0,68.12,-0.09,-0.04
1816.75,0.23,0.18,-0.04,0.39,0,77.22,-0.09,-0.04
1816.78,0.23,0.18,-0.04,0.42,0,81.73,-0.09,-0.08
1816.8,0.23,0.18,-0.04,0.43,0,82.94,-0.09,-0.08
1816.83,0.23,0.18,-0.04,0.47,0,91.66,-0.09,-0.08
1816.85,0.23,0.18,-0.04,0.47,0,92.84,-0.09,-0.12
1816.88,0.23,0.18,-0.04,0.49,0,100.39,-0.09,-0.12
1816.9,0.23,0.18,-0.04,0.51,0,105.67,-0.09,-0.12
1816.93,0.23,0.18,-0.04,0.51,0,107.62,-0.09,-0.14
1816.95,0.23,0.18,-0.04,0.52,0,106.65,-0.09,-0.14
1816.97,0.23,0.18,-0.04,0.53,0,110.7,-0.09,-0.14
1817,0.23,0.18,-0.04,0.54,0,112.8,-0.09,-0.15
1817.03,0.23,0.19,-0.04,0.56,0,116.77,-0.09,-0.15
1817.05,0.23,0.18,-0.04,0.57,0,118.83,-0.09,-0.15
1817.08,0.23,0.18,-0.04,0.6,0,125.47,-0.09,-0.17
1817.1,0.23,0.18,-0.04,0.6,0,125.47,-0.09,-0.17
1817.12,0.23,0.18,-0.04,0.6,0,125.47,-0.09,-0.17
1817.15,0.23,0.18,-0.04,0.62,0,126.55,-0.09,-0.17
1817.18,0.23,0.19,-0.04,0.62,0,126.55,-0.09,-0.19
1817.2,0.23,0.19,-0.04,0.62,0,126.55,-0.09,-0.19
1817.22,0.23,0.19,-0.04,0.62,0,127.45,-0.09,-0.19
1817.25,0.23,0.19,-0.04,0.63,0,129.25,-0.1,-0.19
1817.27,0.23,0.2,-0.04,0.63,0,129.25,-0.1,-0.19
1817.3,0.23,0.2,-0.04,0.63,0,130.15,-0.1,-0.19
1817.32,0.23,0.2,-0.04,0.63,0,129.25,-0.1,-0.2
1817.35,0.23,0.2,-0.04,0.63,0,129.13,-0.1,-0.2
1817.37,0.23,0.2,-0.04,0.63,0,127.38,-0.1,-0.2
1817.4,0.23,0.2,-0.04,0.63,0,127.93,-0.1,-0.18
1817.42,0.23,0.2,-0.05,0.63,0,120.28,-0.1,-0.18
1817.45,0.23,0.2,-0.04,0.64,0,114.15,-0.1,-0.18
1817.47,0.23,0.2,-0.04,0.64,0,111.09,-0.1,-0.16
1817.5,0.23,0.2,-0.04,0.64,0,103.35,-0.1,-0.16
1817.52,0.23,0.2,-0.04,0.65,0,95.93,-0.1,-0.16
1817.55,0.23,0.2,-0.04,0.66,0,94.43,-0.1,-0.16
1817.57,0.23,0.2,-0.04,0.66,0,93.08,-0.1,-0.17
1817.6,0.23,0.2,-0.04,0.66,0,104.7,-0.1,-0.17
1817.62,0.23,0.2,-0.04,0.66,0,121.7,-0.1,-0.17
1817.65,0.23,0.2,-0.04,0.66,0,131.63,-0.1,-0.17
1817.67,0.23,0.2,-0.04,0.66,0,138.18,-0.1,-0.17
1817.7,0.23,0.2,-0.03,0.66,0,142.4,-0.1,-0.17
1817.72,0.23,0.2,-0.04,0.66,0,144.08,-0.1,-0.17
1817.75,0.23,0.2,-0.04,0.66,0,145.43,-0.1,-0.17
1817.77,0.23,0.2,-0.04,0.66,0,146.1,-0.1,-0.17
1817.8,0.23,0.2,-0.04,0.66,0,146.27,-0.1,-0.17
1817.82,0.23,0.21,-0.04,0.66,0,146.44,-0.1,-0.17
1817.85,0.23,0.21,-0.04,0.66,0,146.61,-0.1,-0.17
1817.87,0.23,0.21,-0.04,0.66,0,146.61,-0.1,-0.17
1817.9,0.23,0.2,-0.04,0.66,0,146.61,-0.1,-0.17
1817.92,0.23,0.2,-0.04,0.66,0,146.61,-0.1,-0.17
1817.95,0.23,0.2,-0.04,0.66,0,146.61,-0.1,-0.17
1817.97,0.23,0.2,-0.05,0.66,0,146.61,-0.1,-0.17
1818,0.23,0.2,-0.04,0.66,0,146.61,-0.1,-0.17
1818.02,0.23,0.2,-0.04,0.66,0,146.61,-0.1,-0.17
1818.05,0.23,0.21,-0.04,0.66,0,146.61,-0.1,-0.17
1818.07,0.23,0.21,-0.04,0.65,0,146.61,-0.1,-0.17
1818.1,0.23,0.21,-0.04,0.65,0,146.61,-0.1,-0.17
1818.12,0.23,0.21,-0.04,0.65,0,146.61,-0.11,-0.17
1818.15,0.23,0.21,-0.04,0.65,0,145.93,-0.11,-0.17
1818.17,0.23,0.21,-0.03,0.65,0,146.78,-0.11,-0.17
1818.2,0.23,0.21,-0.03,0.64,0,143.36,-0.11,-0.17
1818.22,0.23,0.21,-0.04,0.62,0,136.15,-0.11,-0.17
1818.24,0.23,0.21,-0.05,0.62,0,136.15,-0.11,-0.17
1818.27,0.23,0.21,-0.04,0.62,0,136.15,-0.11,-0.15
1818.3,0.23,0.21,-0.04,0.62,0,136.32,-0.11,-0.15
1818.32,0.23,0.21,-0.04,0.62,0,136.15,-0.11,-0.15
1818.34,0.23,0.21,-0.04,0.6,0,131.63,-0.11,-0.15
1818.37,0.23,0.21,-0.04,0.59,0,128.69,-0.11,-0.14
1818.39,0.23,0.21,-0.05,0.57,0,124.79,-0.11,-0.14
1818.42,0.23,0.21,-0.05,0.55,0,116.64,-0.11,-0.14
1818.44,0.23,0.21,-0.04,0.51,0,110.77,-0.11,-0.11
1818.47,0.23,0.2,-0.04,0.48,0,101.26,-0.11,-0.11
1818.49,0.23,0.2,-0.04,0.46,0,95.99,-0.11,-0.11
1818.52,0.23,0.2,-0.04,0.43,0,89.46,-0.1,-0.07
1818.54,0.23,0.2,-0.03,0.39,0,78.28,-0.1,-0.07
1818.57,0.23,0.19,-0.04,0.37,0,73.87,-0.1,-0.07
1818.59,0.23,0.19,-0.04,0.34,0,62.15,-0.1,-0.02
1818.62,0.23,0.19,-0.04,0.33,0,63.39,-0.1,-0.02
1818.64,0.23,0.19,-0.04,0.31,0,51.61,-0.1,-0.02
1818.67,0.23,0.19,-0.04,0.28,0,47.31,-0.09,0.01
1818.69,0.23,0.19,-0.04,0.26,0,44.82,-0.09,0.01
1818.72,0.23,0.19,-0.04,0.25,0,38.94,-0.09,0.01
1818.74,0.23,0.19,-0.04,0.24,0,38.04,-0.09,0.01
1818.77,0.23,0.19,-0.04,0.24,0,36.97,-0.1,0.04
1818.79,0.23,0.19,-0.04,0.23,0,35.9,-0.1,0.04
1818.82,0.23,0.19,-0.04,0.22,0,33.77,-0.1,0.04
1818.84,0.23,0.19,-0.04,0.21,0,31.47,-0.1,0.05
1818.87,0.23,0.19,-0.04,0.21,0,31.64,-0.1,0.05
1818.89,0.23,0.19,-0.05,0.2,0,31.64,-0.1,0.05
1818.92,0.23,0.19,-0.04,0.19,0,29.35,-0.1,0.07
1818.94,0.23,0.2,-0.04,0.19,0,29.35,-0.1,0.07
1818.96,0.23,0.2,-0.04,0.19,0,29.35,-0.1,0.07
1818.99,0.23,0.19,-0.04,0.19,0,29.18,-0.1,0.07
1819.02,0.23,0.2,-0.04,0.19,0,28.12,-0.1,0.07
1819.04,0.23,0.2,-0.04,0.19,0,28.12,-0.1,0.07
1819.07,0.23,0.2,-0.04,0.19,0,28.12,-0.1,0.07
1819.09,0.23,0.2,-0.04,0.19,0,28.12,-0.1,0.07
1819.11,0.23,0.2,-0.04,0.19,0,29.35,-0.1,0.07
1819.14,0.23,0.19,-0.04,0.18,0,29.35,-0.1,0.07
1819.16,0.23,0.19,-0.04,0.18,0,27.95,-0.1,0.07
1819.19,0.23,0.19,-0.05,0.19,0,27.44,-0.1,0.07
1819.21,0.23,0.19,-0.04,0.18,0,26.92,-0.1,0.07
1819.24,0.23,0.19,-0.04,0.17,0,23.96,-0.1,0.07
1819.26,0.23,0.19,-0.04,0.17,0,19.69,-0.1,0.07
1819.29,0.23,0.19,-0.04,0.16,0,16.44,-0.1,0.07
1819.31,0.23,0.19,-0.04,0.15,0,11.81,-0.1,0.08
1819.34,0.23,0.19,-0.04,0.13,0,0.67,-0.1,0.08
1819.36,0.23,0.19,-0.04,0.13,0,0,-0.1,0.08
1819.38,0.23,0.19,-0.04,0.12,0,0,-0.1,0.09
1819.4,0.23,0.19,-0.05,0.11,0,0,-0.1,0.09
1819.42,0.23,0.19,-0.04,0.11,0,0,-0.1,0.09
1819.44,0.23,0.19,-0.04,0.1,0,0,-0.1,0.09
1819.47,0.23,0.19,-0.04,0.09,0,0,-0.1,0.1
1819.49,0.23,0.18,-0.04,0.09,0,0,-0.1,0.1
1819.51,0.23,0.18,-0.04,0.08,0,0,-0.1,0.1
1819.53,0.23,0.18,-0.04,0.08,0,0,-0.1,0.1
1819.55,0.23,0.19,-0.04,0.07,0,0,-0.1,0.1
1819.57,0.23,0.19,-0.04,0.07,0,0,-0.1,0.1
1819.59,0.23,0.19,-0.04,0.07,0,0,-0.1,0.1
1819.62,0.23,0.19,-0.04,0.06,0,0,-0.1,0.1
1819.64,0.23,0.19,-0.04,0.05,0,0,-0.1,0.1
1819.66,0.23,0.19,-0.04,0.03,0,0,-0.1,0.1
1819.68,0.23,0.19,-0.04,0.03,0,0,-0.1,0.1
1819.7,0.23,0.19,-0.04,0.03,0,0,-0.1,0.1
1819.72,0.23,0.19,-0.04,0.02,0,0,-0.1,0.11
1819.74,0.23,0.19,-0.05,0.02,0,0,-0.1,0.11
1819.77,0.23,0.19,-0.04,0.02,0,0,-0.1,0.11
1819.79,0.23,0.19,-0.04,0.02,0,0,-0.1,0.12
1819.81,0.23,0.19,-0.04,0.02,0,0,-0.1,0.12
1819.83,0.23,0.19,-0.04,0.01,0,0,-0.1,0.12
1819.85,0.23,0.19,-0.04,0.01,0,0,-0.1,0.12
1819.87,0.23,0.19,-0.04,0.01,0,0,-0.1,0.12
1819.89,0.23,0.19,-0.04,0.01,0,0,-0.1,0.12
1819.92,0.23,0.19,-0.04,0.01,0,0,-0.1,0.12
1819.94,0.23,0.19,-0.04,0.01,0,0,-0.1,0.12
1819.96,0.23,0.19,-0.04,0.01,0,0,-0.1,0.12
1819.98,0.23,0.19,-0.04,0.01,0,0,-0.1,0.12
1820,0.23,0.19,-0.03,0.01,0,0,-0.1,0.12
1820.02,0.23,0.19,-0.04,0.01,0,0,-0.1,0.12
1820.04,0.23,0.19,-0.04,0.01,0,0,-0.1,0.11
1820.07,0.23,0.19,-0.05,0.01,0,0,-0.1,0.11
1820.09,0.23,0.19,-0.04,0.02,0,0,-0.1,0.11
1820.11,0.23,0.19,-0.04,0.02,0,0,-0.1,0.09
1820.13,0.23,0.19,-0.04,0.02,0,0,-0.1,0.09
1820.15,0.23,0.19,-0.04,0.02,0,0,-0.1,0.09
1820.17,0.23,0.19,-0.04,0.02,0,0,-0.1,0.09
1820.19,0.23,0.19,-0.05,0.02,0,0,-0.1,0.07
1820.22,0.23,0.19,-0.04,0.02,0,0,-0.1,0.07
1820.24,0.23,0.19,-0.04,0.02,0,0,-0.1,0.07
1820.26,0.23,0.19,-0.04,0.02,0,0,-0.1,0.05
1820.28,0.23,0.19,-0.04,0.03,0,0,-0.1,0.05
1820.3,0.23,0.19,-0.04,0.03,0,0,-0.1,0.05
1820.32,0.23,0.19,-0.04,0.03,0,0,-0.1,0.05
1820.34,0.23,0.19,-0.04,0.03,0,0,-0.1,0.05
1820.37,0.23,0.19,-0.04,0.03,0,0,-0.1,0.03
1820.39,0.23,0.19,-0.04,0.03,0,0,-0.1,0.03
1820.41,0.23,0.19,-0.04,0.03,0,0,-0.1,0.03
1820.43,0.23,0.19,-0.04,0.03,0,0,-0.1,0.03
1820.45,0.23,0.19,-0.04,0.04,0,0,-0.1,0.02
1820.47,0.23,0.19,-0.04,0.04,0,0,-0.1,0.02
1820.49,0.23,0.19,-0.05,0.04,0,0,-0.1,0.02
1820.52,0.23,0.19,-0.04,0.05,0,0,-0.1,0.02
1820.54,0.23,0.19,-0.04,0.05,0,0,-0.1,0.02
1820.56,0.23,0.19,-0.04,0.06,0,0,-0.1,0.02
1820.58,0.23,0.19,-0.05,0.06,0,0,-0.1,0.02
1820.6,0.23,0.19,-0.04,0.06,0,0,-0.1,0.01
1820.62,0.23,0.19,-0.05,0.07,0,0,-0.1,0.01
1820.64,0.23,0.19,-0.04,0.07,0,0,-0.1,0.01
1820.67,0.23,0.19,-0.04,0.08,0,0,-0.1,0
1820.69,0.23,0.19,-0.04,0.08,0,0,-0.1,0
1820.71,0.23,0.19,-0.04,0.08,0,0,-0.1,0
1820.73,0.23,0.19,-0.05,0.09,0,0,-0.1,0
1820.75,0.23,0.19,-0.04,0.1,0,0,-0.1,0
1820.77,0.23,0.19,-0.04,0.11,0,0,-0.1,-0.01
1820.79,0.23,0.19,-0.04,0.12,0,0,-0.1,-0.01
1820.81,0.23,0.19,-0.04,0.13,0,0,-0.1,-0.01
1820.84,0.23,0.19,-0.04,0.14,0,0,-0.1,-0.03
1820.86,0.23,0.19,-0.04,0.16,0,0,-0.1,-0.03
1820.88,0.23,0.19,-0.04,0.16,0,0,-0.1,-0.03
1820.9,0.23,0.19,-0.04,0.17,0,0,-0.1,-0.03
1820.92,0.23,0.2,-0.04,0.17,0,0,-0.1,-0.05
1820.95,0.23,0.19,-0.04,0.18,0,3.39,-0.1,-0.05
1820.97,0.23,0.19,-0.04,0.18,0,5.6,-0.1,-0.05
1821,0.23,0.19,-0.04,0.18,0,5.6,-0.1,-0.06
1821.02,0.23,0.19,-0.04,0.18,0,5.6,-0.1,-0.06
1821.04,0.23,0.19,-0.04,0.18,0,5.6,-0.1,-0.06
1821.07,0.23,0.19,-0.04,0.18,0,5.6,-0.1,-0.06
1821.1,0.23,0.19,-0.04,0.18,0,5.6,-0.1,-0.06
1821.12,0.23,0.2,-0.04,0.19,0,5.6,-0.1,-0.06
1821.14,0.23,0.2,-0.04,0.19,0,6.8,-0.1,-0.06
1821.17,0.23,0.2,-0.04,0.19,0,7.83,-0.1,-0.06
1821.19,0.23,0.2,-0.04,0.19,0,9.03,-0.1,-0.06
1821.22,0.23,0.2,-0.04,0.2,0,10.24,-0.1,-0.06
1821.24,0.23,0.2,-0.04,0.2,0,11.27,-0.1,-0.06
1821.27,0.23,0.2,-0.04,0.2,0,12.49,-0.1,-0.06
1821.29,0.23,0.2,-0.04,0.21,0,15.96,-0.1,-0.06
1821.32,0.23,0.2,-0.05,0.21,0,15.96,-0.1,-0.07
1821.34,0.23,0.2,-0.04,0.22,0,15.96,-0.1,-0.07
1821.37,0.23,0.2,-0.04,0.22,0,15.96,-0.1,-0.07
1821.39,0.23,0.2,-0.04,0.22,0,17.01,-0.1,-0.07
1821.42,0.23,0.2,-0.04,0.22,0,17.01,-0.1,-0.07
1821.44,0.23,0.2,-0.04,0.23,0,18.23,-0.1,-0.07
1821.47,0.23,0.2,-0.04,0.23,0,18.23,-0.1,-0.08
1821.49,0.23,0.2,-0.04,0.24,0,18.4,-0.1,-0.08
1821.52,0.23,0.2,-0.04,0.25,0,19.79,-0.1,-0.08
1821.54,0.23,0.2,-0.04,0.25,0,20.85,-0.1,-0.08
1821.57,0.23,0.2,-0.04,0.25,0,23.3,-0.1,-0.08
1821.59,0.23,0.2,-0.04,0.25,0,23.82,-0.1,-0.08
1821.62,0.23,0.2,-0.04,0.26,0,25.39,-0.1,-0.08
1821.64,0.23,0.2,-0.04,0.26,0,26.8,-0.1,-0.07
1821.67,0.23,0.2,-0.03,0.26,0,29.42,-0.1,-0.07
1821.69,0.23,0.2,-0.04,0.26,0,30.63,-0.1,-0.07
1821.72,0.23,0.2,-0.04,0.26,0,31.32,-0.1,-0.06
1821.74,0.23,0.2,-0.04,0.26,0,32.88,-0.1,-0.06
1821.76,0.23,0.2,-0.04,0.26,0,33.74,-0.1,-0.06
1821.79,0.23,0.2,-0.04,0.26,0,34.43,-0.1,-0.05
1821.82,0.23,0.2,-0.04,0.27,0,36.54,-0.1,-0.05
1821.84,0.23,0.2,-0.04,0.27,0,35.82,-0.1,-0.05
1821.87,0.23,0.2,-0.04,0.28,0,37.23,-0.1,-0.05
1821.89,0.23,0.2,-0.06,0.29,0,37.58,-0.1,-0.05
1821.91,0.23,0.2,-0.05,0.29,0,38.99,-0.1,-0.05
1821.94,0.23,0.2,-0.04,0.3,0,40.06,-0.1,-0.05
1821.96,0.23,0.2,-0.04,0.31,0,42.55,-0.1,-0.06
1821.99,0.23,0.2,-0.04,0.32,0,46.11,-0.1,-0.06
1822.01,0.23,0.2,-0.04,0.32,0,47.35,-0.1,-0.06
1822.04,0.23,0.2,-0.04,0.32,0,48.59,-0.1,-0.07
1822.06,0.23,0.2,-0.04,0.32,0,47.35,-0.1,-0.07
1822.09,0.23,0.2,-0.04,0.32,0,48.59,-0.1,-0.07
1822.11,0.23,0.2,-0.04,0.32,0,49.66,-0.1,-0.07
1822.14,0.23,0.2,-0.04,0.32,0,49.66,-0.1,-0.07
1822.16,0.23,0.2,-0.04,0.32,0,49.66,-0.1,-0.07
1822.19,0.23,0.2,-0.04,0.32,0,49.66,-0.1,-0.07
1822.21,0.23,0.2,-0.04,0.32,0,49.84,-0.1,-0.07
1822.24,0.23,0.2,-0.05,0.33,0,50.01,-0.1,-0.07
1822.26,0.23,0.2,-0.04,0.33,0,51.26,-0.1,-0.07
1822.29,0.23,0.2,-0.04,0.33,0,51.26,-0.1,-0.07
1822.31,0.23,0.2,-0.04,0.33,0,51.43,-0.1,-0.07
1822.34,0.23,0.2,-0.04,0.33,0,51.43,-0.1,-0.07
1822.36,0.23,0.2,-0.04,0.33,0,51.43,-0.1,-0.06
1822.39,0.23,0.2,-0.04,0.33,0,50.19,-0.1,-0.06
1822.41,0.23,0.2,-0.04,0.33,0,51.43,-0.1,-0.06
1822.44,0.23,0.2,-0.04,0.33,0,51.43,-0.1,-0.06
1822.46,0.23,0.2,-0.04,0.33,0,51.43,-0.1,-0.06
1822.49,0.23,0.2,-0.04,0.33,0,51.43,-0.1,-0.06
1822.51,0.23,0.2,-0.04,0.33,0,52.5,-0.1,-0.06
1822.54,0.23,0.2,-0.04,0.33,0,51.43,-0.1,-0.06
1822.56,0.23,0.2,-0.04,0.34,0,51.43,-0.1,-0.06
1822.59,0.23,0.2,-0.04,0.35,0,57.3,-0.1,-0.06
1822.61,0.23,0.2,-0.04,0.36,0,61.92,-0.1,-0.06
1822.63,0.23,0.2,-0.04,0.36,0,61.92,-0.1,-0.06
1822.66,0.23,0.2,-0.04,0.36,0,62.98,-0.1,-0.06
1822.69,0.23,0.2,-0.04,0.37,0,62.29,-0.1,-0.06
1822.71,0.23,0.2,-0.04,0.37,0,65.66,-0.1,-0.06
1822.73,0.23,0.2,-0.04,0.38,0,68.3,-0.1,-0.06
1822.76,0.23,0.2,-0.04,0.4,0,70.23,-0.1,-0.06
1822.78,0.23,0.2,-0.04,0.42,0,72.31,-0.1,-0.06
1822.81,0.23,0.2,-0.04,0.44,0,70.89,-0.1,-0.06
1822.84,0.23,0.2,-0.04,0.44,0,68.96,-0.1,-0.09
1822.86,0.23,0.2,-0.04,0.45,0,67.01,-0.1,-0.09
1822.88,0.23,0.2,-0.04,0.46,0,70.58,-0.1,-0.09
1822.91,0.23,0.2,-0.04,0.47,0,70.56,-0.1,-0.1
1822.93,0.23,0.2,-0.05,0.48,0,70.18,-0.1,-0.1
1822.96,0.23,0.2,-0.04,0.49,0,72.89,-0.1,-0.1
1822.99,0.23,0.2,-0.04,0.49,0,72.37,-0.1,-0.11
1823.01,0.23,0.2,-0.04,0.48,0,68.44,-0.1,-0.11
1823.03,0.23,0.2,-0.04,0.49,0,70.65,-0.1,-0.11
1823.06,0.23,0.2,-0.03,0.5,0,72.86,-0.1,-0.11
1823.08,0.23,0.2,-0.04,0.51,0,76.07,-0.1,-0.11
1823.11,0.23,0.2,-0.04,0.51,0,78.25,-0.1,-0.11
1823.13,0.23,0.2,-0.04,0.51,0,77.25,-0.1,-0.11
1823.16,0.23,0.2,-0.04,0.51,0,79.43,-0.1,-0.11
1823.18,0.23,0.2,-0.04,0.51,0,77.25,-0.1,-0.12
1823.21,0.23,0.2,-0.04,0.52,0,81.43,-0.1,-0.12
1823.23,0.23,0.2,-0.05,0.53,0,81.25,-0.1,-0.12
1823.26,0.23,0.2,-0.04,0.53,0,81.25,-0.1,-0.13
1823.28,0.23,0.2,-0.05,0.53,0,78.74,-0.1,-0.13
1823.31,0.23,0.2,-0.04,0.53,0,80.73,-0.1,-0.13
1823.33,0.23,0.2,-0.04,0.53,0,81.73,-0.1,-0.13
1823.36,0.23,0.2,-0.04,0.54,0,79.47,-0.1,-0.13
1823.38,0.23,0.2,-0.04,0.54,0,79.72,-0.1,-0.13
1823.41,0.23,0.2,-0.04,0.54,0,76.69,-0.1,-0.13
1823.43,0.23,0.2,-0.04,0.54,0,64.2,-0.1,-0.13
1823.46,0.23,0.2,-0.04,0.55,0,54.25,-0.1,-0.13
1823.48,0.23,0.2,-0.04,0.57,0,54.89,-0.1,-0.12
1823.51,0.23,0.2,-0.06,0.58,0,57.09,-0.1,-0.12
1823.53,0.23,0.2,-0.04,0.6,0,56.36,-0.1,-0.12
1823.56,0.23,0.2,-0.04,0.61,0,60.74,-0.1,-0.12
1823.58,0.23,0.2,-0.04,0.62,0,60.74,-0.1,-0.15
1823.61,0.23,0.2,-0.05,0.62,0,67.75,-0.1,-0.15
1823.63,0.23,0.2,-0.03,0.62,0,74.53,-0.1,-0.15
1823.66,0.23,0.2,-0.04,0.62,0,77.26,-0.1,-0.16
1823.68,0.23,0.2,-0.04,0.62,0,79.83,-0.1,-0.16
1823.7,0.23,0.2,-0.05,0.63,0,82.49,-0.1,-0.16
1823.73,0.23,0.2,-0.04,0.63,0,82.83,-0.1,-0.16
1823.75,0.23,0.2,-0.04,0.62,0,82.22,-0.1,-0.16
1823.78,0.23,0.2,-0.04,0.62,0,82.39,-0.1,-0.16
1823.81,0.23,0.2,-0.04,0.63,0,83.51,-0.1,-0.16
1823.83,0.23,0.2,-0.04,0.62,0,82.56,-0.1,-0.16
1823.85,0.23,0.2,-0.04,0.62,0,82.56,-0.1,-0.16
1823.88,0.23,0.2,-0.04,0.62,0,82.56,-0.1,-0.16
1823.9,0.23,0.2,-0.04,0.63,0,83.68,-0.1,-0.16
1823.93,0.23,0.2,-0.05,0.63,0,83.68,-0.1,-0.16
1823.95,0.23,0.2,-0.05,0.62,0,82.56,-0.1,-0.16
1823.98,0.23,0.2,-0.04,0.62,0,82.56,-0.1,-0.16
1824,0.23,0.2,-0.04,0.62,0,82.56,-0.1,-0.16
1824.03,0.23,0.2,-0.04,0.62,0,82.56,-0.1,-0.16
1824.05,0.23,0.2,-0.04,0.62,0,81.61,-0.1,-0.16
1824.08,0.23,0.2,-0.04,0.61,0,81.61,-0.1,-0.16
1824.1,0.23,0.2,-0.04,0.61,0,83.68,-0.1,-0.16
1824.13,0.23,0.2,-0.04,0.58,0,71.76,-0.1,-0.15
1824.15,0.23,0.2,-0.04,0.55,0,64.47,-0.1,-0.15
1824.18,0.23,0.2,-0.05,0.54,0,60.45,-0.1,-0.15
1824.2,0.23,0.2,-0.04,0.51,0,54.19,-0.1,-0.11
1824.23,0.23,0.19,-0.05,0.48,0,48.53,-0.1,-0.11
1824.25,0.23,0.19,-0.05,0.45,0,39.89,-0.1,-0.11
1824.28,0.23,0.19,-0.05,0.44,0,38.85,-0.1,-0.07
1824.3,0.23,0.19,-0.05,0.41,0,34.32,-0.1,-0.07
1824.33,0.23,0.19,-0.04,0.38,0,24.34,-0.1,-0.07
1824.35,0.23,0.19,-0.05,0.35,0,17.67,-0.1,-0.07
1824.38,0.23,0.19,-0.06,0.34,0,18.02,-0.1,-0.02
1824.4,0.23,0.19,-0.05,0.3,0,4.35,-0.1,-0.02
1824.42,0.23,0.19,-0.04,0.27,0,4.35,-0.1,-0.02
1824.45,0.23,0.19,-0.04,0.26,0,0,-0.1,0.02
1824.47,0.23,0.19,-0.04,0.25,0,0,-0.1,0.02
1824.49,0.23,0.19,-0.04,0.24,0,0,-0.1,0.02
1824.51,0.23,0.19,-0.04,0.22,0,0,-0.1,0.04
1824.53,0.23,0.19,-0.04,0.21,0,0,-0.1,0.04
1824.55,0.23,0.18,-0.04,0.19,0,0,-0.1,0.04
1824.57,0.23,0.18,-0.04,0.18,0,0,-0.1,0.04
1824.6,0.23,0.18,-0.05,0.17,0,0,-0.09,0.07
1824.62,0.23,0.18,-0.04,0.15,0,0,-0.09,0.07
1824.64,0.23,0.18,-0.04,0.15,0,0,-0.09,0.07
1824.66,0.23,0.18,-0.04,0.14,0,0,-0.09,0.09
1824.68,0.23,0.18,-0.04,0.13,0,0,-0.09,0.09
1824.7,0.23,0.18,-0.04,0.12,0,0,-0.09,0.09
1824.72,0.23,0.19,-0.04,0.11,0,0,-0.09,0.09
1824.75,0.23,0.19,-0.04,0.1,0,0,-0.09,0.09
1824.77,0.23,0.19,-0.04,0.1,0,0,-0.09,0.11
1824.79,0.23,0.19,-0.04,0.1,0,0,-0.09,0.11
1824.81,0.23,0.19,-0.04,0.1,0,0,-0.09,0.11
1824.83,0.23,0.19,-0.05,0.1,0,0,-0.09,0.11
1824.85,0.23,0.19,-0.04,0.1,0,0,-0.09,0.11
1824.87,0.23,0.19,-0.04,0.1,0,0,-0.09,0.11
1824.9,0.23,0.19,-0.04,0.09,0,0,-0.09,0.11
1824.92,0.23,0.19,-0.04,0.09,0,0,-0.09,0.11
1824.94,0.23,0.19,-0.04,0.09,0,0,-0.09,0.11
1824.96,0.23,0.19,-0.04,0.09,0,0,-0.09,0.11
1824.98,0.23,0.19,-0.04,0.09,0,0,-0.09,0.12
1825,0.23,0.19,-0.04,0.09,0,0,-0.09,0.12
1825.02,0.23,0.19,-0.05,0.09,0,0,-0.09,0.12
1825.05,0.23,0.18,-0.04,0.09,0,0,-0.09,0.12
1825.07,0.23,0.18,-0.04,0.09,0,0,-0.09,0.12
1825.09,0.23,0.18,-0.04,0.09,0,0,-0.09,0.12
1825.11,0.23,0.18,-0.04,0.09,0,0,-0.09,0.12
1825.13,0.23,0.18,-0.04,0.09,0,0,-0.09,0.12
1825.15,0.23,0.18,-0.04,0.09,0,0,-0.09,0.12
1825.17,0.23,0.18,-0.04,0.09,0,0,-0.09,0.11
1825.2,0.23,0.18,-0.04,0.09,0,0,-0.09,0.11
1825.22,0.23,0.18,-0.04,0.09,0,0,-0.09,0.11
1825.24,0.23,0.18,-0.04,0.09,0,0,-0.09,0.1
1825.26,0.23,0.18,-0.04,0.09,0,0,-0.09,0.1
1825.28,0.23,0.18,-0.03,0.09,0,0,-0.09,0.1
1825.3,0.23,0.18,-0.04,0.09,0,0,-0.09,0.1
1825.32,0.23,0.18,-0.04,0.09,0,0,-0.09,0.08
1825.35,0.23,0.18,-0.04,0.09,0,0,-0.09,0.08
1825.37,0.23,0.18,-0.04,0.09,0,0,-0.09,0.08
1825.39,0.23,0.18,-0.04,0.09,0,1.34,-0.09,0.05
1825.42,0.23,0.18,-0.05,0.09,0,5.2,-0.09,0.05
1825.44,0.23,0.18,-0.04,0.09,0,7.04,-0.09,0.05
1825.47,0.23,0.18,-0.04,0.09,0,7.88,-0.09,0.03
1825.49,0.23,0.18,-0.04,0.08,0,7.21,-0.09,0.03
1825.51,0.23,0.18,-0.04,0.08,0,6.71,-0.09,0.03
1825.54,0.23,0.18,-0.04,0.08,0,6.2,-0.09,0.03
1825.57,0.23,0.18,-0.04,0.08,0,6.2,-0.09,0.03
1825.59,0.23,0.18,-0.04,0.08,0,5.7,-0.09,0.03
1825.61,0.23,0.18,-0.04,0.08,0,5.37,-0.09,0.03
1825.64,0.23,0.18,-0.04,0.08,0,4.86,-0.09,0.03
1825.66,0.23,0.18,-0.04,0.08,0,4.7,-0.09,0.03
1825.69,0.23,0.18,-0.04,0.09,0,4.7,-0.09,0.03
1825.71,0.23,0.18,-0.04,0.08,0,4.7,-0.09,0.03
1825.74,0.23,0.18,-0.04,0.08,0,4.86,-0.09,0.03
1825.76,0.23,0.18,-0.04,0.08,0,4.86,-0.09,0.03
1825.79,0.23,0.18,-0.04,0.08,0,4.86,-0.09,0.03
1825.81,0.23,0.18,-0.04,0.08,0,4.86,-0.09,0.03
1825.84,0.23,0.18,-0.04,0.08,0,4.86,-0.09,0.03
1825.86,0.23,0.18,-0.04,0.08,0,4.86,-0.09,0.03
1825.89,0.23,0.18,-0.04,0.08,0,4.86,-0.09,0.03
1825.91,0.23,0.18,-0.04,0.08,0,4.86,-0.09,0.03
1825.94,0.23,0.18,-0.04,0.08,0,4.86,-0.09,0.03
1825.96,0.23,0.19,-0.04,0.08,0,4.86,-0.09,0.03
1825.99,0.23,0.19,-0.04,0.08,0,4.86,-0.09,0.03
1826.01,0.23,0.19,-0.04,0.08,0,4.86,-0.09,0.03
1826.04,0.23,0.18,-0.04,0.08,0,4.86,-0.09,0.03
1826.06,0.23,0.19,-0.04,0.08,0,4.86,-0.09,0.03
1826.08,0.23,0.19,-0.04,0.08,0,4.86,-0.09,0.03
1826.11,0.23,0.19,-0.04,0.08,0,4.86,-0.09,0.03
1826.14,0.23,0.19,-0.04,0.08,0,4.86,-0.09,0.03
1826.16,0.23,0.18,-0.04,0.08,0,4.86,-0.09,0.03
1826.19,0.23,0.18,-0.04,0.08,0,4.86,-0.09,0.03
1826.21,0.23,0.18,-0.05,0.09,0,4.86,-0.09,0.03
1826.23,0.23,0.18,-0.04,0.09,0,4.86,-0.09,0.03
1826.26,0.23,0.18,-0.04,0.1,0,4.86,-0.09,0.02
1826.28,0.23,0.18,-0.04,0.1,0,4.86,-0.09,0.02
1826.31,0.23,0.19,-0.05,0.11,0,6.05,-0.09,0.02
1826.33,0.23,0.19,-0.05,0.11,0,6.05,-0.09,0.02
1826.36,0.23,0.19,-0.05,0.13,0,8.26,-0.09,0.02
1826.38,0.23,0.19,-0.05,0.15,0,8.26,-0.1,0
1826.41,0.23,0.19,-0.05,0.17,0,13.92,-0.1,0
1826.43,0.23,0.19,-0.05,0.2,0,24.37,-0.1,0
1826.46,0.23,0.19,-0.05,0.25,0,30.18,-0.1,-0.03
1826.48,0.23,0.19,-0.04,0.26,0,33.72,-0.1,-0.03
1826.51,0.23,0.19,-0.05,0.26,0,34.78,-0.1,-0.03
1826.53,0.23,0.19,-0.05,0.28,0,41.88,-0.1,-0.06
1826.56,0.23,0.19,-0.05,0.32,0,48.99,-0.1,-0.06
1826.58,0.23,0.19,-0.05,0.33,0,53.61,-0.1,-0.06
1826.61,0.23,0.19,-0.05,0.34,0,59.29,-0.1,-0.1
1826.63,0.23,0.19,-0.04,0.36,0,65.13,-0.1,-0.1
1826.66,0.23,0.19,-0.04,0.37,0,65.3,-0.1,-0.1
1826.68,0.23,0.2,-0.04,0.39,0,76.7,-0.1,-0.12
1826.71,0.23,0.19,-0.04,0.4,0,80,-0.1,-0.12
1826.73,0.23,0.19,-0.05,0.43,0,83.46,-0.1,-0.12
1826.75,0.23,0.19,-0.04,0.44,0,83.46,-0.1,-0.12
1826.78,0.23,0.2,-0.04,0.46,0,86.73,-0.1,-0.15
1826.8,0.23,0.2,-0.04,0.47,0,93.37,-0.1,-0.15
1826.83,0.23,0.2,-0.04,0.48,0,95.56,-0.1,-0.15
1826.86,0.23,0.2,-0.04,0.49,0,99.74,-0.1,-0.17
1826.88,0.23,0.2,-0.06,0.5,0,101.91,-0.1,-0.17
1826.9,0.23,0.2,-0.04,0.51,0,106.19,-0.1,-0.17
1826.93,0.23,0.2,-0.04,0.51,0,106.19,-0.1,-0.19
1826.95,0.23,0.2,-0.04,0.52,0,107.17,-0.1,-0.19
1826.98,0.23,0.2,-0.04,0.52,0,108.14,-0.1,-0.19
1827,0.23,0.2,-0.04,0.53,0,109.29,-0.1,-0.2
1827.03,0.23,0.2,-0.04,0.54,0,109.29,-0.1,-0.2
1827.05,0.23,0.2,-0.04,0.54,0,109.29,-0.1,-0.2
1827.08,0.23,0.2,-0.04,0.55,0,110.26,-0.1,-0.2
1827.1,0.23,0.2,-0.04,0.55,0,110.26,-0.1,-0.2
1827.13,0.23,0.2,-0.04,0.56,0,115.4,-0.1,-0.2
1827.15,0.23,0.2,-0.04,0.56,0,113.32,-0.1,-0.2
1827.18,0.23,0.2,-0.04,0.56,0,114.44,-0.1,-0.2
1827.2,0.23,0.2,-0.04,0.56,0,117.81,-0.1,-0.2
1827.23,0.23,0.2,-0.05,0.57,0,119.09,-0.1,-0.2
1827.25,0.23,0.2,-0.04,0.56,0,118.32,-0.1,-0.17
1827.28,0.23,0.21,-0.04,0.56,0,118.32,-0.1,-0.17
1827.3,0.23,0.2,-0.04,0.56,0,118.32,-0.1,-0.17
1827.33,0.23,0.21,-0.04,0.57,0,117.98,-0.1,-0.14
1827.35,0.23,0.21,-0.04,0.57,0,104.72,-0.1,-0.14
1827.38,0.23,0.21,-0.04,0.58,0,87.46,-0.1,-0.14
1827.4,0.23,0.21,-0.04,0.59,0,69.29,-0.11,-0.13
1827.43,0.23,0.21,-0.04,0.6,0,67.18,-0.11,-0.13
1827.45,0.23,0.21,-0.04,0.61,0,85.56,-0.11,-0.13
1827.48,0.23,0.21,-0.04,0.6,0,100.59,-0.11,-0.15
1827.5,0.23,0.21,-0.04,0.6,0,117.15,-0.11,-0.15
1827.53,0.23,0.21,-0.04,0.6,0,127,-0.11,-0.15
1827.55,0.23,0.21,-0.04,0.59,0,131.45,-0.11,-0.15
1827.58,0.23,0.21,-0.04,0.59,0,132.25,-0.11,-0.13
1827.6,0.23,0.21,-0.04,0.59,0,134.82,-0.11,-0.13
1827.63,0.23,0.2,-0.04,0.59,0,136.7,-0.11,-0.13
1827.65,0.23,0.21,-0.04,0.59,0,138.29,-0.1,-0.13
1827.68,0.23,0.2,-0.04,0.59,0,138.97,-0.1,-0.13
1827.7,0.23,0.2,-0.04,0.59,0,139.14,-0.1,-0.13
1827.73,0.23,0.2,-0.04,0.59,0,139.14,-0.1,-0.14
1827.75,0.23,0.2,-0.04,0.6,0,140.21,-0.1,-0.14
1827.78,0.23,0.2,-0.04,0.59,0,139.14,-0.1,-0.14
1827.8,0.23,0.21,-0.04,0.59,0,139.14,-0.1,-0.14
1827.83,0.23,0.21,-0.04,0.59,0,139.31,-0.1,-0.14
1827.85,0.23,0.21,-0.04,0.59,0,139.31,-0.1,-0.14
1827.88,0.23,0.21,-0.04,0.59,0,139.31,-0.11,-0.14
1827.9,0.23,0.21,-0.04,0.59,0,139.31,-0.11,-0.14
1827.92,0.23,0.21,-0.05,0.59,0,139.31,-0.11,-0.14
1827.95,0.23,0.2,-0.04,0.59,0,138.58,-0.11,-0.14
1827.98,0.23,0.2,-0.04,0.59,0,139.31,-0.1,-0.14
1828,0.23,0.2,-0.04,0.59,0,139.48,-0.1,-0.14
1828.02,0.23,0.21,-0.04,0.59,0,138.58,-0.1,-0.14
1828.05,0.23,0.21,-0.04,0.59,0,139.48,-0.11,-0.14
1828.07,0.23,0.21,-0.04,0.59,0,139.48,-0.11,-0.14
1828.1,0.23,0.21,-0.04,0.59,0,139.31,-0.11,-0.14
1828.13,0.23,0.21,-0.04,0.58,0,134.77,-0.11,-0.13
1828.15,0.23,0.21,-0.04,0.57,0,132.93,-0.11,-0.13
1828.17,0.23,0.21,-0.04,0.55,0,124.1,-0.11,-0.13
1828.2,0.23,0.21,-0.06,0.53,0,119.1,-0.11,-0.11
1828.22,0.23,0.21,-0.04,0.52,0,118.3,-0.11,-0.11
1828.25,0.23,0.21,-0.04,0.49,0,110.04,-0.11,-0.11
1828.27,0.23,0.21,-0.04,0.45,0,96.95,-0.11,-0.08
1828.3,0.23,0.2,-0.04,0.42,0,90.19,-0.11,-0.08
1828.32,0.23,0.2,-0.05,0.37,0,77.71,-0.11,-0.08
1828.35,0.23,0.2,-0.05,0.34,0,67.38,-0.11,-0.08
1828.37,0.23,0.2,-0.05,0.33,0,62.91,-0.1,-0.01
1828.4,0.23,0.2,-0.05,0.3,0,56.09,-0.1,-0.01
1828.42,0.23,0.2,-0.05,0.27,0,52.51,-0.1,-0.01
1828.45,0.23,0.2,-0.05,0.25,0,44.28,-0.1,0.03
1828.47,0.23,0.19,-0.05,0.25,0,42.13,-0.1,0.03
1828.5,0.23,0.19,-0.05,0.23,0,38.74,-0.1,0.03
1828.52,0.23,0.19,-0.05,0.2,0,36.6,-0.1,0.05
1828.55,0.23,0.19,-0.05,0.18,0,29.7,-0.1,0.05
1828.57,0.23,0.19,-0.05,0.16,0,24.1,-0.1,0.05
1828.6,0.23,0.19,-0.05,0.16,0,24.1,-0.1,0.08
1828.62,0.23,0.19,-0.05,0.13,0,20.63,-0.1,0.08
1828.65,0.23,0.19,-0.05,0.12,0,20.63,-0.1,0.08
1828.67,0.23,0.19,-0.05,0.1,0,17.18,-0.09,0.11
1828.7,0.23,0.19,-0.05,0.09,0,16.15,-0.09,0.11
1828.72,0.23,0.19,-0.05,0.08,0,13.93,-0.09,0.11
1828.74,0.23,0.19,-0.05,0.07,0,12.75,-0.09,0.11
1828.77,0.23,0.19,-0.05,0.07,0,11.73,-0.09,0.13
1828.79,0.23,0.19,-0.05,0.07,0,11.73,-0.09,0.13
1828.82,0.23,0.19,-0.05,0.06,0,10.55,-0.09,0.13
1828.84,0.23,0.19,-0.05,0.06,0,10.55,-0.09,0.13
1828.87,0.23,0.19,-0.05,0.06,0,10.55,-0.09,0.13
1828.89,0.23,0.19,-0.05,0.06,0,10.55,-0.09,0.13
1828.92,0.23,0.19,-0.05,0.06,0,10.55,-0.09,0.14
1828.94,0.23,0.19,-0.05,0.06,0,10.55,-0.09,0.14
1828.97,0.23,0.19,-0.05,0.06,0,10.55,-0.09,0.14
1828.99,0.23,0.18,-0.05,0.06,0,10.39,-0.09,0.14
1829.02,0.23,0.18,-0.05,0.06,0,8.08,-0.09,0.14
1829.04,0.23,0.18,-0.05,0.06,0,6.43,-0.09,0.14
1829.07,0.23,0.18,-0.05,0.06,0,5.28,-0.09,0.13
1829.09,0.23,0.18,-0.05,0.06,0,0,-0.09,0.13
1829.11,0.23,0.18,-0.05,0.06,0,0,-0.09,0.13
1829.13,0.23,0.18,-0.05,0.06,0,0,-0.09,0.13
1829.15,0.23,0.18,-0.05,0.06,0,0,-0.09,0.13
1829.18,0.23,0.18,-0.05,0.06,0,0,-0.09,0.12
1829.2,0.23,0.18,-0.05,0.06,0,0,-0.09,0.12
1829.22,0.23,0.18,-0.05,0.06,0,0,-0.09,0.12
1829.24,0.23,0.18,-0.05,0.06,0,0,-0.09,0.11
1829.26,0.23,0.18,-0.04,0.06,0,0,-0.09,0.11
1829.28,0.23,0.18,-0.05,0.06,0,0,-0.09,0.11
1829.3,0.23,0.18,-0.05,0.06,0,0,-0.09,0.11
1829.33,0.23,0.18,-0.05,0.06,0,0,-0.09,0.08
1829.35,0.23,0.18,-0.05,0.06,0,0,-0.09,0.08
1829.37,0.23,0.18,-0.05,0.06,0,0,-0.09,0.08
1829.39,0.23,0.18,-0.05,0.06,0,0,-0.09,0.05
1829.41,0.23,0.18,-0.05,0.06,0,0,-0.09,0.05
1829.43,0.23,0.18,-0.06,0.06,0,0,-0.09,0.05
1829.45,0.23,0.18,-0.05,0.06,0,0,-0.09,0.05
1829.48,0.23,0.18,-0.05,0.06,0,0,-0.09,0.03
1829.5,0.23,0.18,-0.05,0.06,0,0,-0.09,0.03
1829.52,0.23,0.18,-0.05,0.06,0,0,-0.09,0.03
1829.54,0.23,0.18,-0.04,0.05,0,0,-0.09,0.03
1829.56,0.23,0.18,-0.05,0.05,0,0,-0.09,0.02
1829.58,0.23,0.18,-0.05,0.06,0,0,-0.09,0.02
1829.6,0.23,0.18,-0.05,0.06,0,0,-0.09,0.02
1829.62,0.23,0.18,-0.04,0.06,0,0,-0.09,0.02
1829.65,0.23,0.18,-0.05,0.06,0,0,-0.09,0.02
1829.67,0.23,0.18,-0.05,0.06,0,0,-0.09,0.02
1829.69,0.23,0.18,-0.05,0.06,0,0,-0.09,0.02
1829.71,0.23,0.18,-0.05,0.06,0,0,-0.09,0.02
1829.73,0.23,0.18,-0.05,0.06,0,0,-0.09,0.02
1829.75,0.23,0.18,-0.05,0.06,0,0,-0.09,0.02
1829.77,0.23,0.18,-0.05,0.06,0,0,-0.09,0.02
1829.8,0.23,0.18,-0.05,0.06,0,0,-0.09,0.02
1829.82,0.23,0.18,-0.05,0.06,0,0,-0.09,0.02
1829.84,0.23,0.18,-0.05,0.06,0,0,-0.09,0.02
1829.86,0.23,0.18,-0.05,0.06,0,0,-0.09,0.02
1829.88,0.23,0.18,-0.05,0.06,0,0,-0.09,0.02
1829.9,0.23,0.18,-0.05,0.06,0,0,-0.09,0.02
1829.92,0.23,0.18,-0.05,0.06,0,0,-0.09,0.02
1829.94,0.23,0.18,-0.04,0.06,0,0,-0.09,0.02
1829.97,0.23,0.18,-0.05,0.06,0,0,-0.09,0.02
1829.99,0.23,0.19,-0.05,0.06,0,0,-0.09,0.02
1830.01,0.23,0.19,-0.05,0.06,0,0,-0.09,0.02
1830.03,0.23,0.19,-0.05,0.06,0,0,-0.09,0.02
1830.05,0.23,0.19,-0.05,0.06,0,0,-0.09,0.02
1830.07,0.23,0.19,-0.05,0.06,0,0,-0.09,0.02
1830.09,0.23,0.19,-0.05,0.06,0,0,-0.09,0.02
1830.12,0.23,0.19,-0.05,0.06,0,0,-0.09,0.02
1830.14,0.23,0.18,-0.05,0.06,0,0,-0.09,0.02
1830.16,0.23,0.19,-0.05,0.06,0,0,-0.09,0.02
1830.18,0.23,0.19,-0.05,0.06,0,0,-0.09,0.02
1830.2,0.23,0.19,-0.05,0.06,0,0,-0.09,0.02
1830.22,0.23,0.19,-0.05,0.06,0,0,-0.09,0.02
1830.24,0.23,0.19,-0.05,0.06,0,0,-0.09,0.02
1830.27,0.23,0.19,-0.05,0.07,0,0,-0.09,0.02
1830.29,0.23,0.19,-0.05,0.06,0,0,-0.09,0.02
1830.31,0.23,0.19,-0.05,0.07,0,0,-0.09,0.02
1830.33,0.23,0.19,-0.05,0.07,0,0,-0.09,0.02
1830.35,0.23,0.19,-0.05,0.07,0,0,-0.09,0.02
1830.37,0.23,0.19,-0.05,0.07,0,0,-0.09,0.02
1830.39,0.23,0.19,-0.05,0.07,0,0,-0.09,0.02
1830.42,0.23,0.19,-0.05,0.07,0,0,-0.09,0.02
1830.44,0.23,0.19,-0.05,0.07,0,0,-0.09,0.02
1830.46,0.23,0.19,-0.05,0.07,0,0,-0.09,0.02
1830.48,0.23,0.19,-0.05,0.07,0,0,-0.09,0.02
1830.5,0.23,0.19,-0.05,0.07,0,0,-0.09,0.02
1830.52,0.23,0.19,-0.05,0.07,0,0,-0.09,0.02
1830.54,0.23,0.19,-0.05,0.07,0,0,-0.09,0.02
1830.57,0.23,0.19,-0.05,0.07,0,0,-0.09,0.02
1830.59,0.23,0.19,-0.05,0.07,0,0,-0.09,0.02
1830.61,0.23,0.19,-0.05,0.07,0,0,-0.09,0.02
1830.63,0.23,0.19,-0.05,0.07,0,0,-0.09,0.02
1830.65,0.23,0.19,-0.05,0.07,0,0,-0.09,0.02
1830.67,0.23,0.19,-0.05,0.07,0,0,-0.09,0.02
1830.69,0.23,0.19,-0.05,0.07,0,0,-0.09,0.02
1830.72,0.23,0.19,-0.05,0.07,0,0,-0.09,0.02
1830.74,0.23,0.19,-0.05,0.07,0,0,-0.09,0.02
1830.76,0.23,0.19,-0.05,0.07,0,0,-0.09,0.02
1830.78,0.23,0.19,-0.05,0.07,0,0,-0.09,0.02
1830.8,0.23,0.19,-0.05,0.07,0,0,-0.09,0.02
1830.82,0.23,0.19,-0.05,0.07,0,0,-0.09,0.02
1830.84,0.23,0.19,-0.05,0.07,0,0,-0.09,0.02
1830.87,0.23,0.19,-0.05,0.07,0,0,-0.09,0.02
1830.89,0.23,0.18,-0.05,0.07,0,0,-0.09,0.02
1830.91,0.23,0.18,-0.05,0.07,0,0,-0.09,0.02
1830.93,0.23,0.18,-0.05,0.07,0,0,-0.09,0.02
1830.95,0.23,0.18,-0.05,0.07,0,0,-0.09,0.02
1830.97,0.23,0.18,-0.05,0.07,0,0,-0.09,0.02
1831,0.23,0.18,-0.05,0.07,0,0,-0.09,0.02
1831.02,0.23,0.18,-0.05,0.07,0,0,-0.09,0.02
1831.04,0.23,0.18,-0.05,0.07,0,0,-0.09,0.02
1831.06,0.23,0.18,-0.05,0.07,0,0,-0.09,0.02
1831.08,0.23,0.18,-0.05,0.07,0,0,-0.09,0.02
1831.1,0.23,0.18,-0.05,0.07,0,0,-0.09,0.02
1831.12,0.23,0.18,-0.05,0.07,0,0,-0.09,0.02
1831.14,0.23,0.18,-0.05,0.07,0,0,-0.09,0.02
1831.17,0.23,0.18,-0.05,0.07,0,0,-0.09,0.02
1831.19,0.23,0.18,-0.05,0.07,0,0,-0.09,0.02
1831.21,0.23,0.18,-0.05,0.07,0,0,-0.09,0.02
1831.23,0.23,0.18,-0.05,0.07,0,0,-0.09,0.02
1831.25,0.23,0.18,-0.05,0.07,0,0,-0.09,0.02
1831.27,0.23,0.18,-0.05,0.07,0,0,-0.09,0.02
1831.29,0.23,0.18,-0.05,0.07,0,0,-0.09,0.02
1831.32,0.23,0.18,-0.05,0.07,0,0,-0.09,0.02
1831.34,0.23,0.18,-0.05,0.07,0,0,-0.09,0.02
1831.36,0.23,0.18,-0.05,0.07,0,0,-0.09,0.02
1831.38,0.23,0.18,-0.05,0.07,0,0,-0.09,0.02
1831.4,0.23,0.18,-0.05,0.07,0,0,-0.09,0.02
1831.42,0.23,0.19,-0.05,0.07,0,0,-0.09,0.02
1831.44,0.23,0.18,-0.05,0.07,0,0,-0.09,0.02
1831.47,0.23,0.18,-0.05,0.07,0,0,-0.09,0.02
1831.49,0.23,0.18,-0.05,0.07,0,0,-0.09,0.02
1831.51,0.23,0.18,-0.05,0.07,0,0,-0.09,0.02
1831.53,0.23,0.18,-0.05,0.07,0,0,-0.09,0.02
1831.55,0.23,0.18,-0.05,0.07,0,0,-0.09,0.02
1831.57,0.23,0.18,-0.05,0.07,0,0,-0.09,0.01
1831.59,0.23,0.18,-0.05,0.07,0,0,-0.09,0.01
1831.61,0.23,0.18,-0.05,0.07,0,0,-0.09,0.01
1831.64,0.23,0.18,-0.05,0.07,0,0,-0.09,0.01
1831.66,0.23,0.18,-0.05,0.07,0,0,-0.09,0.01
1831.68,0.23,0.18,-0.04,0.07,0,0,-0.09,0.01
1831.7,0.23,0.18,-0.05,0.07,0,0,-0.09,0.01
1831.72,0.23,0.18,-0.05,0.07,0,0,-0.09,0.01
1831.74,0.23,0.18,-0.05,0.07,0,0,-0.09,0.01
1831.76,0.23,0.18,-0.05,0.07,0,0,-0.09,0.01
1831.79,0.23,0.18,-0.05,0.07,0,0,-0.09,0.01
1831.81,0.23,0.18,-0.05,0.07,0,0,-0.09,0.01
1831.83,0.23,0.18,-0.05,0.07,0,0,-0.09,0.01
1831.85,0.23,0.18,-0.05,0.07,0,0,-0.09,0.01
1831.87,0.23,0.18,-0.05,0.07,0,0,-0.09,0.01
1831.89,0.23,0.18,-0.05,0.07,0,0,-0.09,0.01
1831.91,0.23,0.18,-0.05,0.07,0,0,-0.09,0.01
1831.93,0.23,0.18,-0.05,0.07,0,0,-0.09,0.01
