t,paa0,pfe0,paa1,pfe1,daa0,dfe0,daa1,dfe1
7.3325,-0,0,-0,0.00028938,-0,0,-0,0
7.41265,-0,0,-0,0.00028938,-0.0506214,0.149899,0.0398835,0
7.49255,-0,0,-0,0.00028938,-0.0506214,0.149899,0.0398835,0
7.57261,-0,0,-0,0.00028938,-0.0506214,0.149899,0.0398835,0
7.65258,-0,0,-0,0,-0.0506214,0.149899,0.0398835,0
7.73258,-0,0,-0,0.00028938,-0.0506214,0.149899,0.0398835,0
7.81255,-0,0,-0,0.00028938,-0.0506214,0.149899,0.0398835,0
7.89243,-0,0,-0,0.00028938,-0.0506214,0.149899,0.0398835,0
7.97248,-0,0,-0,0.00028938,-0.0506214,0.149899,0.0398835,0
8.05252,-0,0,-0,0,-0.0506214,0.149899,0.0398835,0
8.13244,-0,0,-0,0.00028938,-0.0506214,0.140349,0.0398835,0
8.2125,-0,0,-0,0,-0.0506214,0.131957,0.0398835,0
8.29248,-0,0,-0,0.00028938,-0.0506214,0.130221,0.0398835,0
8.37246,-0,0,-0,0,-0.0506214,0.129642,0.0398835,0
8.45247,-0,0,-0,0.00028938,-0.0506214,0.129932,0.0398835,0
8.53244,-0,0,-0,0.00028938,-0.0506214,0.129932,0.0398835,0
8.61266,-0,0,-0,0.00028938,-0.0506214,0.129932,0.0398835,0
8.69255,-0,0,-0,0.00028938,-0.0506214,0.129932,0.0398835,0
8.77245,-0,0,-0,0.00028938,-0.0506214,0.129932,0.0398835,0
8.85242,-0,0,-0,0,-0.0506214,0.129932,0.0398835,0
8.93247,-0,0,-0,0.00028938,-0.0506214,0.129932,0.0398835,0
9.01247,-0,0,-0,0.00028938,-0.0506214,0.129932,0.0398835,0
9.09249,-0,0,-0,0.00028938,-0.0506214,0.129932,0.0398835,0
9.17236,-0,0,-0,0.00028938,-0.0506214,0.129932,0.0398835,0
9.25239,-0,0,-0,0.00028938,-0.0506214,0.129932,0.0490874,0
9.33246,-0,0,-0,0.00028938,-0.0506214,0.129932,0.0506214,0
9.41241,-0,0,-0,0.00028938,-0.0506214,0.129932,0.0506214,0
9.49238,-0,0,-0,0,-0.0506214,0.129932,0.0506214,0
9.57232,-0,0,-0,0.00028938,-0.0598252,0.138034,0.0506214,0.00810264
9.65231,-0,0,-0,0.00028938,-0.0598252,0.14006,0.0506214,0.043407
9.7323,-0,0,-0,0.00028938,-0.0598252,0.14006,0.0506214,0.0850777
9.8123,-0,0,-0,0.00028938,-0.0598252,0.14006,0.0506214,0.117778
9.8923,-0,0,-0,0.0043407,-0.0506214,0.14006,0.0414175,0.174786
9.9723,-0,0,-0,0.0251761,-0.0506214,0.14006,0.0398835,0.215588
10.0523,-0,0,-0,0.0685831,-0.0506214,0.138324,0.0398835,0.257548
10.1323,-0,0,-0,0.132536,-0.0506214,0.14006,0.0398835,0.267966
10.2122,-0,0,-0,0.196489,-0.0582913,0.14006,0.0398835,0.27983
10.2926,-0,0,-0,0.244526,-0.0490874,0.14006,0.0398835,0.289959
10.3724,-0,0,-0,0.269413,-0.0506214,0.14006,0.0398835,0.325552
10.4524,-0,0,-0,0.272017,-0.0506214,0.14006,0.0398835,0.337996
10.5324,-0,0,-0,0.272017,-0.0506214,0.14006,0.0398835,0.347835
10.6123,-0,0,-0,0.272017,-0.0506214,0.14006,0.0398835,0.34986
10.6924,-0,0,-0,0.272017,-0.0506214,0.130221,0.0398835,0.367802
10.7723,-0,0,-0,0.272017,-0.0506214,0.131957,0.0398835,0.379667
10.8523,-0,0,-0,0.272017,-0.0506214,0.129932,0.0398835,0.388059
10.9323,-0,0,-0,0.273175,-0.0506214,0.129932,0.0398835,0.380245
11.0123,-0,0,-0,0.278094,-0.0506214,0.129932,0.0398835,0.379956
11.0923,-0,0,-0,0.283882,-0.0506214,0.138324,0.0398835,0.389795
11.1723,-0,0,-0,0.286486,-0.0506214,0.13051,0.0398835,0.397898
11.2523,-0,0,-0,0.287065,-0.0506214,0.129932,0.0398835,0.417575
11.3323,-0,0,-0,0.288801,-0.0506214,0.129932,0.0398835,0.430019
11.4122,-0,0,-0,0.294299,-0.0414175,0.129932,0.0398835,0.439568
11.4925,-0,0,-0,0.302691,-0.0414175,0.129932,0.0398835,0.439858
11.5723,-0,0,-0,0.313399,-0.0506214,0.129932,0.0398835,0.440147
11.6523,-0,0,-0,0.324974,-0.0506214,0.129932,0.0398835,0.449697
11.7323,-0,0,-0,0.331919,-0.0506214,0.129932,0.0398835,0.469664
11.8123,-0,0,-0,0.332498,-0.0506214,0.129932,0.0214757,0.487895
11.8922,-0,0,-0,0.332498,-0.0398835,0.129932,0.0199418,0.49947
11.9721,-0,0,-0,0.333655,-0.0475534,0.129932,0.0107379,0.553005
12.0524,-0,0,-0,0.33626,-0.0490874,0.120382,0.0107379,0.579049
12.1323,-0,0,-0,0.336549,-0.0398835,0.120093,0.0107379,0.63461
12.2123,-0,0,-0,0.336838,-0.0398835,0.120093,0.0107379,0.669336
12.2922,-0,0,-0,0.336838,-0.0398835,0.120093,-0,0.697406
12.3722,-0,0,-0,0.337128,-0.0398835,0.120093,-0,0.719109
12.4521,-0,0,-0,0.337128,-0.0414175,0.120093,-0,0.719977
12.5322,-0,0,-0,0.337417,-0.0398835,0.120093,-0,0.692486
12.6122,-0,0,-0,0.337417,-0.0398835,0.120093,-0,0.690171
12.6922,-0,0,-0,0.337417,-0.0490874,0.120093,-0.0076699,0.689593
12.7722,-0,0,-0,0.337417,-0.0398835,0.120093,-0,0.660655
12.8523,-0,0,-0,0.337417,-0.0398835,0.120093,-0.0076699,0.660076
12.9322,-0,0,-0,0.337417,-0.0398835,0.120093,-0,0.640687
13.0121,-0,0,-0,0.337417,-0.0398835,0.120093,-0,0.62998
13.0921,-0,0,-0,0.337706,-0.0398835,0.120093,-0,0.62998
13.1721,-0,0,-0,0.337417,-0.0398835,0.120093,-0,0.620431
13.2521,-0,0,-0,0.337706,-0.0475534,0.120093,-0,0.620141
13.3323,-0,0,-0,0.337417,-0.0506214,0.120093,-0.0076699,0.612039
13.4121,-0,0,-0,0.337706,-0.0490874,0.120093,-0,0.610013
13.4921,-0,0,-0,0.337706,-0.0506214,0.120093,-0,0.600174
13.5721,-0,0,-0,0.337417,-0.0506214,0.120093,-0,0.590046
13.6521,-0,0,-0,0.337417,-0.0506214,0.120093,-0,0.590046
13.7321,-0,0,-0,0.337417,-0.0506214,0.127906,-0,0.564291
13.8121,-0,0,-0,0.337706,-0.0506214,0.129932,-0.00920388,0.532459
13.8921,-0,0,-0,0.337417,-0.0506214,0.138034,-0.00153398,0.512203
13.972,-0,0,-0,0.337706,-0.0506214,0.14006,-0,0.500338
14.0521,-0,0,-0,0.337417,-0.0506214,0.14006,-0.00153398,0.482396
14.132,-0,0,-0,0.337417,-0.0506214,0.14006,-0,0.393557
14.2121,-0,0,-0,0.337417,-0.0598252,0.149609,-0,0.351018
14.292,-0,0,-0,0.337417,-0.0598252,0.149899,-0,0.332208
14.3721,-0,0,-0,0.337417,-0.0598252,0.149899,-0,0.32208
14.4521,-0,0,-0,0.337417,-0.0598252,0.149899,-0,0.302402
14.532,-0,0,-0,0.337417,-0.0598252,0.149899,-0,0.309926
14.612,-0,0,-0,0.337417,-0.0598252,0.149899,-0,0.223691
14.6919,-0,0,-0,0.337417,-0.0598252,0.149899,-0,0.0688724
14.7719,-0,0,-0,0.331629,-0.0598252,0.149899,-0,0.00463008
14.852,-0,0,-0,0.300955,-0.0598252,0.149899,-0,0
14.932,-0,0,-0,0.23816,-0.0598252,0.149899,-0,0
15.0121,-0,0,-0,0.158291,-0.0598252,0.142086,-0,0
15.092,-0,0,-0,0.0790007,-0.0598252,0.14006,-0,0
15.1721,-0,0,-0,0.0217035,-0.0598252,0.14006,-0,0
15.252,-0,0,-0,0,-0.0598252,0.14006,-0,0
15.332,-0,0,-0,0,-0.0598252,0.14006,-0,0
15.412,-0,0,-0,0,-0.0598252,0.14006,-0,0
15.492,-0,0,-0,0,-0.0598252,0.14006,-0,0
15.572,-0,0,-0,0,-0.0598252,0.14006,-0,0
15.6519,-0,0,-0,0,-0.0598252,0.140349,-0,0
15.7319,-0,0,-0,0,-0.0598252,0.149899,-0,0
15.8119,-0,0,-0,0,-0.0598252,0.149899,-0,0
15.892,-0,0,-0,0,-0.0598252,0.14006,-0,0
15.9719,-0,0,-0,0,-0.0521553,0.14006,0.0076699,0
16.0519,-0,0,-0,0,-0.0598252,0.14006,-0,0
16.132,-0,0,-0,0,-0.0598252,0.14006,-0,0
16.2119,-0,0,-0,0,-0.0598252,0.140349,-0,0
16.2919,-0,0,-0,0,-0.0506214,0.141796,-0,0
16.3718,-0,0,-0,0,-0.0506214,0.149899,-0,0
16.4519,-0,0,-0,0,-0.0506214,0.149899,-0,0
16.5318,-0,0,-0,0,-0.0506214,0.142086,-0,0
16.6119,-0,0,-0,0,-0.0506214,0.141796,-0,0
16.6918,-0,0,-0,0,-0.0506214,0.140349,-0,0
16.7718,-0,0,-0,0,-0.0506214,0.14006,-0,0
16.8518,-0,0,-0,0,-0.0506214,0.14006,-0,0
16.9318,-0,0,-0,0,-0.0506214,0.14006,-0,0
17.0118,-0,0,-0,0,-0.0506214,0.131957,-0,0
17.0918,-0,0,-0,0,-0.0506214,0.130221,-0,0.0159159
17.1718,-0,0,-0,0,-0.0506214,0.130221,-0,0.0674255
17.2519,-0,0,-0,0,-0.0506214,0.129932,-0,0.107071
17.3319,-0,0,-0,0,-0.0506214,0.129932,-0,0.154818
17.4118,-0,0,-0,0.00983892,-0.0490874,0.129932,-0,0.169866
17.4918,-0,0,-0,0.0451433,-0.0506214,0.129932,-0,0.226585
17.5718,-0,0,-0,0.100415,-0.0506214,0.129932,-0,0.255812
17.6518,-0,0,-0,0.15887,-0.0506214,0.129932,-0,0.30356
17.7318,-0,0,-0,0.210669,-0.0506214,0.129932,-0,0.34552
17.8117,-0,0,-0,0.246841,-0.0582913,0.129932,-0,0.357963
17.8918,-0,0,-0,0.267098,-0.0506214,0.129932,-0,0.379088
17.9718,-0,0,-0,0.273175,-0.0582913,0.129932,0.00920388,0.399634
18.0517,-0,0,-0,0.274332,-0.0506214,0.129932,-0,0.427704
18.1317,-0,0,-0,0.280988,-0.0506214,0.129932,-0.0076699,0.439568
18.212,-0,0,-0,0.29864,-0.0506214,0.129932,-0,0.432044
18.2918,-0,0,-0,0.322369,-0.0490874,0.129932,-0,0.439858
18.3717,-0,0,-0,0.339443,-0.0506214,0.129932,-0,0.430019
18.4517,-0,0,-0,0.339153,-0.0506214,0.129932,-0,0.439568
18.5318,-0,0,-0,0.339153,-0.0506214,0.129932,-0,0.432044
18.6117,-0,0,-0,0.339153,-0.0506214,0.129932,-0,0.430019
18.6917,-0,0,-0,0.339153,-0.0506214,0.129932,-0,0.430019
18.7717,-0,0,-0,0.339153,-0.0506214,0.129932,-0,0.430019
18.8517,-0,0,-0,0.339153,-0.0506214,0.129932,-0,0.429729
18.9317,-0,0,-0,0.339153,-0.0506214,0.129932,-0,0.430019
19.0117,-0,0,-0,0.339153,-0.0506214,0.129932,-0,0.447671
19.0918,-0,0,-0,0.339153,-0.0506214,0.129932,-0,0.469374
19.1717,-0,0,-0,0.339153,-0.0506214,0.138034,-0,0.454037
19.2517,-0,0,-0,0.339153,-0.0506214,0.131668,-0,0.442173
19.3317,-0,0,-0,0.339153,-0.0506214,0.138034,-0,0.430308
19.4116,-0,0,-0,0.339153,-0.0506214,0.131957,-0,0.421916
19.4916,-0,0,-0,0.339153,-0.0506214,0.131957,-0,0.41989
19.5716,-0,0,-0,0.339153,-0.0506214,0.139771,0.0076699,0.41989
19.6516,-0,0,-0,0.339153,-0.0506214,0.14006,0.00306796,0.41989
19.7317,-0,0,-0,0.339153,-0.0506214,0.131957,-0,0.41989
19.8116,-0,0,-0,0.339153,-0.0506214,0.14006,-0,0.410051
19.8916,-0,0,-0,0.339153,-0.0506214,0.14006,-0,0.410051
19.9716,-0,0,-0,0.339153,-0.0506214,0.14006,-0,0.401949
20.0517,-0,0,-0,0.339153,-0.0506214,0.14006,-0,0.400213
20.1316,-0,0,-0,0.339153,-0.0506214,0.14006,-0,0.399923
20.2116,-0,0,-0,0.339153,-0.0506214,0.138324,-0,0.399923
20.2916,-0,0,-0,0.339153,-0.0506214,0.14006,-0,0.399923
20.3716,-0,0,-0,0.339153,-0.0506214,0.14006,-0,0.399923
20.4516,-0,0,-0,0.339153,-0.0506214,0.14006,-0,0.399923
20.5315,-0,0,-0,0.339153,-0.0506214,0.14006,-0,0.399923
20.6115,-0,0,-0,0.339153,-0.0506214,0.14006,-0,0.399923
20.6915,-0,0,-0,0.339153,-0.0506214,0.14006,-0,0.399923
20.7716,-0,0,-0,0.339153,-0.0506214,0.14006,-0,0.399923
20.8516,-0,0,-0,0.339153,-0.0506214,0.14006,-0,0.399923
20.9315,-0,0,-0,0.339153,-0.0506214,0.14006,-0,0.399923
21.0116,-0,0,-0,0.339153,-0.0506214,0.13051,-0,0.382271
21.0915,-0,0,-0,0.339153,-0.0506214,0.129932,-0.00153398,0.3406
21.1715,-0,0,-0,0.339153,-0.0506214,0.129932,0.0107379,0.302691
21.2516,-0,0,-0,0.339153,-0.0506214,0.129932,0.0107379,0.243079
21.3316,-0,0,-0,0.339153,-0.0506214,0.129932,-0,0.112279
21.4115,-0,0,-0,0.33597,-0.0506214,0.129932,-0,0.0381982
21.4914,-0,0,-0,0.311952,-0.0506214,0.129932,0.00920388,0.00057876
21.5714,-0,0,-0,0.256101,-0.0506214,0.129932,0.0398835,0
21.6514,-0,0,-0,0.181441,-0.0506214,0.129932,0.0398835,0
21.7314,-0,0,-0,0.100704,-0.0506214,0.129932,0.0506214,0
21.8117,-0,0,-0,0.03733,-0.0506214,0.129642,0.0598252,0
21.8914,-0,0,-0,0.00694512,-0.0506214,0.129932,0.0674952,0
21.9715,-0,0,-0,0.00260442,-0.0414175,0.129932,0.0705631,0
22.0514,-0,0,-0,0.00376194,-0.0506214,0.129932,0.079767,0
22.1314,-0,0,-0,0.00376194,-0.0506214,0.129932,0.079767,0
22.2115,-0,0,-0,0.00376194,-0.0506214,0.129932,0.079767,0
22.2914,-0,0,-0,0.00376194,-0.0506214,0.129932,0.079767,0
22.3714,-0,0,-0,0.00376194,-0.0521553,0.129932,0.0889709,0
22.4514,-0,0,-0,0.00405132,-0.0506214,0.129932,0.0905049,0
22.5314,-0,0,-0,0.00376194,-0.0506214,0.129932,0.0905049,0
22.6114,-0,0,-0,0.00376194,-0.0506214,0.129932,0.0905049,0
22.6914,-0,0,-0,0.00376194,-0.0506214,0.129932,0.081301,0
22.7714,-0,0,-0,0.00376194,-0.0506214,0.129932,0.0905049,0
22.8514,-0,0,-0,0.00376194,-0.0506214,0.12154,0.0905049,0
22.9314,-0,0,-0,0.00376194,-0.0506214,0.120093,0.0905049,0
23.0114,-0,0,-0,0.00376194,-0.0506214,0.120093,0.0905049,0
23.0914,-0,0,-0,0.00376194,-0.0582913,0.118356,0.0905049,0
23.1714,-0,0,-0,0.00376194,-0.0506214,0.11199,0.0905049,0
23.2513,-0,0,-0,0.00376194,-0.0506214,0.109964,0.0905049,0
23.3313,-0,0,-0,0.00376194,-0.0506214,0.109964,0.0905049,0
23.4113,-0,0,-0,0.00376194,-0.0506214,0.109964,0.0905049,0
23.4913,-0,0,-0,0.00376194,-0.0506214,0.109964,0.0905049,0
23.5714,-0,0,-0,0.00376194,-0.0506214,0.109964,0.0905049,0
23.6514,-0,0,-0,0.00376194,-0.0506214,0.109964,0.0905049,0
23.7316,-0,0,-0,0.00376194,-0.0506214,0.109964,0.0905049,0.0321212
23.8113,-0,0,-0,0.00376194,-0.0490874,0.109964,0.0905049,0.0772645
23.8914,-0,0,-0,0.00376194,-0.0582913,0.119803,0.0905049,0.125302
23.9715,-0,0,-0,0.0057876,-0.0506214,0.120093,0.0905049,0.173917
24.0514,-0,0,-0,0.022861,-0.0506214,0.120093,0.0905049,0.187808
24.1313,-0,0,-0,0.0651105,-0.0506214,0.120093,0.0905049,0.227163
24.2113,-0,0,-0,0.125302,-0.0506214,0.120093,0.0905049,0.239896
24.2913,-0,0,-0,0.179705,-0.0506214,0.120093,0.0905049,0.257548
24.3713,-0,0,-0,0.219061,-0.0506214,0.120093,0.0905049,0.277515
24.4513,-0,0,-0,0.241632,-0.0506214,0.120093,0.0905049,0.326999
24.5313,-0,0,-0,0.24742,-0.0506214,0.120093,0.0905049,0.347545
24.6113,-0,0,-0,0.24742,-0.0506214,0.120093,0.0905049,0.359989
24.6912,-0,0,-0,0.250024,-0.0506214,0.129932,0.0905049,0.37793
24.7712,-0,0,-0,0.262757,-0.0506214,0.122118,0.0905049,0.389795
24.8515,-0,0,-0,0.283014,-0.0506214,0.129932,0.0905049,0.399923
24.9313,-0,0,-0,0.301823,-0.0506214,0.129932,0.081301,0.399923
25.0112,-0,0,-0,0.310794,-0.0506214,0.129932,0.079767,0.409473
25.0913,-0,0,-0.00153398,0.311662,-0.0506214,0.129932,0.0874369,0.408315
25.1712,-0,0,-0.00153398,0.311662,-0.0506214,0.129932,0.079767,0.400213
25.2512,-0,0,-0.00153398,0.311662,-0.0506214,0.129932,0.079767,0.399923
25.3312,-0,0,-0,0.311662,-0.0506214,0.129932,0.079767,0.399923
25.4113,-0,0,-0,0.311662,-0.0506214,0.129932,0.079767,0.399923
25.4912,-0,0,-0.00153398,0.311662,-0.0506214,0.129932,0.079767,0.399923
25.5711,-0,0,-0,0.311662,-0.0506214,0.129932,0.079767,0.399923
25.6512,-0,0,-0,0.311662,-0.0506214,0.129932,0.079767,0.399923
25.7312,-0,0,-0,0.311662,-0.0506214,0.129932,0.079767,0.408315
25.8112,-0,0,-0,0.311662,-0.0506214,0.129932,0.081301,0.42944
25.8912,-0,0,-0,0.311662,-0.0506214,0.129932,0.0874369,0.439568
25.9712,-0,0,-0,0.313688,-0.0506214,0.129932,0.079767,0.439858
26.0512,-0,0,-0,0.319476,-0.0506214,0.129932,0.079767,0.440147
26.1312,-0,0,-0,0.32671,-0.0521553,0.129932,0.079767,0.432044
26.2112,-0,0,-0.00153398,0.330472,-0.0506214,0.129932,0.079767,0.439858
26.2911,-0,0,-0.00153398,0.330472,-0.0506214,0.129932,0.079767,0.440147
26.3711,-0,0,-0,0.330472,-0.0506214,0.129932,0.079767,0.440147
26.4512,-0,0,-0.00153398,0.330472,-0.0506214,0.129932,0.079767,0.440147
26.5312,-0,0,-0,0.330472,-0.0506214,0.129932,0.079767,0.44796
26.6111,-0,0,-0.00153398,0.330472,-0.0506214,0.129932,0.079767,0.469374
26.6911,-0,0,-0.00153398,0.330472,-0.0506214,0.129932,0.079767,0.479503
26.7711,-0,0,-0.00153398,0.331919,-0.0506214,0.129932,0.079767,0.48992
26.851,-0,0,-0.00153398,0.336549,-0.0506214,0.129932,0.079767,0.482107
26.9311,-0,0,-0.00153398,0.336838,-0.0506214,0.129932,0.0720971,0.487895
27.0111,-0,0,-0.00153398,0.336838,-0.0506214,0.129932,0.079767,0.480371
27.0911,-0,0,-0.00153398,0.336838,-0.0506214,0.129932,0.079767,0.480081
27.1713,-0,0,-0.00153398,0.336838,-0.0506214,0.129932,0.079767,0.469953
27.2511,-0,0,-0.00153398,0.336838,-0.0506214,0.129932,0.079767,0.468217
27.331,-0,0,-0.00153398,0.336838,-0.0506214,0.129932,0.079767,0.469953
27.411,-0,0,-0.00153398,0.336838,-0.0506214,0.129932,0.079767,0.469953
27.491,-0,0,-0.00153398,0.336838,-0.0506214,0.129932,0.079767,0.469953
27.571,-0,0,-0.00153398,0.336838,-0.0506214,0.129932,0.079767,0.444488
27.651,-0,0,-0.00153398,0.336838,-0.0506214,0.122118,0.079767,0.449986
27.7309,-0,0,-0.00153398,0.336838,-0.0506214,0.120093,0.079767,0.449986
27.8111,-0,0,-0.00153398,0.336838,-0.0506214,0.120093,0.079767,0.449986
27.8911,-0,0,-0.00153398,0.336838,-0.0506214,0.120093,0.079767,0.448539
27.9711,-0,0,-0.00153398,0.336838,-0.0506214,0.129642,0.079767,0.440436
28.051,-0,0,-0.00153398,0.336838,-0.0506214,0.129932,0.079767,0.449986
28.131,-0,0,-0.00153398,0.336838,-0.0506214,0.122118,0.079767,0.449986
28.2111,-0,0,-0.00153398,0.336838,-0.0506214,0.12154,0.079767,0.449986
28.291,-0,0,-0.00153398,0.336838,-0.0506214,0.129932,0.079767,0.449986
28.3712,-0,0,-0.00153398,0.336838,-0.0506214,0.122118,0.079767,0.449986
28.4509,-0,0,-0.00153398,0.336838,-0.0506214,0.120382,0.079767,0.449986
28.531,-0,0,-0.00153398,0.336838,-0.0506214,0.120382,0.079767,0.432334
28.611,-0,0,-0.00153398,0.336838,-0.0506214,0.127906,0.079767,0.439858
28.691,-0,0,-0.00153398,0.336838,-0.0506214,0.120382,0.079767,0.439858
28.7709,-0,0,-0.00153398,0.336838,-0.0506214,0.120093,0.079767,0.449697
28.8511,-0,0,-0.00153398,0.336838,-0.0506214,0.120093,0.079767,0.440147
28.931,-0,0,-0.00153398,0.336838,-0.0506214,0.12154,0.079767,0.440147
29.011,-0,0,-0.00153398,0.336838,-0.0490874,0.128195,0.079767,0.432044
29.0909,-0,0,-0.00153398,0.336838,-0.0506214,0.122118,0.079767,0.430019
29.1709,-0,0,-0.00153398,0.336838,-0.0506214,0.120093,0.079767,0.430019
29.2512,-0,0,-0.00153398,0.336838,-0.0506214,0.120093,0.079767,0.430019
29.331,-0,0,-0.00153398,0.336838,-0.0506214,0.120093,0.079767,0.430019
29.411,-0,0,-0.00153398,0.336838,-0.0506214,0.120093,0.0720971,0.429729
29.4908,-0,0,-0.00153398,0.336838,-0.0506214,0.120093,0.0720971,0.429729
29.5709,-0,0,-0.00153398,0.336838,-0.0506214,0.127906,0.079767,0.430019
29.6509,-0,0,-0.00153398,0.336838,-0.0506214,0.129932,0.079767,0.429729
29.7309,-0,0,-0.00153398,0.336838,-0.0506214,0.128485,0.079767,0.430019
29.8109,-0,0,-0.00153398,0.336838,-0.0506214,0.12154,0.079767,0.430019
29.8909,-0,0,-0.00153398,0.336838,-0.0506214,0.120382,0.079767,0.429729
29.9708,-0,0,-0.00153398,0.336838,-0.0506214,0.120093,0.079767,0.421916
30.0508,-0,0,-0.00153398,0.336838,-0.0506214,0.120093,0.079767,0.421627
30.1308,-0,0,-0.00153398,0.336838,-0.0506214,0.120382,0.079767,0.430019
30.2108,-0,0,-0.00153398,0.336838,-0.0506214,0.120093,0.079767,0.430019
30.2908,-0,0,-0.00153398,0.336838,-0.0506214,0.12154,0.079767,0.42018
30.3708,-0,0,-0.00153398,0.336838,-0.0506214,0.129642,0.079767,0.380824
30.4508,-0,0,-0.00153398,0.336838,-0.0506214,0.129642,0.079767,0.346388
30.5308,-0,0,-0.00153398,0.336838,-0.0506214,0.129932,0.079767,0.313109
30.6107,-0,0,-0.00153398,0.336838,-0.0506214,0.120382,0.079767,0.245105
30.6907,-0,0,-0.00153398,0.336838,-0.0506214,0.129932,0.079767,0.114884
30.7708,-0,0,-0.00153398,0.334523,-0.0506214,0.120382,0.079767,0.03733
30.8508,-0,0,-0.00153398,0.31282,-0.0506214,0.120093,0.079767,0.00086814
30.9307,-0,0,-0.00153398,0.258416,-0.0506214,0.120093,0.079767,0
31.0109,-0,0,-0.00153398,0.184046,-0.0506214,0.120093,0.079767,0
31.0908,-0,0,-0.00153398,0.102441,-0.0506214,0.109964,0.079767,0
31.1708,-0,0,-0.00153398,0.0361725,-0.0506214,0.119803,0.079767,0
31.2508,-0,0,-0.00153398,0.00260442,-0.0506214,0.120093,0.079767,0
31.3308,-0,0,-0.00153398,0,-0.0506214,0.120093,0.079767,0
31.4107,-0,0,-0.00153398,0,-0.0506214,0.120093,0.079767,0
31.4907,-0,0,-0.00153398,0,-0.0506214,0.120093,0.079767,0
31.5707,-0,0,-0.00153398,0,-0.0506214,0.120093,0.079767,0
31.6507,-0,0,-0.00153398,0,-0.0506214,0.120093,0.078233,0
31.7307,-0,0,-0.00153398,0,-0.0506214,0.120093,0.079767,0
31.8108,-0,0,-0.00153398,0,-0.0506214,0.120093,0.079767,0
31.8908,-0,0,-0.00153398,0,-0.0506214,0.120093,0.079767,0
31.9708,-0,0,-0.00153398,0,-0.0506214,0.120093,0.079767,0
32.0507,-0,0,-0.00153398,0,-0.0506214,0.120093,0.079767,0
32.1307,-0,0,-0.00153398,0,-0.0506214,0.110543,0.081301,0
32.2106,-0,0,-0.00153398,0,-0.0506214,0.109964,0.079767,0
32.2907,-0,0,-0.00153398,0,-0.0506214,0.109964,0.079767,0
32.3707,-0,0,-0.00153398,0,-0.0506214,0.109964,0.079767,0
32.4507,-0,0,-0.00153398,0,-0.0506214,0.109964,0.079767,0
32.5307,-0,0,-0.00153398,0,-0.0506214,0.109964,0.079767,0
32.6107,-0,0,-0.00153398,0,-0.0506214,0.119803,0.079767,0
32.6907,-0,0,-0.00153398,0,-0.0506214,0.120093,0.079767,0
32.7707,-0,0,-0.00153398,0,-0.0506214,0.120093,0.079767,0
32.8507,-0,0,-0.00153398,0,-0.0506214,0.120093,0.079767,0
32.9306,-0,0,-0.00153398,0,-0.0506214,0.120093,0.079767,0
33.0106,-0,0,-0.00153398,0,-0.0506214,0.127906,0.079767,0.0549822
33.0906,-0,0,-0.00153398,0,-0.0506214,0.120093,0.079767,0.0873928
33.1706,-0,0,-0.00153398,0,-0.0506214,0.120093,0.079767,0.125012
33.2508,-0,0,-0.00153398,0.00376194,-0.0506214,0.120093,0.079767,0.184914
33.3308,-0,0,-0.00153398,0.0260442,-0.0506214,0.120093,0.079767,0.2289
33.4107,-0,0,-0.00153398,0.0729238,-0.0506214,0.120093,0.079767,0.259574
33.4907,-0,0,-0.00153398,0.140639,-0.0506214,0.120093,0.079767,0.285618
33.5707,-0,0,-0.00153398,0.208064,-0.0506214,0.129932,0.079767,0.326999
33.6506,-0,0,-0.00153398,0.258995,-0.0506214,0.129932,0.079767,0.337996
33.7306,-0,0,-0.00153398,0.284461,-0.0506214,0.129932,0.079767,0.348124
33.8106,-0,0,-0.00153398,0.287644,-0.0506214,0.129932,0.079767,0.359989
33.8906,-0,0,-0.00153398,0.287644,-0.0506214,0.129932,0.079767,0.359989
33.9705,-0,0,-0.00153398,0.287644,-0.0506214,0.129932,0.079767,0.359989
34.0506,-0,0,-0.00153398,0.287644,-0.0506214,0.129932,0.079767,0.369828
34.1306,-0,0,-0.00153398,0.287644,-0.0506214,0.129932,0.081301,0.37793
34.2106,-0,0,-0.00153398,0.287644,-0.0506214,0.129932,0.079767,0.379956
34.2906,-0,0,-0.00153398,0.287933,-0.0506214,0.129932,0.079767,0.379956
34.3706,-0,0,-0.00153398,0.288801,-0.0506214,0.129932,0.079767,0.379956
34.4506,-0,0,-0.00153398,0.288801,-0.0506214,0.129932,0.079767,0.379956
34.5306,-0,0,-0.00153398,0.288801,-0.0490874,0.129932,0.079767,0.379956
34.6106,-0,0,-0.00153398,0.288801,-0.0506214,0.129932,0.079767,0.389795
34.6908,-0,0,-0.00153398,0.289091,-0.0506214,0.129932,0.079767,0.390084
34.7706,-0,0,-0.00153398,0.289669,-0.0506214,0.129932,0.079767,0.397898
34.8505,-0,0,-0.00153398,0.291984,-0.0506214,0.129932,0.079767,0.399923
34.9305,-0,0,-0.00153398,0.292853,-0.0506214,0.129932,0.079767,0.399923
35.0106,-0,0,-0.00153398,0.293142,-0.0506214,0.129932,0.079767,0.399923
35.0906,-0,0,-0.00153398,0.293142,-0.0506214,0.129932,0.079767,0.399923
35.1705,-0,0,-0.00153398,0.293431,-0.0506214,0.129932,0.079767,0.399923
35.2507,-0,0,-0.00153398,0.293431,-0.0506214,0.129932,0.079767,0.399923
35.3305,-0,0,-0.00153398,0.293431,-0.0490874,0.129932,0.079767,0.409473
35.4105,-0,0,-0.00153398,0.293431,-0.0506214,0.129932,0.079767,0.437543
35.4905,-0,0,-0.00153398,0.29401,-0.0506214,0.129932,0.079767,0.44796
35.5705,-0,0,-0.00153398,0.299508,-0.0506214,0.129932,0.0705631,0.44796
35.6504,-0,0,-0.00153398,0.31282,-0.0506214,0.129932,0.0705631,0.449986
35.7305,-0,0,-0.00153398,0.33134,-0.0506214,0.129932,0.0705631,0.477766
35.8104,-0,0,-0.00153398,0.339443,-0.0506214,0.129932,0.0705631,0.507862
35.8904,-0,0,-0.00153398,0.339443,-0.0506214,0.129932,0.0705631,0.509888
35.9704,-0,0,-0.00153398,0.339443,-0.0506214,0.129932,0.0705631,0.51799
36.0504,-0,0,-0.00153398,0.339443,-0.0506214,0.129932,0.0705631,0.51828
36.1303,-0,0,-0.00153398,0.339443,-0.0506214,0.129932,0.0705631,0.519726
36.2103,-0,0,-0.00153398,0.339443,-0.0506214,0.129932,0.0705631,0.520016
36.2904,-0,0,-0.00153398,0.339443,-0.0506214,0.129932,0.0705631,0.528118
36.3705,-0,0,-0.00153398,0.339443,-0.0506214,0.129932,0.0705631,0.529565
36.4504,-0,0,-0.00153398,0.339443,-0.0506214,0.129932,0.0613592,0.537957
36.5305,-0,0,-0.00153398,0.339443,-0.0506214,0.129932,0.0598252,0.53188
36.6103,-0,0,-0.00153398,0.339443,-0.0506214,0.129932,0.0674952,0.513939
36.6906,-0,0,-0.00153398,0.339443,-0.0582913,0.129932,0.0705631,0.510466
36.7704,-0,0,-0.00153398,0.339443,-0.0598252,0.129932,0.0705631,0.490499
36.8504,-0,0,-0.00153398,0.339443,-0.0598252,0.129932,0.0705631,0.48992
36.9304,-0,0,-0.00153398,0.339443,-0.0598252,0.129932,0.0705631,0.489631
37.0104,-0,0,-0.00153398,0.339443,-0.0598252,0.129932,0.0705631,0.480081
37.0904,-0,0,-0.00153398,0.339443,-0.0598252,0.14006,0.0705631,0.480081
37.1704,-0,0,-0.00153398,0.339443,-0.0598252,0.138034,0.0705631,0.480081
37.2504,-0,0,-0.00153398,0.339443,-0.0598252,0.138034,0.0705631,0.480081
37.3303,-0,0,-0.00153398,0.339443,-0.0598252,0.14006,0.0705631,0.471979
37.4103,-0,0,-0.00153398,0.339443,-0.0598252,0.14006,0.0705631,0.470243
37.4903,-0,0,-0.00153398,0.339443,-0.0598252,0.13051,0.0705631,0.470243
37.5704,-0,0,-0.00153398,0.339443,-0.0598252,0.138324,0.0613592,0.471979
37.6504,-0,0,-0.00153398,0.339443,-0.0598252,0.14006,0.0705631,0.478345
37.7303,-0,0,-0.00153398,0.339443,-0.0598252,0.14006,0.0705631,0.478056
37.8102,-0,0,-0.00153398,0.339443,-0.0598252,0.14006,0.0705631,0.479792
37.8903,-0,0,-0.00153398,0.339443,-0.0598252,0.14006,0.0705631,0.469953
37.9703,-0,0,-0.00153398,0.339443,-0.0598252,0.131957,0.0705631,0.478056
38.0502,-0,0,-0.00153398,0.339443,-0.0598252,0.131957,0.0705631,0.470532
38.1303,-0,0,-0.00153398,0.339443,-0.0598252,0.139481,0.0705631,0.469953
38.2102,-0,0,-0.00153398,0.339443,-0.0598252,0.13051,0.0705631,0.478345
38.2902,-0,0,-0.00153398,0.339443,-0.0598252,0.129932,0.0705631,0.480081
38.3702,-0,0,-0.00153398,0.339443,-0.0598252,0.129932,0.0613592,0.470532
38.4503,-0,0,-0.00153398,0.339443,-0.0582913,0.129932,0.0705631,0.479792
38.5302,-0,0,-0.00153398,0.339443,-0.0598252,0.129932,0.0705631,0.480081
38.6102,-0,0,-0.00153398,0.339443,-0.0598252,0.129932,0.0705631,0.469953
38.6902,-0,0,-0.00153398,0.339443,-0.0598252,0.129932,0.0690291,0.478056
38.7703,-0,0,-0.00153398,0.339443,-0.0598252,0.129932,0.0705631,0.471689
38.8503,-0,0,-0.00153398,0.339443,-0.0598252,0.129932,0.0705631,0.469953
38.9302,-0,0,-0.00153398,0.339443,-0.0598252,0.129932,0.0705631,0.469953
39.0102,-0,0,-0.00153398,0.339443,-0.0598252,0.129932,0.0705631,0.478056
39.0903,-0,0,-0.00153398,0.339443,-0.0598252,0.129932,0.0705631,0.470532
39.1702,-0,0,-0.00153398,0.339443,-0.0598252,0.129932,0.0705631,0.478056
39.2502,-0,0,-0.00153398,0.339443,-0.0598252,0.129932,0.0705631,0.469953
39.3301,-0,0,-0.00153398,0.339443,-0.0598252,0.129932,0.0690291,0.469953
39.4101,-0,0,-0.00153398,0.339443,-0.0598252,0.129932,0.0705631,0.460114
39.4901,-0,0,-0.00153398,0.339443,-0.0598252,0.129932,0.0705631,0.406868
39.5701,-0,0,-0.00153398,0.339443,-0.0598252,0.129932,0.0705631,0.338575
39.6503,-0,0,-0.00153398,0.339443,-0.0598252,0.129932,0.0705631,0.2616
39.7302,-0,0,-0.00153398,0.339443,-0.0598252,0.131957,0.0705631,0.0367513
39.8102,-0,0,-0.00153398,0.338575,-0.0521553,0.129932,0.0598252,0.00028938
39.8902,-0,0,-0.00153398,0.318029,-0.0506214,0.129932,0.0598252,0
39.97,-0,0,-0.00153398,0.260153,-0.0506214,0.129932,0.0674952,0
40.0501,-0,0,-0.00153398,0.183467,-0.0506214,0.129932,0.0705631,0
40.1303,-0,0,-0.00153398,0.0998361,-0.0506214,0.129932,0.0705631,0
40.2102,-0,0,-0.00153398,0.0347256,-0.0506214,0.129932,0.0690291,0
40.2901,-0,0,-0.00153398,0.00376194,-0.0506214,0.129932,0.0705631,0
40.3701,-0,0,-0.00153398,0,-0.0506214,0.129932,0.0705631,0
40.4501,-0,0,-0.00153398,0.00086814,-0.0506214,0.129932,0.0690291,0
40.53,-0,0,-0.00153398,0.00086814,-0.0506214,0.129932,0.0705631,0
40.61,-0,0,-0.00153398,0.00086814,-0.0506214,0.129932,0.0705631,0
40.6901,-0,0,-0.00153398,0.00086814,-0.0490874,0.129932,0.0705631,0
40.7701,-0,0,-0.00153398,0.00086814,-0.0506214,0.129932,0.0705631,0
40.85,-0,0,-0.00153398,0.00086814,-0.0506214,0.129932,0.0705631,0
40.9302,-0,0,-0.00153398,0.00086814,-0.0506214,0.129932,0.0705631,0
41.0101,-0,0,-0.00153398,0.00086814,-0.0506214,0.129932,0.0705631,0
41.0901,-0,0,-0.00153398,0.00086814,-0.0506214,0.129932,0.0705631,0
41.1701,-0,0,-0.00153398,0.00086814,-0.0506214,0.129932,0.0705631,0
41.2501,-0,0,-0.00153398,0.00086814,-0.0506214,0.129932,0.0705631,0
41.3301,-0,0,-0.00153398,0.00086814,-0.0506214,0.129932,0.0705631,0
41.41,-0,0,-0.00153398,0.00086814,-0.0506214,0.129932,0.0705631,0
41.49,-0,0,-0.00153398,0.00086814,-0.0506214,0.129932,0.0705631,0
41.57,-0,0,-0.00153398,0.00086814,-0.0506214,0.129932,0.0705631,0
41.65,-0,0,-0.00153398,0.00086814,-0.0506214,0.129932,0.0705631,0
41.73,-0,0,-0.00153398,0.00086814,-0.0506214,0.129932,0.0705631,0
41.8102,-0,0,-0.00153398,0.00086814,-0.0506214,0.129932,0.0705631,0.0463008
41.89,-0,0,-0.00153398,0.00086814,-0.0506214,0.129932,0.0705631,0.120671
41.97,-0,0,-0.00153398,0.00086814,-0.0521553,0.129932,0.0705631,0.194753
42.05,-0,0,-0.00153398,0.0109964,-0.0506214,0.129932,0.0705631,0.254944
42.13,-0,0,-0.00153398,0.0506415,-0.0506214,0.129932,0.0705631,0.322948
42.2099,-0,0,-0.00153398,0.121829,-0.0506214,0.129932,0.0705631,0.357674
42.29,-0,0,-0.00153398,0.208643,-0.0506214,0.129932,0.0705631,0.377641
42.37,-0,0,-0.00153398,0.295746,-0.0506214,0.122118,0.0705631,0.389505
42.45,-0,0,-0.00153398,0.348414,-0.0506214,0.120093,0.0705631,0.417575
42.5299,-0,0,-0.00153398,0.34523,-0.0506214,0.129932,0.0705631,0.445935
42.61,-0,0,-0.00153398,0.344941,-0.0506214,0.128195,0.0705631,0.477477
42.6899,-0,0,-0.00153398,0.344941,-0.0506214,0.128195,0.0690291,0.487895
42.7698,-0,0,-0.00153398,0.344941,-0.0506214,0.120382,0.0705631,0.507573
42.8499,-0,0,-0.00153398,0.344941,-0.0506214,0.120093,0.0705631,0.519726
42.9298,-0,0,-0.00153398,0.344941,-0.0506214,0.120093,0.0705631,0.520016
43.0099,-0,0,-0.00153398,0.344941,-0.0506214,0.120093,0.0705631,0.520016
43.0899,-0,0,-0.00153398,0.344941,-0.0506214,0.129642,0.0705631,0.520016
43.1699,-0,0,-0.00153398,0.344941,-0.0506214,0.129932,0.0705631,0.520016
43.2498,-0,0,-0.00153398,0.344941,-0.0582913,0.129932,0.0705631,0.510177
43.3299,-0,0,-0.00153398,0.344941,-0.0521553,0.129932,0.0705631,0.511624
43.4098,-0,0,-0.00153398,0.344941,-0.0598252,0.129932,0.0705631,0.500049
43.4898,-0,0,-0.00153398,0.344941,-0.0598252,0.129932,0.0690291,0.49021
43.5698,-0,0,-0.00153398,0.344941,-0.0598252,0.129932,0.0705631,0.48992
43.6498,-0,0,-0.00153398,0.344941,-0.0598252,0.129932,0.0705631,0.480371
43.7299,-0,0,-0.00153398,0.344941,-0.0598252,0.129932,0.078233,0.478345
43.8099,-0,0,-0.00153398,0.344941,-0.0598252,0.129932,0.0720971,0.478345
43.8898,-0,0,-0.00153398,0.344941,-0.0598252,0.129932,0.0613592,0.469953
43.9698,-0,0,-0.00153398,0.344941,-0.0598252,0.129932,0.078233,0.469953
44.0498,-0,0,-0.00153398,0.344941,-0.0598252,0.129932,0.0705631,0.469953
44.1298,-0,0,-0.00153398,0.344941,-0.0598252,0.129932,0.0705631,0.469953
44.2098,-0,0,-0.00153398,0.344941,-0.0598252,0.129932,0.0705631,0.469953
44.2899,-0,0,-0.00153398,0.344941,-0.0598252,0.129932,0.0705631,0.469953
44.3698,-0,0,-0.00153398,0.344941,-0.0598252,0.129932,0.0705631,0.469953
44.4498,-0,0,-0.00153398,0.344941,-0.0598252,0.129932,0.0705631,0.469953
44.5298,-0,0,-0.00153398,0.344941,-0.0598252,0.129932,0.0705631,0.469953
44.6097,-0,0,-0.00153398,0.344941,-0.0598252,0.129932,0.078233,0.469953
44.6897,-0,0,-0.00153398,0.344941,-0.0598252,0.129932,0.0705631,0.469953
44.7697,-0,0,-0.00153398,0.344941,-0.0598252,0.129932,0.0705631,0.460114
44.85,-0,0,-0.00153398,0.344941,-0.0598252,0.129932,0.078233,0.460114
44.9299,-0,0,-0.00153398,0.344941,-0.0598252,0.129932,0.0705631,0.460114
45.0099,-0,0,-0.00153398,0.344941,-0.0598252,0.129932,0.0705631,0.461561
45.0898,-0,0,-0.00153398,0.344941,-0.0598252,0.129932,0.0705631,0.469953
45.1697,-0,0,-0.00153398,0.344941,-0.0598252,0.129932,0.0705631,0.46214
45.2497,-0,0,-0.00153398,0.344941,-0.0598252,0.129932,0.0705631,0.469953
45.3297,-0,0,-0.00153398,0.344941,-0.0598252,0.129932,0.0690291,0.468217
45.4098,-0,0,-0.00153398,0.344941,-0.0598252,0.129932,0.0705631,0.434649
45.4898,-0,0,-0.00153398,0.344941,-0.0598252,0.129932,0.0705631,0.391821
45.5697,-0,0,-0.00153398,0.344941,-0.0674952,0.129932,0.0690291,0.370406
45.6497,-0,0,-0.00153398,0.344941,-0.0705631,0.129932,0.0705631,0.342626
45.7297,-0,0,-0.00153398,0.344652,-0.0598252,0.129932,0.0705631,0.240185
45.8099,-0,0,-0.00153398,0.344941,-0.0598252,0.129932,0.0690291,0.0599017
45.8897,-0,0,-0.00153398,0.339153,-0.0598252,0.129932,0.0705631,0.0014469
45.9697,-0,0,-0.00153398,0.309637,-0.0598252,0.129932,0.0705631,0
46.0497,-0,0,-0.00153398,0.24742,-0.0598252,0.129932,0.0705631,0
46.1297,-0,0,-0.00153398,0.16813,-0.0598252,0.129932,0.0705631,0
46.2098,-0,0,-0.00153398,0.086814,-0.0598252,0.129932,0.0705631,0
46.2898,-0,0,-0.00153398,0.0272017,-0.0598252,0.129932,0.0705631,0
46.3698,-0,0,-0.00153398,0.00057876,-0.0598252,0.129932,0.0705631,0
46.4498,-0,0,-0.00153398,0,-0.0598252,0.129932,0.0705631,0
46.5298,-0,0,-0.00153398,0.00057876,-0.0598252,0.129932,0.0705631,0
46.6097,-0,0,-0.00153398,0.00057876,-0.0598252,0.129932,0.0705631,0
46.6896,-0,0,-0.00153398,0.00057876,-0.0598252,0.129932,0.0705631,0
46.7696,-0,0,-0.00153398,0.00057876,-0.0598252,0.129932,0.0705631,0
46.8496,-0,0,-0.00153398,0.00057876,-0.0598252,0.129932,0.0613592,0
46.9297,-0,0,-0.00153398,0.00057876,-0.0598252,0.129932,0.0674952,0
47.0097,-0,0,-0.00153398,0.00057876,-0.0598252,0.128195,0.0598252,0
47.0897,-0,0,-0.00153398,0.00057876,-0.0521553,0.129932,0.0598252,0
47.1696,-0,0,-0.00153398,0.00057876,-0.0506214,0.120093,0.0598252,0
47.2497,-0,0,-0.00153398,0.00057876,-0.0506214,0.120093,0.0598252,0
47.3296,-0,0,-0.00153398,0.00057876,-0.0490874,0.120093,0.0598252,0
47.4095,-0,0,-0.00153398,0.00057876,-0.0506214,0.109964,0.0598252,0
47.4896,-0,0,-0.00153398,0.00057876,-0.0506214,0.108517,0.0598252,0
47.5696,-0,0,-0.00153398,0.00057876,-0.0506214,0.109964,0.0598252,0
47.6496,-0,0,-0.00153398,0.00057876,-0.0506214,0.109964,0.0598252,0
47.7295,-0,0,-0.00153398,0.00057876,-0.0506214,0.109964,0.0598252,0
47.8095,-0,0,-0.00153398,0.00057876,-0.0506214,0.109964,0.0598252,0
47.8896,-0,0,-0.00153398,0.00057876,-0.0506214,0.109964,0.0598252,0
47.9697,-0,0,-0.00153398,0.00057876,-0.0490874,0.109964,0.0598252,0
48.0496,-0,0,-0.00153398,0.00057876,-0.0506214,0.101862,0.0598252,0
48.1297,-0,0,-0.00153398,0.00057876,-0.0506214,0.100125,0.0598252,0
48.2094,-0,0,-0.00153398,0.00057876,-0.0506214,0.109675,0.0598252,0
48.2897,-0,0,-0.00153398,0.00057876,-0.0506214,0.109964,0.0598252,0
48.3696,-0,0,-0.00153398,0.00057876,-0.0506214,0.109964,0.0598252,0
48.4496,-0,0,-0.00153398,0.00057876,-0.0506214,0.109964,0.0598252,0
48.5295,-0,0,-0.00153398,0.00057876,-0.0506214,0.109964,0.0598252,0
48.6096,-0,0,-0.00153398,0.00057876,-0.0521553,0.109964,0.0598252,0
48.6895,-0,0,-0.00153398,0.00057876,-0.0506214,0.109675,0.0598252,0
48.7693,-0,0,-0.00153398,0.00057876,-0.0506214,0.109964,0.0598252,0
48.8494,-0,0,-0.00153398,0.00057876,-0.0506214,0.109964,0.0598252,0
