t,paa0,pfe0,paa1,pfe1,daa0,dfe0,daa1,dfe1
1797.44,-0,0,-0,0,-0,0,-0,0
1797.52,-0,0,-0,0,0.230097,0.0798689,-0.0398835,0.0899972
1797.6,-0,0,-0,0,0.230097,0.0798689,-0.0398835,0.0899972
1797.68,-0,0,-0,0.00491946,0.230097,0.0798689,-0.0398835,0.0899972
1797.76,-0,0,-0,0.0211247,0.230097,0.0798689,-0.0398835,0.0902866
1797.84,-0,0,-0,0.0413813,0.230097,0.0798689,-0.0398835,0.0899972
1797.92,-0,0,-0,0.0541141,0.230097,0.0798689,-0.0398835,0.0899972
1798,-0,0,-0,0.0570079,0.230097,0.0798689,-0.0398835,0.0899972
1798.08,-0,0,-0,0.0572972,0.230097,0.0798689,-0.0398835,0.0899972
1798.16,-0,0,-0,0.0572972,0.230097,0.0798689,-0.0398835,0.0899972
1798.24,-0,0,-0,0.0570079,0.230097,0.0798689,-0.0398835,0.0899972
1798.32,-0,0,-0,0.0572972,0.230097,0.0798689,-0.0398835,0.0899972
1798.4,-0,0,-0,0.0572972,0.230097,0.0798689,-0.0398835,0.0899972
1798.48,-0,0,-0,0.0572972,0.230097,0.0798689,-0.0398835,0.0899972
1798.56,-0,0,-0,0.0572972,0.230097,0.0798689,-0.0398835,0.0899972
1798.64,-0,0,-0,0.0572972,0.230097,0.0798689,-0.0398835,0.0899972
1798.72,-0,0,-0,0.0570079,0.230097,0.0798689,-0.0398835,0.0980998
1798.8,-0,0,-0,0.0572972,0.230097,0.0798689,-0.0398835,0.0917335
1798.88,-0,0,-0,0.0572972,0.230097,0.0798689,-0.0398835,0.0899972
1798.96,-0,0,-0,0.0572972,0.230097,0.0798689,-0.0398835,0.0899972
1799.04,-0,0,-0,0.0570079,0.230097,0.0798689,-0.0398835,0.0899972
1799.12,-0,0,-0,0.0572972,0.230097,0.0798689,-0.0398835,0.0980998
1799.2,-0,0,-0,0.0572972,0.230097,0.0798689,-0.0398835,0.0899972
1799.28,-0,0,-0,0.0570079,0.230097,0.0798689,-0.0398835,0.100125
1799.36,-0,0,-0,0.0570079,0.230097,0.0798689,-0.0398835,0.100125
1799.44,-0,0,-0,0.0570079,0.230097,0.0879715,-0.0398835,0.100125
1799.52,-0,0,-0,0.0572972,0.230097,0.0897078,-0.0398835,0.100125
1799.6,-0,0,-0,0.0572972,0.230097,0.0899972,-0.0398835,0.109964
1799.68,-0,0,-0,0.0572972,0.230097,0.0899972,-0.0398835,0.109964
1799.76,-0,0,-0,0.0572972,0.230097,0.0998361,-0.0398835,0.137745
1799.84,-0,0,-0,0.0572972,0.230097,0.100125,-0.0398835,0.177679
1799.92,-0,0,-0,0.060191,0.230097,0.100125,-0.0398835,0.217035
1800,-0,0,-0,0.078422,0.230097,0.109675,-0.0398835,0.24742
1800.08,-0,0,-0,0.115752,0.230097,0.109964,-0.0398835,0.267966
1800.16,-0,0,-0,0.16813,0.230097,0.119514,-0.0398835,0.299219
1800.24,-0,0,-0,0.218482,0.230097,0.120093,-0.0398835,0.327578
1800.32,-0,0,-0,0.248867,0.230097,0.120093,-0.0398835,0.357384
1800.4,-0,0,-0,0.254944,0.230097,0.129932,-0.0398835,0.369538
1800.48,-0,0,-0,0.255233,0.230097,0.129932,-0.0398835,0.397608
1800.56,-0,0,-0,0.26131,0.230097,0.131668,-0.0398835,0.437543
1800.64,-0,0,-0,0.281277,0.230097,0.14006,-0.0398835,0.467638
1800.72,-0,0,-0,0.311083,0.230097,0.14006,-0.0398835,0.487605
1800.8,-0,0,-0,0.317739,0.230097,0.149609,-0.0398835,0.509309
1800.88,-0,0,-0,0.317739,0.230097,0.149899,-0.0398835,0.544034
1800.96,-0,0,-0,0.317739,0.230097,0.158001,-0.0398835,0.549822
1801.04,-0,0,-0,0.31745,0.230097,0.160027,-0.0398835,0.55995
1801.12,-0,0,-0,0.31745,0.230097,0.160027,-0.0398835,0.587152
1801.2,-0,0,-0,0.317739,0.230097,0.160027,-0.0398835,0.633453
1801.28,-0,0,-0,0.317739,0.230097,0.160027,-0.0398835,0.699142
1801.36,-0,0,-0,0.31745,0.230097,0.160027,-0.0398835,0.690171
1801.44,-0,0,-0,0.31745,0.230097,0.160317,-0.0398835,0.689882
1801.52,-0,0,-0,0.317739,0.230097,0.16813,-0.0398835,0.689882
1801.6,-0,0,-0,0.31745,0.230097,0.169866,-0.0398835,0.689882
1801.68,-0,0,-0,0.31745,0.230097,0.169866,-0.0398835,0.689882
1801.76,-0,0,-0,0.317739,0.230097,0.169866,-0.0398835,0.680043
1801.84,-0,0,-0,0.317739,0.230097,0.169866,-0.0398835,0.660365
1801.92,-0,0,-0,0.31745,0.230097,0.169866,-0.0398835,0.621299
1802,-0,0,-0,0.317739,0.230097,0.169866,-0.0398835,0.500338
1802.08,-0,0,-0,0.317739,0.230097,0.160027,-0.0398835,0.40137
1802.16,-0,0,-0,0.317739,0.230097,0.160027,-0.0475534,0.325263
1802.24,-0,0,-0,0.317739,0.230097,0.160027,-0.0398835,0.263046
1802.32,-0,0,-0,0.31716,0.230097,0.158001,-0.0398835,0.212984
1802.4,-0,0,-0,0.31716,0.230097,0.150478,-0.0398835,0.190412
1802.48,-0,0,-0,0.310505,0.230097,0.158001,-0.0398835,0.180284
1802.56,-0,0,-0,0.288512,0.230097,0.151925,-0.0398835,0.179994
1802.64,-0,0,-0,0.256969,0.230097,0.149899,-0.0398835,0.179994
1802.72,-0,0,-0,0.23353,0.230097,0.149899,-0.0398835,0.179994
1802.8,-0,0,-0,0.230925,0.230097,0.149899,-0.0475534,0.179994
1802.88,-0,0,-0,0.230925,0.230097,0.149899,-0.0398835,0.199383
1802.96,-0,0,-0,0.230925,0.230097,0.149899,-0.0398835,0.199962
1803.04,-0,0,-0,0.230925,0.230097,0.149899,-0.0398835,0.209511
1803.12,-0,0,-0,0.230925,0.230097,0.160027,-0.0398835,0.219929
1803.2,-0,0,-0,0.230925,0.230097,0.159738,-0.0398835,0.219929
1803.28,-0,0,-0,0.230925,0.230097,0.160027,-0.0398835,0.253786
1803.36,-0,0,-0,0.230925,0.230097,0.160027,-0.0398835,0.259863
1803.44,-0,0,-0,0.230925,0.230097,0.160027,-0.0398835,0.259863
1803.52,-0,0,-0,0.230925,0.230097,0.160027,-0.0398835,0.259863
1803.6,-0,0,-0,0.230925,0.230097,0.160027,-0.0398835,0.259863
1803.68,-0,0,-0,0.230925,0.230097,0.160027,-0.0398835,0.250314
1803.76,-0,0,-0,0.230925,0.230097,0.160027,-0.0398835,0.232372
1803.84,-0,0,-0,0.230925,0.230097,0.160027,-0.0398835,0.214141
1803.92,-0,0,-0,0.230925,0.230097,0.160027,-0.0383495,0.174496
1804,-0,0,-0,0.230925,0.230097,0.160027,-0.0398835,0.162053
1804.08,-0,0,-0,0.230925,0.230097,0.160027,-0.0398835,0.151925
1804.16,-0,0,-0,0.230925,0.230097,0.160027,-0.0398835,0.149899
1804.24,-0,0,-0,0.230925,0.230097,0.160027,-0.0398835,0.149899
1804.32,-0,0,-0,0.230925,0.230097,0.160027,-0.0398835,0.149899
1804.4,-0,0,-0,0.230925,0.230097,0.160027,-0.0398835,0.160027
1804.48,-0,0,-0,0.230925,0.230097,0.160027,-0.0398835,0.169866
1804.56,-0,0,-0,0.230925,0.230097,0.160027,-0.0398835,0.197068
1804.64,-0,0,-0,0.230925,0.230097,0.160027,-0.0398835,0.245105
1804.72,-0,0,-0,0.230925,0.230097,0.160027,-0.0398835,0.285618
1804.8,-0,0,-0,0.230925,0.230097,0.160027,-0.0398835,0.327289
1804.88,-0,0,-0,0.230925,0.230097,0.160027,-0.0398835,0.357384
1804.96,-0,0,-0,0.237292,0.230097,0.160027,-0.0383495,0.395582
1805.04,-0,0,-0,0.26131,0.230097,0.160027,-0.0398835,0.437543
1805.12,-0,0,-0,0.300666,0.230097,0.160027,-0.0398835,0.469085
1805.2,-0,0,-0,0.319476,0.230097,0.160027,-0.0398835,0.479503
1805.28,-0,0,-0,0.319476,0.230097,0.161474,-0.0398835,0.480081
1805.36,-0,0,-0,0.319476,0.230097,0.169577,-0.0398835,0.48992
1805.44,-0,0,-0,0.319476,0.230097,0.169866,-0.0398835,0.498023
1805.52,-0,0,-0,0.319765,0.230097,0.169866,-0.0398835,0.499759
1805.6,-0,0,-0,0.319476,0.230097,0.169866,-0.0398835,0.509888
1805.68,-0,0,-0,0.319476,0.230097,0.16813,-0.0398835,0.52754
1805.76,-0,0,-0,0.319476,0.230097,0.169866,-0.0414175,0.531591
1805.84,-0,0,-0,0.319476,0.230097,0.169866,-0.0398835,0.530144
1805.92,-0,0,-0,0.319476,0.230097,0.169866,-0.0398835,0.530434
1805.99,-0,0,-0,0.319476,0.230097,0.169866,-0.0414175,0.531591
1806.07,-0,0,-0,0.319476,0.230097,0.169866,-0.0398835,0.530144
1806.16,-0,0,-0,0.319476,0.230097,0.169866,-0.0398835,0.539983
1806.23,-0,0,-0,0.319476,0.230097,0.169866,-0.0398835,0.539983
1806.31,-0,0,-0,0.319476,0.230097,0.169866,-0.0398835,0.510466
1806.4,-0,0,-0,0.319476,0.230097,0.169866,-0.0398835,0.45722
1806.48,-0,0,-0,0.319476,0.230097,0.169866,-0.0398835,0.356227
1806.56,-0,0,-0,0.319476,0.230097,0.160317,-0.0398835,0.263625
1806.64,-0,0,-0,0.318897,0.230097,0.16813,-0.0398835,0.213273
1806.71,-0,0,-0,0.318607,0.230097,0.169866,-0.0398835,0.190412
1806.8,-0,0,-0,0.311083,0.230097,0.169866,-0.0398835,0.171892
1806.88,-0,0,-0,0.286486,0.230097,0.169866,-0.0398835,0.169866
1806.96,-0,0,-0,0.25205,0.230097,0.169866,-0.0398835,0.169866
1807.04,-0,0,-0,0.224848,0.230097,0.160027,-0.0398835,0.169866
1807.11,-0,0,-0,0.219639,0.230097,0.160027,-0.0398835,0.162053
1807.2,-0,0,-0,0.219929,0.230097,0.160027,-0.0398835,0.160317
1807.28,-0,0,-0,0.219929,0.230097,0.160317,-0.0398835,0.158291
1807.35,-0,0,-0,0.219929,0.230097,0.169577,-0.0398835,0.149899
1807.43,-0,0,-0,0.219929,0.230097,0.168419,-0.0398835,0.148163
1807.51,-0,0,-0,0.219929,0.230097,0.160317,-0.0398835,0.14006
1807.59,-0,0,-0,0.219929,0.230097,0.160027,-0.0398835,0.130221
1807.68,-0,0,-0,0.219639,0.230097,0.160027,-0.0398835,0.129932
1807.76,-0,0,-0,0.21935,0.230097,0.160027,-0.0398835,0.129932
1807.83,-0,0,-0,0.21935,0.230097,0.160027,-0.0414175,0.129932
1807.92,-0,0,-0,0.219061,0.230097,0.160027,-0.0398835,0.129932
1807.99,-0,0,-0,0.21935,0.230097,0.160027,-0.0398835,0.129932
1808.08,-0,0,-0,0.21935,0.230097,0.162053,-0.0398835,0.147873
1808.16,-0,0,-0,0.21935,0.230097,0.160027,-0.0398835,0.149899
1808.23,-0,0,-0,0.219061,0.230097,0.160027,-0.0398835,0.159738
1808.31,-0,0,-0,0.219061,0.230097,0.160027,-0.0398835,0.197068
1808.39,-0,0,-0,0.219061,0.230097,0.160027,-0.0398835,0.245394
1808.47,-0,0,-0,0.21935,0.230097,0.160027,-0.0398835,0.275779
1808.55,-0,0,-0,0.21935,0.230097,0.160027,-0.0398835,0.326999
1808.64,-0,0,-0,0.21935,0.230097,0.162053,-0.0398835,0.357384
1808.71,-0,0,-0,0.226874,0.230097,0.169577,-0.0398835,0.395582
1808.79,-0,0,-0,0.256101,0.230097,0.169866,-0.0398835,0.445066
1808.87,-0,0,-0,0.301534,0.230097,0.169866,-0.0398835,0.469374
1808.95,-0,0,-0,0.320922,0.230097,0.177969,-0.0398835,0.497444
1809.03,-0,0,-0,0.320922,0.230097,0.171892,-0.0398835,0.509888
1809.11,-0,0,-0,0.320922,0.230097,0.179994,-0.0398835,0.527829
1809.19,-0,0,-0,0.320922,0.230097,0.179994,-0.0398835,0.537957
1809.28,-0,0,-0,0.320922,0.230097,0.179994,-0.0414175,0.549822
1809.35,-0,0,-0,0.320922,0.230097,0.179994,-0.0398835,0.550111
1809.43,-0,0,-0,0.320922,0.230097,0.179994,-0.0398835,0.569789
1809.51,-0,0,-0,0.320922,0.230097,0.179994,-0.0429515,0.577892
1809.6,-0,0,-0,0.320922,0.230097,0.179994,-0.0398835,0.570079
1809.67,-0,0,-0,0.320922,0.230097,0.179994,-0.0398835,0.570079
1809.76,-0,0,-0,0.320922,0.230097,0.179994,-0.0398835,0.570079
1809.83,-0,0,-0,0.320922,0.230097,0.179994,-0.0398835,0.570079
1809.91,-0,0,-0,0.320922,0.230097,0.179994,-0.0398835,0.570079
1809.99,-0,0,-0,0.320922,0.230097,0.179994,-0.0398835,0.570079
1810.07,-0,0,-0,0.320922,0.230097,0.179994,-0.0398835,0.570079
1810.15,-0,0,-0,0.320922,0.230097,0.179994,-0.0398835,0.570079
1810.23,-0,0,-0,0.320922,0.230097,0.179994,-0.0398835,0.542009
1810.31,-0,0,-0,0.320922,0.230097,0.179994,-0.0398835,0.504679
1810.39,-0,0,-0,0.320922,0.230097,0.179994,-0.0398835,0.472558
1810.47,-0,0,-0,0.320922,0.230097,0.179994,-0.0398835,0.356806
1810.55,-0,0,-0,0.320922,0.230097,0.179994,-0.0398835,0.29864
1810.63,-0,0,-0,0.319476,0.230097,0.177969,-0.0398835,0.2425
1810.71,-0,0,-0,0.319186,0.230097,0.170445,-0.0398835,0.222533
1810.79,-0,0,-0,0.31716,0.230097,0.169866,-0.0398835,0.21009
1810.87,-0,0,-0,0.307322,0.230097,0.169866,-0.0398835,0.199962
1810.95,-0,0,-0,0.290248,0.230097,0.169866,-0.0398835,0.180284
1811.03,-0,0,-0,0.271728,0.230097,0.169866,-0.0398835,0.170445
1811.11,-0,0,-0,0.257838,0.230097,0.169866,-0.0398835,0.160317
1811.19,-0,0,-0,0.251182,0.230097,0.169866,-0.0398835,0.150478
1811.27,-0,0,-0,0.250024,0.230097,0.169866,-0.0398835,0.149899
1811.35,-0,0,-0,0.250024,0.230097,0.169866,-0.0398835,0.142086
1811.43,-0,0,-0,0.250024,0.230097,0.169866,-0.0398835,0.14006
1811.51,-0,0,-0,0.247999,0.230097,0.169866,-0.0398835,0.14006
1811.59,-0,0,-0,0.240185,0.230097,0.169866,-0.0398835,0.14006
1811.67,-0,0,-0,0.228321,0.230097,0.169866,-0.0398835,0.129932
1811.75,-0,0,-0,0.219929,0.230097,0.169866,-0.0398835,0.129932
1811.83,-0,0,-0,0.217903,0.230097,0.169866,-0.0398835,0.129932
1811.91,-0,0,-0,0.217903,0.230097,0.169866,-0.0398835,0.120093
1811.99,-0,0,-0,0.217903,0.230097,0.169866,-0.0398835,0.120093
1812.07,-0,0,-0,0.217324,0.230097,0.169866,-0.0398835,0.120093
1812.15,-0,0,-0,0.216456,0.230097,0.169866,-0.0398835,0.118356
1812.23,-0,0,-0,0.215009,0.230097,0.169866,-0.0398835,0.120093
1812.31,-0,0,-0,0.212984,0.230097,0.169866,-0.0398835,0.120093
1812.39,-0,0,-0,0.211247,0.230097,0.170445,-0.0398835,0.129642
1812.47,-0,0,-0,0.210379,0.230097,0.169866,-0.0398835,0.129932
1812.55,-0,0,-0,0.210379,0.230097,0.169866,-0.0398835,0.14006
1812.63,-0,0,-0,0.210379,0.230097,0.177969,-0.0475534,0.147873
1812.71,-0,0,-0,0.210379,0.230097,0.179994,-0.0475534,0.187229
1812.79,-0,0,-0,0.210379,0.230097,0.179994,-0.0398835,0.225138
1812.87,-0,0,-0,0.210958,0.230097,0.179994,-0.0398835,0.257548
1812.95,-0,0,-0,0.210958,0.230097,0.179994,-0.0398835,0.314845
1813.03,-0,0,-0,0.210958,0.230097,0.179994,-0.0398835,0.347545
1813.11,-0,0,-0,0.218482,0.230097,0.179994,-0.0398835,0.406579
1813.19,-0,0,-0,0.247131,0.230097,0.179994,-0.0398835,0.456931
1813.27,-0,0,-0,0.297193,0.230097,0.179994,-0.0398835,0.487605
1813.35,-0,0,-0,0.324395,0.230097,0.179994,-0.0398835,0.509888
1813.43,-0,0,-0,0.324395,0.230097,0.179994,-0.0398835,0.520016
1813.51,-0,0,-0,0.324395,0.230097,0.179994,-0.0398835,0.539404
1813.59,-0,0,-0,0.324395,0.230097,0.179994,-0.0398835,0.549533
1813.67,-0,0,-0,0.324395,0.230097,0.180284,-0.0398835,0.550111
1813.75,-0,0,-0,0.324395,0.230097,0.188386,-0.0398835,0.557925
1813.83,-0,0,-0,0.324106,0.230097,0.190123,-0.0398835,0.579628
1813.91,-0,0,-0,0.324106,0.230097,0.190123,-0.0398835,0.579917
1813.99,-0,0,-0,0.324395,0.230097,0.190123,-0.0398835,0.572104
1814.07,-0,0,-0,0.324395,0.230097,0.199672,-0.0398835,0.570079
1814.15,-0,0,-0,0.324395,0.230097,0.199962,-0.0398835,0.570079
1814.23,-0,0,-0,0.324106,0.230097,0.199962,-0.0398835,0.570079
1814.31,-0,0,-0,0.324395,0.230097,0.199962,-0.0398835,0.550401
1814.39,-0,0,-0,0.324395,0.230097,0.199962,-0.0398835,0.542009
1814.47,-0,0,-0,0.324395,0.230097,0.199962,-0.0398835,0.512781
1814.55,-0,0,-0,0.324106,0.230097,0.199962,-0.0322136,0.482107
1814.63,-0,0,-0,0.324395,0.230097,0.199962,-0.0398835,0.389505
1814.71,-0,0,-0,0.324395,0.230097,0.180573,-0.0398835,0.325263
1814.79,-0,0,-0,0.324106,0.230097,0.189833,-0.0398835,0.263046
1814.87,-0,0,-0,0.323527,0.230097,0.18202,-0.0398835,0.240475
1814.95,-0,0,-0,0.321212,0.230097,0.179994,-0.0398835,0.220508
1815.03,-0,0,-0,0.313688,0.230097,0.171892,-0.0398835,0.192438
1815.11,-0,0,-0,0.300087,0.230097,0.170155,-0.0398835,0.179994
1815.19,-0,0,-0,0.27983,0.230097,0.169577,-0.0398835,0.170445
1815.27,-0,0,-0,0.256101,0.230097,0.169866,-0.0398835,0.160317
1815.35,-0,0,-0,0.240185,0.230097,0.169866,-0.0414175,0.160027
1815.43,-0,0,-0,0.237581,0.230097,0.169866,-0.0398835,0.160027
1815.51,-0,0,-0,0.237581,0.230097,0.169866,-0.0398835,0.151925
1815.59,-0,0,-0,0.237581,0.230097,0.169866,-0.0398835,0.160027
1815.67,-0,0,-0,0.237581,0.230097,0.169866,-0.0398835,0.160027
1815.75,-0,0,-0,0.237581,0.230097,0.169866,-0.0398835,0.160027
1815.83,-0,0,-0,0.237581,0.230097,0.169866,-0.0398835,0.160027
1815.91,-0,0,-0,0.237581,0.230097,0.169866,-0.0567573,0.160027
1815.99,-0,0,-0,0.237581,0.230097,0.169866,-0.0398835,0.160027
1816.07,-0,0,-0,0.237581,0.230097,0.169866,-0.0398835,0.150188
1816.15,-0,0,-0,0.237581,0.230097,0.169866,-0.0398835,0.149899
1816.23,-0,0,-0,0.237581,0.230097,0.169866,-0.0398835,0.149899
1816.31,-0,0,-0,0.237581,0.230097,0.169866,-0.0398835,0.149899
1816.39,-0,0,-0,0.237581,0.230097,0.169866,-0.0398835,0.149899
1816.47,-0,0,-0,0.237581,0.230097,0.169866,-0.0398835,0.149899
1816.55,-0,0,-0,0.237581,0.230097,0.169866,-0.0398835,0.16784
1816.63,-0,0,-0,0.237581,0.230097,0.169866,-0.0398835,0.179994
1816.71,-0,0,-0,0.237581,0.230097,0.169866,-0.0398835,0.188097
1816.79,-0,0,-0,0.237581,0.230097,0.177969,-0.0506214,0.217614
1816.87,-0,0,-0,0.237581,0.230097,0.179994,-0.0582913,0.283303
1816.95,-0,0,-0,0.237581,0.230097,0.179994,-0.0398835,0.35478
1817.03,-0,0,-0,0.23787,0.230097,0.179994,-0.0398835,0.412945
1817.11,-0,0,-0,0.246552,0.230097,0.179994,-0.0398835,0.48558
1817.19,-0,0,-0,0.28012,0.230097,0.179994,-0.0398835,0.517701
1817.27,-0,0,-0,0.325842,0.230097,0.188097,-0.0398835,0.55561
1817.35,-0,0,-0,0.325842,0.230097,0.179994,-0.0398835,0.598727
1817.43,-0,0,-0,0.325842,0.230097,0.188097,-0.0398835,0.619273
1817.51,-0,0,-0,0.325842,0.230097,0.197936,-0.0398835,0.629691
1817.59,-0,0,-0,0.325842,0.230097,0.199962,-0.0398835,0.62998
1817.67,-0,0,-0,0.325842,0.230097,0.199962,-0.0475534,0.62998
1817.75,-0,0,-0,0.325842,0.230097,0.199962,-0.0398835,0.639819
1817.83,-0,0,-0,0.325842,0.230097,0.199962,-0.0398835,0.659786
1817.91,-0,0,-0,0.325842,0.230097,0.199962,-0.0398835,0.660076
1817.99,-0,0,-0,0.325842,0.230097,0.199962,-0.0398835,0.660076
1818.07,-0,0,-0,0.325842,0.230097,0.208064,-0.0398835,0.660076
1818.15,-0,0,-0,0.325842,0.230097,0.201987,-0.0398835,0.660076
1818.23,-0,0,-0,0.325842,0.230097,0.199962,-0.0414175,0.660076
1818.31,-0,0,-0,0.325842,0.230097,0.209511,-0.0398835,0.651973
1818.39,-0,0,-0,0.325842,0.230097,0.21009,-0.0398835,0.649947
1818.47,-0,0,-0,0.325842,0.230097,0.21009,-0.0383495,0.624482
1818.55,-0,0,-0,0.325842,0.230097,0.21009,-0.0398835,0.620141
1818.63,-0,0,-0,0.325842,0.230097,0.21009,-0.0475534,0.574709
1818.71,-0,0,-0,0.325842,0.230097,0.201987,-0.0398835,0.487895
1818.79,-0,0,-0,0.325842,0.230097,0.199962,-0.0322136,0.399344
1818.87,-0,0,-0,0.325842,0.230097,0.190123,-0.0398835,0.333366
1818.95,-0,0,-0,0.325552,0.230097,0.190123,-0.0398835,0.253208
1819.03,-0,0,-0,0.324106,0.230097,0.190123,-0.0398835,0.232083
1819.11,-0,0,-0,0.318897,0.230097,0.190123,-0.0398835,0.210379
1819.19,-0,0,-0,0.307611,0.230097,0.197936,-0.0398835,0.190412
1819.27,-0,0,-0,0.292274,0.230097,0.198515,-0.0398835,0.190123
1819.35,-0,0,-0,0.272017,0.230097,0.199962,-0.0398835,0.190123
1819.43,-0,0,-0,0.254944,0.230097,0.190123,-0.0475534,0.188097
1819.51,-0,0,-0,0.25205,0.230097,0.190123,-0.0398835,0.170445
1819.59,-0,0,-0,0.252339,0.230097,0.190123,-0.0398835,0.134562
1819.67,-0,0,-0,0.25205,0.230097,0.190123,-0.0414175,0.110543
1819.75,-0,0,-0,0.247131,0.230097,0.180284,-0.0398835,0.0821839
1819.83,-0,0,-0,0.228321,0.230097,0.189833,-0.0398835,0.07003
1819.91,-0,0,-0,0.19591,0.230097,0.190123,-0.0398835,0.0344362
1819.99,-0,0,-0,0.155397,0.230097,0.190123,-0.0475534,0.020546
1820.07,-0,0,-0,0.11662,0.230097,0.190123,-0.0398835,0.0118646
1820.15,-0,0,-0,0.086814,0.230097,0.190123,-0.0398835,0.0101283
1820.23,-0,0,-0,0.0749494,0.230097,0.190123,-0.0398835,0.0101283
1820.31,-0,0,-0,0.0758176,0.230097,0.190123,-0.0475534,0.0101283
1820.39,-0,0,-0,0.0758176,0.230097,0.190123,-0.0398835,0.0199672
1820.47,-0,0,-0,0.0758176,0.230097,0.190123,-0.0398835,0.0199672
1820.55,-0,0,-0,0.0758176,0.230097,0.190123,-0.0398835,0.0295168
1820.63,-0,0,-0,0.0758176,0.230097,0.190123,-0.0398835,0.0300955
1820.71,-0,0,-0,0.0758176,0.230097,0.190123,-0.0398835,0.0396451
1820.79,-0,0,-0,0.0758176,0.230097,0.190123,-0.0398835,0.057876
1820.87,-0,0,-0,0.0758176,0.230097,0.190123,-0.0490874,0.0680043
1820.95,-0,0,-0,0.0758176,0.230097,0.190123,-0.0398835,0.0798689
1821.03,-0,0,-0,0.0761069,0.230097,0.190123,-0.0398835,0.117488
1821.11,-0,0,-0,0.0758176,0.230097,0.190123,-0.0398835,0.155397
1821.19,-0,0,-0,0.0758176,0.230097,0.19157,-0.0398835,0.177969
1821.27,-0,0,-0,0.0792901,0.230097,0.190123,-0.0398835,0.179994
1821.35,-0,0,-0,0.0960742,0.230097,0.190123,-0.0398835,0.179994
1821.43,-0,0,-0,0.125302,0.230097,0.199962,-0.0398835,0.190123
1821.51,-0,0,-0,0.151925,0.230097,0.199962,-0.0398835,0.199962
1821.59,-0,0,-0,0.166394,0.230097,0.199962,-0.0414175,0.217903
1821.67,-0,0,-0,0.17276,0.230097,0.199962,-0.0398835,0.219929
1821.75,-0,0,-0,0.173628,0.230097,0.199962,-0.0398835,0.247709
1821.83,-0,0,-0,0.173628,0.230097,0.199962,-0.0398835,0.250024
1821.91,-0,0,-0,0.175075,0.230097,0.199962,-0.0322136,0.259863
1821.99,-0,0,-0,0.182888,0.230097,0.199962,-0.0398835,0.259863
1822.07,-0,0,-0,0.194174,0.230097,0.199962,-0.0398835,0.267966
1822.15,-0,0,-0,0.202855,0.230097,0.199962,-0.0506214,0.28938
1822.23,-0,0,-0,0.204881,0.230097,0.199962,-0.0398835,0.31745
1822.31,-0,0,-0,0.208064,0.230097,0.199962,-0.0398835,0.320054
1822.39,-0,0,-0,0.221954,0.230097,0.199962,-0.0398835,0.320054
1822.47,-0,0,-0,0.24742,0.230097,0.199962,-0.0475534,0.327868
1822.55,-0,0,-0,0.270281,0.230097,0.199962,-0.0398835,0.329893
1822.63,-0,0,-0,0.275779,0.230097,0.199962,-0.0398835,0.329893
1822.71,-0,0,-0,0.275779,0.230097,0.199962,-0.0398835,0.329893
1822.79,-0,0,-0,0.275779,0.230097,0.199962,-0.0398835,0.329893
1822.87,-0,0,-0,0.275779,0.230097,0.199962,-0.0398835,0.35941
1822.95,-0,0,-0,0.275779,0.230097,0.199962,-0.0398835,0.369538
1823.03,-0,0,-0,0.276358,0.230097,0.199962,-0.0398835,0.41526
1823.11,-0,0,-0,0.280699,0.230097,0.199962,-0.0398835,0.447671
1823.19,-0,0,-0,0.295457,0.230097,0.199962,-0.0475534,0.477477
1823.27,-0,0,-0,0.316582,0.230097,0.199962,-0.0398835,0.488473
1823.35,-0,0,-0,0.316582,0.230097,0.199962,-0.0398835,0.509598
1823.43,-0,0,-0,0.316582,0.230097,0.199962,-0.0398835,0.509888
1823.51,-0,0,-0,0.316582,0.230097,0.199962,-0.0414175,0.529565
1823.59,-0,0,-0,0.316582,0.230097,0.199962,-0.0398835,0.537957
1823.67,-0,0,-0,0.316582,0.230097,0.199962,-0.0398835,0.539983
1823.75,-0,0,-0,0.316582,0.230097,0.199962,-0.0567573,0.577024
1823.83,-0,0,-0,0.316582,0.230097,0.199962,-0.0398835,0.617537
1823.91,-0,0,-0,0.316582,0.230097,0.199962,-0.0383495,0.619852
1823.99,-0,0,-0,0.316582,0.230097,0.199962,-0.0398835,0.621878
1824.07,-0,0,-0,0.316582,0.230097,0.199962,-0.0398835,0.621588
1824.15,-0,0,-0,0.316582,0.230097,0.199962,-0.0398835,0.627955
1824.23,-0,0,-0,0.316582,0.230097,0.199962,-0.0414175,0.620431
1824.31,-0,0,-0,0.316582,0.230097,0.199962,-0.0398835,0.612039
1824.39,-0,0,-0,0.316582,0.230097,0.199962,-0.0398835,0.557346
1824.47,-0,0,-0,0.316582,0.230097,0.191859,-0.0475534,0.487316
1824.55,-0,0,-0,0.316582,0.230097,0.190123,-0.0506214,0.416707
1824.63,-0,0,-0,0.316582,0.230097,0.190123,-0.0582913,0.343494
1824.71,-0,0,-0,0.316582,0.230097,0.190123,-0.0398835,0.252629
1824.79,-0,0,-0,0.316003,0.230097,0.18202,-0.0398835,0.194463
1824.87,-0,0,-0,0.316003,0.230097,0.179994,-0.0414175,0.154529
1824.95,-0,0,-0,0.305585,0.230097,0.179994,-0.0398835,0.122408
1825.03,-0,0,-0,0.273464,0.230097,0.190123,-0.0398835,0.100125
1825.11,-0,0,-0,0.224848,0.230097,0.190123,-0.0398835,0.100125
1825.19,-0,0,-0,0.175654,0.230097,0.190123,-0.0398835,0.0899972
1825.27,-0,0,-0,0.143243,0.230097,0.190123,-0.0475534,0.0899972
1825.35,-0,0,-0,0.136009,0.230097,0.179994,-0.0398835,0.0899972
1825.43,-0,0,-0,0.137166,0.230097,0.179994,-0.0398835,0.0899972
1825.51,-0,0,-0,0.137745,0.230097,0.179994,-0.0398835,0.0899972
1825.59,-0,0,-0,0.138324,0.230097,0.179994,-0.0398835,0.0899972
1825.67,-0,0,-0,0.138324,0.230097,0.179994,-0.0475534,0.0899972
1825.75,-0,0,-0,0.138324,0.230097,0.179994,-0.0398835,0.0804476
1825.83,-0,0,-0,0.138324,0.230097,0.179994,-0.0398835,0.0798689
1825.91,-0,0,-0,0.138324,0.230097,0.179994,-0.0398835,0.0798689
1825.99,-0,0,-0,0.138324,0.230097,0.179994,-0.0398835,0.0804476
1826.07,-0,0,-0,0.138324,0.230097,0.179994,-0.0398835,0.0798689
1826.15,-0,0,-0,0.138324,0.230097,0.179994,-0.0398835,0.0798689
1826.23,-0,0,-0,0.138324,0.230097,0.189544,-0.0398835,0.0798689
1826.31,-0,0,-0,0.138324,0.230097,0.188386,-0.0398835,0.0798689
1826.39,-0,0,-0,0.138324,0.230097,0.190123,-0.0398835,0.0798689
1826.47,-0,0,-0,0.138324,0.230097,0.179994,-0.0414175,0.0897078
1826.55,-0,0,-0,0.138324,0.230097,0.188097,-0.0475534,0.107939
1826.63,-0,0,-0,0.138324,0.230097,0.190123,-0.0506214,0.145269
1826.71,-0,0,-0,0.138324,0.230097,0.190123,-0.0506214,0.238739
1826.79,-0,0,-0,0.138324,0.230097,0.190123,-0.0506214,0.311083
1826.87,-0,0,-0,0.145848,0.230097,0.190123,-0.0414175,0.355359
1826.95,-0,0,-0,0.180573,0.230097,0.19157,-0.0398835,0.397029
1827.03,-0,0,-0,0.244237,0.230097,0.197936,-0.0398835,0.455484
1827.11,-0,0,-0,0.316003,0.230097,0.199962,-0.0398835,0.487605
1827.19,-0,0,0.00153398,0.32671,0.230097,0.199962,-0.0398835,0.51799
1827.27,-0,0,0.00153398,0.32671,0.230097,0.199962,-0.0398835,0.537668
1827.35,-0,0,0.00153398,0.32671,0.230097,0.199962,-0.0398835,0.549533
1827.43,-0,0,0.00153398,0.32671,0.230097,0.199962,-0.0398835,0.55995
1827.51,-0,0,-0,0.32671,0.230097,0.208064,-0.0398835,0.56024
1827.59,-0,0,-0,0.32671,0.230097,0.2098,-0.0398835,0.5695
1827.67,-0,0,0.00153398,0.32671,0.230097,0.21009,-0.0398835,0.59757
1827.75,-0,0,0.00153398,0.32671,0.230097,0.21009,-0.0398835,0.600174
1827.83,-0,0,0.00153398,0.32671,0.230097,0.21009,-0.0398835,0.590335
1827.91,-0,0,-0,0.32671,0.230097,0.201698,-0.0398835,0.590046
1827.99,-0,0,-0,0.32671,0.230097,0.199962,-0.0398835,0.598148
1828.07,-0,0,-0,0.32671,0.230097,0.209511,-0.0398835,0.590046
1828.15,-0,0,0.00153398,0.32671,0.230097,0.21009,-0.0398835,0.590046
1828.23,-0,0,-0,0.32671,0.230097,0.20054,-0.0398835,0.590046
1828.31,-0,0,0.00153398,0.32671,0.230097,0.2098,-0.0398835,0.590046
1828.39,-0,0,0.00153398,0.32671,0.230097,0.21009,-0.0398835,0.572394
1828.47,-0,0,0.00153398,0.32671,0.230097,0.21009,-0.0429515,0.52291
1828.55,-0,0,-0,0.32671,0.230097,0.201987,-0.0398835,0.427993
1828.63,-0,0,0.00153398,0.32671,0.230097,0.199962,-0.0506214,0.306743
1828.71,-0,0,0.00153398,0.32671,0.230097,0.191859,-0.0506214,0.251182
1828.79,-0,0,0.00153398,0.325552,0.230097,0.190123,-0.0506214,0.185493
1828.87,-0,0,0.00153398,0.319476,0.230097,0.190123,-0.0506214,0.136298
1828.95,-0,0,-0,0.29893,0.230097,0.190123,-0.0506214,0.092891
1829.03,-0,0,-0,0.257838,0.230097,0.190123,-0.0506214,0.07003
1829.11,-0,0,-0,0.204302,0.230097,0.190123,-0.0506214,0.060191
1829.19,-0,0,-0,0.150478,0.230097,0.190123,-0.0506214,0.0599017
1829.27,-0,0,-0,0.111411,0.230097,0.180284,-0.0506214,0.0599017
1829.35,-0,0,-0,0.0975211,0.230097,0.179994,-0.0506214,0.0599017
1829.43,-0,0,-0,0.0980998,0.230097,0.179994,-0.0506214,0.0599017
1829.51,-0,0,-0,0.0986786,0.230097,0.179994,-0.0414175,0.0599017
1829.59,-0,0,-0,0.0986786,0.230097,0.179994,-0.0506214,0.0599017
1829.67,-0,0,-0,0.0986786,0.230097,0.179994,-0.0582913,0.0599017
1829.75,-0,0,-0,0.0986786,0.230097,0.179994,-0.0506214,0.0599017
1829.83,-0,0,-0,0.0986786,0.230097,0.179994,-0.0490874,0.0581654
1829.91,-0,0,-0,0.0986786,0.230097,0.179994,-0.0490874,0.0599017
1829.99,-0,0,-0,0.0986786,0.230097,0.179994,-0.0506214,0.0599017
1830.07,-0,0,-0,0.0986786,0.230097,0.179994,-0.0506214,0.0599017
1830.15,-0,0,-0,0.0986786,0.230097,0.179994,-0.0506214,0.0599017
1830.23,-0,0,-0,0.0986786,0.230097,0.188097,-0.0490874,0.0599017
1830.31,-0,0,-0,0.0986786,0.230097,0.190123,-0.0506214,0.0599017
1830.39,-0,0,-0,0.0986786,0.230097,0.18202,-0.0506214,0.0599017
1830.47,-0,0,-0,0.0986786,0.230097,0.190123,-0.0506214,0.0599017
1830.55,-0,0,-0,0.0986786,0.230097,0.190123,-0.0506214,0.0682937
1830.63,-0,0,-0,0.0986786,0.230097,0.190123,-0.0506214,0.07003
1830.71,-0,0,-0,0.0986786,0.230097,0.190123,-0.0506214,0.07003
1830.79,-0,0,-0,0.0986786,0.230097,0.190123,-0.0506214,0.07003
1830.87,-0,0,-0,0.0986786,0.230097,0.190123,-0.0506214,0.07003
1830.95,-0,0,-0,0.0986786,0.230097,0.190123,-0.0506214,0.07003
1831.03,-0,0,-0,0.0986786,0.230097,0.190123,-0.0506214,0.07003
1831.11,-0,0,-0,0.0986786,0.230097,0.190123,-0.0506214,0.07003
1831.19,-0,0,-0,0.0986786,0.230097,0.179994,-0.0506214,0.07003
1831.27,-0,0,-0,0.0986786,0.230097,0.179994,-0.0506214,0.07003
1831.35,-0,0,-0,0.0986786,0.230097,0.179994,-0.0506214,0.07003
1831.43,-0,0,-0,0.0986786,0.230097,0.179994,-0.0506214,0.07003
1831.51,-0,0,-0,0.0986786,0.230097,0.179994,-0.0506214,0.07003
1831.59,-0,0,-0,0.0986786,0.230097,0.179994,-0.0506214,0.07003
1831.67,-0,0,-0,0.0986786,0.230097,0.188097,-0.0506214,0.07003
1831.75,-0,0,-0,0.0986786,0.230097,0.179994,-0.0506214,0.07003
1831.83,-0,0,-0,0.0986786,0.230097,0.179994,-0.0506214,0.07003
1831.91,-0,0,-0,0.0986786,0.230097,0.179994,-0.0506214,0.07003
1831.99,-0,0,-0,0.0986786,0.230097,0.179994,-0.0506214,0.07003
