t,paa0,pfe0,paa1,pfe1,daa0,dfe0,daa1,dfe1,cft0,cft1,pee0,pee1
7.28831,-0,0,-0,0,-0,0,-0,0,0,0,102.723,102.723
7.33623,-0,0,-0,0,0.0997088,0,-0,0,0.0144568,0.0140357,102.723,102.723
7.38421,-0,0,-0,0,0.0997088,0,-0,0,0.0136382,0.0140357,102.723,102.723
7.43224,0.0659612,0,-0,0,0.0997088,0,-0,0,0.015906,0.0167631,102.723,102.723
7.48022,0.0889709,0,-0,0,0.0997088,0,-0,0,0.0133791,0.0140357,102.723,102.723
7.52827,0.0951068,0,-0,0,0.0997088,0,-0,0,0.0144914,0.013784,102.723,102.723
7.57626,0.0981748,0,-0,0,0.0997088,0,-0,0,0.0147309,0.0160624,102.723,102.723
7.62426,0.0997088,0,-0,0,0.0997088,0,-0,0,0.0128841,0.0146969,102.723,102.723
7.67227,0.0997088,0,-0,0,0.0997088,0,-0,0,0.0144914,0.0147648,102.723,102.723
7.72024,0.0981748,0,-0,0,0.0997088,0,-0,0,0.0150665,0.0145258,102.723,102.723
7.76819,0.0997088,0,-0,0,0.0997088,0,-0,0,0.014,0.0140357,102.723,102.723
7.81629,0.0997088,0,-0,0,0.0997088,0,-0,0,0.0143527,0.0167631,102.723,102.723
7.86425,0.0997088,0,-0,0,0.0997088,0,-0,0,0.0147648,0.0147648,102.723,102.723
7.91225,0.0997088,0,-0,0,0.0997088,0,-0,0,0.0133791,0.0131529,102.723,102.723
7.96024,0.0997088,0,-0,0,0.0997088,0,-0,0,0.0141774,0.0133791,102.723,102.723
8.00819,0.0997088,0,-0,0,0.0997088,0,-0,0,0.0144914,0.0144568,102.723,102.723
8.05617,0.0997088,0,-0,0,0.0997088,0,-0,0,0.0139284,0.0134164,102.723,102.723
8.10421,0.0997088,0,-0,0,0.0997088,0,-0,0,0.0148661,0.013784,102.723,102.723
8.1522,0.0997088,0,-0,0,0.0997088,0,-0,0,0.0144914,0.0151658,102.723,102.723
8.20021,0.0997088,0,-0,0,0.0997088,0,-0,0,0.0139642,0.013784,102.723,102.723
8.2482,0.0997088,0,-0,0,0.0997088,0,-0,0,0.0154272,0.0147648,102.723,102.723
8.29621,0.0997088,0,-0,0,0.0997088,0,-0,0,0.0133791,0.0125698,102.723,102.723
8.34418,0.0997088,0,-0,0,0.0997088,0,-0,0,0.0136382,0.0131529,102.723,102.723
8.39217,0.0997088,0,-0,0,0.0997088,0,-0,0,0.0139642,0.0139284,102.723,102.723
8.44017,0.0997088,0,-0,0,0.0997088,0,-0,0,0.0136382,0.0151327,102.723,102.723
8.48818,0.0997088,0,-0,0,0.0997088,0,-0,0,0.0130767,0.013784,102.723,102.723
8.53621,0.0997088,0,-0,0,0.0997088,0,-0,0,0.0136382,0.0137477,102.723,102.723
8.58416,0.0997088,0,-0,0,0.0997088,0,-0,0,0.0131529,0.015748,102.723,102.723
8.63219,0.0997088,0,-0,0,0.0997088,0,-0,0,0.0136382,0.0141774,102.723,102.723
8.68022,0.0997088,0,-0,0,0.0920388,0,-0,0,0.0136382,0.0136015,102.723,102.723
8.72818,0.0997088,0,-0,0,0.0997088,0,-0,0,0.0131909,0.0131529,102.723,102.723
8.77616,0.0935728,0,-0,0,0.0997088,0,-0,0,0.0150665,0.0137477,102.723,102.723
8.82411,0.0951068,0,-0,0,0.0920388,0,-0,0,0.0143178,0.0145602,102.723,102.723
8.87212,0.0997088,0,-0,0,0.0905049,0,-0,0,0.0134907,0.015,102.723,102.723
8.92013,0.0935728,0,-0,0,0.0997088,0,-0,0,0.0131909,0.0136015,102.723,102.723
8.96812,0.0905049,0,-0,0,0.107379,0,-0,0,0.0134907,0.0145258,102.723,102.723
9.01617,0.0951068,0,-0,0,0.110447,0,-0,0,0.0136382,0.0143527,102.723,102.723
9.06415,0.0997088,0,-0,0,0.118117,0,-0,0,0.0136382,0.0150333,102.723,102.723
9.1122,0.102777,0,-0,0,0.12732,0,-0,0,0.0128452,0.0151327,102.723,102.723
9.16016,0.107379,0,-0,0,0.148796,0,-0,0,0.0126886,0.0142478,102.723,102.723
9.20811,0.116583,0,-0,0,0.15033,0,-0,0,0.0141774,0.0143527,102.723,102.723
9.25615,0.13499,0,-0,0,0.168738,0,-0,0,0.0137477,0.0150333,102.723,102.723
9.30416,0.14266,0,-0,0,0.179476,0,-0,0,0.0131149,0.0127279,102.723,102.723
9.35211,0.156466,0,-0,0,0.18868,0.00810264,-0,0,0.0122474,0.0163095,102.723,102.723
9.40016,0.170272,0,-0,0,0.217825,0.00983892,-0,0,0.0138924,0.0142478,102.723,102.723
9.4481,0.18101,0.0057876,-0,0,0.260777,0.0179416,-0,0,0.0136015,0.0144568,102.214,102.723
9.4961,0.202485,0.00839202,-0,0,0.279184,0.0118646,-0,0,0.0118743,0.0148997,101.985,102.723
9.5441,0.240835,0.0147584,-0,0,0.297592,0.0115752,-0.00153398,0,0.0126886,0.0142478,101.426,102.723
9.5921,0.265379,0.0130221,-0,0,0.316,0.0182309,-0,0,0.0131149,0.0142478,101.578,102.723
9.6401,0.283786,0.0115752,-0.00153398,0,0.34668,0.0280699,-0,0,0.0134907,0.0142478,101.705,102.723
9.6881,0.302194,0.0159159,-0,0,0.369689,0.0298061,-0,0,0.0136015,0.0142478,101.324,102.723
9.73611,0.328272,0.0243079,-0,0,0.369689,0.0379088,-0,0,0.0138924,0.0148997,100.586,102.723
9.78408,0.35435,0.0272017,-0,0,0.369689,0.0396451,-0,0,0.0122474,0.0141421,100.332,102.723
9.83206,0.362019,0.0338575,-0,0,0.369689,0.0480371,-0,0,0.0122474,0.0134907,99.7468,102.723
9.88007,0.363553,0.0367513,-0,0,0.404971,0.0500627,-0,0,0.0143527,0.0136382,99.4925,102.723
9.92807,0.363553,0.043407,-0,0,0.417243,0.057876,-0,0,0.0122474,0.0142478,98.9074,102.723
9.97605,0.386563,0.0463008,-0,0,0.418777,0.0775538,-0,0,0.0126886,0.0141774,98.6531,102.723
10.0242,0.404971,0.0532459,-0,0,0.420311,0.0795795,-0,0,0.0136015,0.0142478,98.0426,102.723
10.0721,0.409573,0.0703193,-0,0,0.437185,0.0798689,-0,0,0.0131529,0.0134907,96.5419,102.723
10.1201,0.411107,0.0769751,-0,0,0.457126,0.0816052,-0,0,0.0143527,0.0150333,95.9569,102.723
10.1681,0.421845,0.0775538,-0,0,0.467864,0.0897078,-0,0,0.0139642,0.0136382,95.906,102.723
10.2161,0.440252,0.0787114,-0,0,0.461728,0.0899972,-0,0,0.0134907,0.0142478,95.8043,102.723
10.2641,0.452524,0.0853671,-0,0,0.469398,0.0899972,-0,0,0.0143527,0.0142478,95.2192,102.723
10.3121,0.455592,0.0873928,-0,0,0.469398,0.0899972,-0,0.00173628,0.0139642,0.0148661,95.0412,102.723
10.3601,0.45866,0.0873928,-0,0,0.469398,0.0899972,-0,0.00810264,0.0136015,0.0150333,95.0412,102.723
10.4081,0.460194,0.0873928,-0,0.0014469,0.469398,0.0899972,-0,0.00983892,0.0143527,0.0142478,95.0412,102.596
10.4561,0.460194,0.0873928,-0,0.00636636,0.469398,0.0899972,-0,0.00202566,0.0138924,0.0141774,95.0412,102.163
10.5041,0.460194,0.0873928,-0,0.00983892,0.478602,0.0899972,-0,0,0.0128452,0.0148997,95.0412,101.858
10.552,0.460194,0.0873928,-0,0.00405132,0.470932,0.0899972,-0,0,0.0136015,0.0134907,95.0412,102.367
10.6,0.46633,0.0873928,-0,0.00057876,0.507748,0.0801583,-0,0,0.0131149,0.0128062,95.0412,102.672
10.648,0.46633,0.0873928,-0,0,0.509282,0.0897078,-0,0,0.0126886,0.0142127,95.0412,102.723
10.6961,0.487806,0.0821839,-0,0,0.520019,0.0899972,-0,0,0.0140712,0.0134536,95.499,102.723
10.7441,0.498544,0.0859459,-0,0,0.520019,0.0899972,-0,0,0.0131529,0.0134907,95.1684,102.723
10.792,0.506214,0.0873928,-0,0,0.520019,0.0882609,-0,0,0.0131529,0.0142478,95.0412,102.723
10.84,0.509282,0.0873928,-0,0,0.520019,0.0897078,-0,0,0.0138924,0.0142478,95.0412,102.723
10.8881,0.509282,0.0873928,-0,0,0.520019,0.0899972,-0,0,0.0131149,0.0148997,95.0412,102.723
10.936,0.510816,0.0873928,-0,0,0.520019,0.0899972,-0,0,0.0131149,0.0148997,95.0412,102.723
10.9841,0.510816,0.0873928,-0,0,0.520019,0.0899972,-0,0,0.0131909,0.0142478,95.0412,102.723
11.032,0.510816,0.0873928,-0,0,0.520019,0.0899972,-0,0,0.0143527,0.0148661,95.0412,102.723
11.0801,0.510816,0.0873928,-0,0,0.520019,0.0899972,-0,0,0.0139642,0.0141421,95.0412,102.723
11.1281,0.510816,0.0873928,-0,0,0.520019,0.0899972,-0,0,0.0136015,0.0142127,95.0412,102.723
11.1761,0.509282,0.0873928,-0,0,0.520019,0.0899972,-0,0,0.0134907,0.0141421,95.0412,102.723
11.224,0.510816,0.0873928,-0,0,0.529223,0.0899972,-0,0,0.0131149,0.015,95.0412,102.723
11.2721,0.510816,0.0873928,-0,0,0.529223,0.0899972,-0,0,0.0143527,0.0156205,95.0412,102.723
11.3201,0.515418,0.0873928,-0,0,0.530757,0.0899972,-0,0,0.0122474,0.0148661,95.0412,102.723
11.368,0.518485,0.0873928,-0,0,0.530757,0.0899972,-0,0,0.0126886,0.0148661,95.0412,102.723
11.416,0.518485,0.0873928,-0,0,0.530757,0.0899972,-0,0,0.0143527,0.0148661,95.0412,102.723
11.4641,0.520019,0.0873928,-0,0,0.538427,0.0917335,-0,0,0.0138924,0.0142127,95.0412,102.723
11.512,0.520019,0.0873928,-0,0,0.539961,0.0995467,-0,0,0.0126886,0.0142127,95.0412,102.723
11.56,0.524621,0.0885503,-0,0,0.547631,0.100125,-0,0,0.0143527,0.0134907,94.9394,102.723
11.608,0.527689,0.0949166,-0,0,0.556835,0.100125,-0,0,0.0134907,0.0142127,94.3798,102.723
11.656,0.533825,0.0975211,-0,0,0.559903,0.100125,-0,0,0.0125698,0.0141774,94.1509,102.723
11.704,0.541495,0.0978104,-0,0,0.559903,0.117488,-0,0,0.0126886,0.0148661,94.1255,102.723
11.7521,0.547631,0.0978104,-0,0,0.559903,0.119514,-0,0.00810264,0.0138924,0.0142127,94.1255,102.723
11.8,0.549165,0.111122,-0,0,0.559903,0.137455,-0,0.0193885,0.0131149,0.0156205,92.9554,102.723
11.848,0.549165,0.11662,-0,0.0057876,0.561437,0.149609,0.0076699,0.0390663,0.0137477,0.0141421,92.4721,102.214
11.8959,0.549165,0.1308,-0,0.0170734,0.569107,0.158001,-0,0.0575866,0.0130767,0.0142127,91.2258,101.222
11.944,0.549165,0.14469,0.00306796,0.0347256,0.570641,0.159738,-0,0.0674255,0.0131149,0.0134536,90.0048,99.6705
11.9919,0.555301,0.15395,0.00153398,0.0532459,0.570641,0.169577,-0,0.0873928,0.0131909,0.0148997,89.1909,98.0426
12.04,0.559903,0.156844,-0.00306796,0.0648211,0.570641,0.169866,-0,0.0899972,0.0141774,0.015,88.9365,97.0252
12.088,0.559903,0.164947,-0,0.0824733,0.570641,0.179705,-0,0.0995467,0.0148661,0.0148661,88.2243,95.4736
12.136,0.559903,0.167262,-0,0.0885503,0.570641,0.179994,-0,0.100125,0.0143527,0.0134536,88.0208,94.9394
12.184,0.559903,0.174786,-0,0.0966529,0.570641,0.171892,-0,0.100125,0.0128452,0.0142127,87.3595,94.2272
12.2319,0.559903,0.177101,-0,0.0998361,0.570641,0.178258,-0,0.100125,0.0134164,0.0142127,87.156,93.9474
12.2799,0.561437,0.173049,-0,0.0998361,0.569107,0.179994,-0,0.100125,0.0148661,0.0141421,87.5121,93.9474
12.3279,0.561437,0.175075,-0,0.0998361,0.570641,0.179994,-0,0.100125,0.0216333,0.0142478,87.3341,93.9474
12.3759,0.561437,0.176522,-0,0.0998361,0.570641,0.178258,-0,0.100125,0.0304302,0.0142478,87.2069,93.9474
12.424,0.561437,0.177101,-0,0.0998361,0.570641,0.179994,-0,0.100125,0.0134164,0.0156525,87.156,93.9474
12.472,0.561437,0.177101,-0,0.0998361,0.570641,0.179994,-0,0.100125,0.0136015,0.015,87.156,93.9474
12.52,0.561437,0.177101,-0,0.0998361,0.570641,0.171892,-0,0.100125,0.0131149,0.0156525,87.156,93.9474
12.5679,0.561437,0.177101,-0,0.0998361,0.570641,0.177969,-0,0.100125,0.0131909,0.0156525,87.156,93.9474
12.616,0.561437,0.173049,-0,0.0998361,0.570641,0.179705,-0,0.100125,0.0145945,0.0142127,87.5121,93.9474
12.664,0.561437,0.174786,-0,0.0998361,0.570641,0.179994,-0,0.100125,0.0148661,0.0142478,87.3595,93.9474
12.712,0.561437,0.176522,-0,0.0998361,0.570641,0.179994,-0,0.100125,0.0131909,0.0141774,87.2069,93.9474
12.7599,0.561437,0.177101,-0,0.0998361,0.570641,0.179994,-0,0.100125,0.0137477,0.0156525,87.156,93.9474
12.808,0.561437,0.177101,-0,0.0998361,0.570641,0.189544,-0,0.100125,0.0134164,0.0156525,87.156,93.9474
12.8559,0.561437,0.177101,-0,0.0998361,0.570641,0.18202,-0,0.100125,0.0123288,0.0134907,87.156,93.9474
12.9039,0.561437,0.184046,-0,0.0998361,0.570641,0.188097,-0,0.100125,0.0083666,0.0150333,86.5455,93.9474
12.952,0.561437,0.182888,-0,0.0998361,0.570641,0.189833,-0,0.100125,0.0224944,0.0134907,86.6473,93.9474
13,0.561437,0.184624,-0,0.0998361,0.570641,0.190123,-0,0.100125,0.0345398,0.0148661,86.4947,93.9474
13.0479,0.561437,0.185782,-0,0.0998361,0.570641,0.190123,-0,0.109675,0.0276043,0.0136382,86.3929,93.9474
13.0959,0.561437,0.186361,-0,0.0998361,0.570641,0.199672,-0,0.109964,0.0231084,0.0136015,86.3421,93.9474
13.1439,0.561437,0.186361,-0,0.107071,0.570641,0.199962,-0,0.109964,0.0489285,0.0148661,86.3421,93.3115
13.1919,0.561437,0.192727,-0,0.110254,0.570641,0.199962,-0,0.118067,0.0891572,0.0141774,85.7825,93.0317
13.24,0.561437,0.193885,-0,0.109964,0.570641,0.199962,-0,0.119803,0.103005,0.0128452,85.6807,93.0572
13.2879,0.561437,0.194174,-0,0.116041,0.570641,0.191859,-0,0.129642,0.0949158,0.0134907,85.6553,92.523
13.3359,0.561437,0.193885,-0,0.118935,0.570641,0.199672,-0,0.138034,0.095352,0.0129615,85.6807,92.2687
13.3839,0.561437,0.192438,-0,0.126748,0.570641,0.199962,-0,0.14006,0.0842081,0.0128841,85.8079,91.5819
13.4319,0.561437,0.193885,-0,0.13543,0.570641,0.199962,-0,0.147873,0.115676,0.0142829,85.6807,90.8188
13.4799,0.561437,0.193885,-0,0.139192,0.561437,0.199962,-0,0.149899,0.131008,0.0124097,85.6807,90.4881
13.5279,0.561437,0.193885,-0,0.145269,0.569107,0.199962,-0,0.167551,0.142986,0.0136015,85.6807,89.954
13.5759,0.561437,0.193885,-0,0.148741,0.570641,0.208064,-0,0.169577,0.156288,0.013784,85.6807,89.6487
13.6239,0.561437,0.193885,-0,0.16321,0.570641,0.2098,-0,0.169866,0.185348,0.0151327,85.6807,88.3769
13.6719,0.561437,0.197936,-0,0.169287,0.570641,0.217903,-0,0.177969,0.221637,0.0145258,85.3246,87.8428
13.7199,0.561437,0.199962,-0,0.169577,0.570641,0.210379,0.00153398,0.187808,0.244839,0.0145258,85.1466,87.8174
13.7679,0.561437,0.20517,-0,0.175654,0.570641,0.211537,-0,0.199383,0.27927,0.0142829,84.6887,87.2832
13.8159,0.561437,0.20546,0.00153398,0.184914,0.570641,0.210379,-0.0076699,0.207775,0.259734,0.015,84.6633,86.4692
13.8639,0.561437,0.20546,-0.00153398,0.19591,0.570641,0.21009,-0,0.219639,0.264932,0.015,84.6633,85.5027
13.9119,0.561437,0.20546,-0.00153398,0.20517,0.570641,0.21009,-0,0.219929,0.268801,0.0145258,84.6633,84.6887
13.9599,0.562971,0.20546,-0.00306796,0.216167,0.569107,0.21009,-0,0.237581,0.263792,0.0165529,84.6633,83.7222
14.0079,0.561437,0.20546,-0,0.219639,0.569107,0.21009,-0,0.239607,0.288879,0.0156844,84.6633,83.4169
14.0559,0.561437,0.20546,-0,0.232662,0.561437,0.21009,-0,0.247999,0.296884,0.015906,84.6633,82.2723
14.1039,0.561437,0.20546,-0,0.238449,0.569107,0.201987,-0,0.249735,0.327179,0.0151658,84.6633,81.7636
14.1518,0.561437,0.20546,-0,0.245394,0.570641,0.201698,-0,0.258127,0.323019,0.0143527,84.6633,81.1531
14.1998,0.562971,0.202566,-0,0.248577,0.570641,0.200251,-0,0.267677,0.299109,0.0140357,84.9176,80.8733
14.2478,0.562971,0.201408,-0,0.255523,0.570641,0.199962,-0,0.287644,0.276105,0.0144568,85.0194,80.2629
14.2959,0.562971,0.199962,-0,0.264783,0.570641,0.208064,-0,0.297772,0.269165,0.015906,85.1466,79.4489
14.3439,0.562971,0.199962,-0,0.282435,0.570641,0.201698,-0,0.299508,0.285808,0.015843,85.1466,77.8973
14.3918,0.562971,0.200251,-0,0.294589,0.570641,0.2098,-0,0.300087,0.294798,0.0140357,85.1211,76.829
14.4399,0.562971,0.200251,-0,0.297772,0.561437,0.2098,-0,0.3079,0.291343,0.0187883,85.1211,76.5492
14.4879,0.562971,0.200251,-0,0.29893,0.569107,0.21009,-0,0.327578,0.303429,0.0201246,85.1211,76.4475
14.5358,0.561437,0.200251,-0,0.304428,0.570641,0.201987,-0,0.321501,0.292469,0.0269258,85.1211,75.9642
14.5838,0.562971,0.200251,-0,0.319476,0.570641,0.199962,-0,0.329604,0.342678,0.14418,85.1211,74.6415
14.6319,0.564505,0.200251,-0,0.320344,0.570641,0.199962,-0,0.337996,0.393006,0.18548,85.1211,74.5652
14.6799,0.566039,0.199672,-0,0.322369,0.570641,0.199962,-0.00153398,0.357384,0.385318,0.189449,85.172,74.3871
14.7278,0.566039,0.199672,-0,0.328157,0.570641,0.199962,-0,0.375615,0.417943,0.234653,85.172,73.8784
14.7758,0.567573,0.199672,-0.00153398,0.342047,0.570641,0.199962,-0,0.407158,0.499771,0.389868,85.172,72.6575
14.8238,0.567573,0.199383,-0,0.355648,0.570641,0.209511,-0,0.417865,0.63884,0.584987,85.1974,71.462
14.8718,0.567573,0.199093,-0,0.376194,0.570641,0.2098,-0,0.419601,0.813354,0.889277,85.2229,69.656
14.9198,0.567573,0.199383,-0,0.386322,0.570641,0.201987,-0,0.41989,0.979007,1.07718,85.1974,68.7658
14.9678,0.567573,0.199093,-0,0.388927,0.570641,0.201698,-0,0.41989,1.08044,1.14079,85.2229,68.5369
15.0158,0.567573,0.199093,-0,0.389505,0.561437,0.200251,-0,0.41989,1.11276,1.12468,85.2229,68.486
15.0639,0.567573,0.199093,-0,0.389505,0.569107,0.199962,-0,0.41989,1.11916,1.09849,85.2229,68.486
15.1118,0.562971,0.198804,-0,0.389795,0.570641,0.199962,-0,0.41989,1.11695,1.11397,85.2483,68.4606
15.1598,0.562971,0.198804,-0,0.389505,0.570641,0.199962,-0,0.41989,1.10855,1.10681,85.2483,68.486
15.2078,0.562971,0.198804,-0,0.389795,0.570641,0.199962,-0,0.41989,1.11347,1.11147,85.2483,68.4606
15.2558,0.562971,0.198804,-0,0.389795,0.570641,0.199962,-0,0.41989,1.11541,1.0948,85.2483,68.4606
15.3038,0.561437,0.198804,-0,0.389795,0.570641,0.199962,-0,0.41989,1.11802,1.0959,85.2483,68.4606
15.3519,0.561437,0.198804,-0,0.389795,0.570641,0.199962,-0,0.41989,1.11951,1.09511,85.2483,68.4606
15.3998,0.562971,0.198804,-0,0.389795,0.570641,0.191859,-0,0.41989,1.12056,1.09263,85.2483,68.4606
15.4478,0.562971,0.198804,-0,0.389505,0.570641,0.190412,-0,0.41989,1.12051,1.093,85.2483,68.486
15.4958,0.561437,0.193595,-0,0.389795,0.570641,0.19157,-0.0153398,0.41989,1.04672,1.03962,85.7062,68.4606
15.5438,0.562971,0.189544,-0,0.389795,0.570641,0.198225,-0.00306796,0.41989,0.92004,0.9192,86.0623,68.4606
15.5918,0.561437,0.189544,-0.00613592,0.392689,0.570641,0.191859,-0,0.41989,0.939997,0.951606,86.0623,68.2062
15.6398,0.562971,0.189544,-0.0076699,0.393557,0.578311,0.190412,-0,0.41989,0.967219,0.982702,86.0623,68.1299
15.6878,0.562971,0.189544,-0.00153398,0.393557,0.572175,0.190123,-0,0.41989,0.968357,0.978911,86.0623,68.1299
15.7357,0.564505,0.189544,-0,0.393557,0.570641,0.18202,-0,0.41989,0.9708,0.977117,86.0623,68.1299
15.7838,0.564505,0.189544,-0,0.393557,0.570641,0.180284,-0,0.41989,0.971438,0.977381,86.0623,68.1299
15.8318,0.564505,0.183178,-0,0.393557,0.570641,0.179994,-0,0.41989,0.883233,0.895425,86.6219,68.1299
15.8798,0.564505,0.179416,-0,0.395872,0.570641,0.179994,-0,0.41989,0.806346,0.836103,86.9525,67.9264
15.9277,0.564505,0.179126,-0,0.397608,0.570641,0.188097,-0,0.41989,0.824701,0.864899,86.978,67.7738
15.9758,0.564505,0.179126,-0,0.397898,0.570641,0.180284,-0,0.41989,0.833757,0.869665,86.978,67.7483
16.0238,0.564505,0.179416,-0,0.397898,0.570641,0.179994,-0,0.41989,0.835105,0.866983,86.9525,67.7483
16.0718,0.564505,0.179126,-0,0.397898,0.570641,0.179994,-0,0.41989,0.835132,0.865584,86.978,67.7483
16.1198,0.564505,0.179126,-0,0.397898,0.570641,0.179994,-0,0.41989,0.835638,0.865391,86.978,67.7483
16.1678,0.564505,0.179126,-0,0.397898,0.570641,0.179994,-0,0.41989,0.836498,0.864307,86.978,67.7483
16.2157,0.564505,0.179126,-0,0.397898,0.570641,0.170445,-0,0.41989,0.834796,0.864369,86.978,67.7483
16.2637,0.564505,0.179126,-0,0.397898,0.570641,0.177969,-0,0.41989,0.83652,0.864307,86.978,67.7483
16.3117,0.564505,0.171602,-0,0.397898,0.570641,0.171602,-0,0.41989,0.766212,0.814134,87.6393,67.7483
16.3597,0.564505,0.171024,-0,0.399634,0.570641,0.170155,-0,0.41989,0.698839,0.739381,87.6902,67.5957
16.4077,0.564505,0.171024,-0,0.400213,0.570641,0.177969,-0,0.41989,0.718391,0.750284,87.6902,67.5449
16.4557,0.564505,0.169287,-0,0.400502,0.570641,0.179994,-0,0.41989,0.693663,0.731526,87.8428,67.5194
16.5038,0.564505,0.169287,-0,0.400502,0.561437,0.179994,-0,0.41989,0.688228,0.732034,87.8428,67.5194
16.5517,0.564505,0.169287,-0,0.400791,0.569107,0.179994,-0,0.41989,0.690463,0.732485,87.8428,67.494
16.5998,0.559903,0.169287,-0,0.400791,0.570641,0.179994,-0,0.421627,0.693704,0.730092,87.8428,67.494
16.6478,0.559903,0.169287,-0,0.400791,0.570641,0.179994,-0,0.42018,0.6949,0.728273,87.8428,67.494
16.6957,0.561437,0.169287,-0,0.400791,0.570641,0.179994,-0.00153398,0.41989,0.695515,0.726755,87.8428,67.494
16.7437,0.561437,0.169287,-0,0.400791,0.570641,0.179994,-0,0.41989,0.696259,0.72809,87.8428,67.494
16.7918,0.561437,0.169287,-0.00153398,0.400791,0.570641,0.179994,-0,0.41989,0.697178,0.72953,87.8428,67.494
16.8397,0.561437,0.169287,-0,0.400791,0.570641,0.179994,-0,0.41989,0.697667,0.728271,87.8428,67.494
16.8877,0.561437,0.169287,-0,0.400791,0.570641,0.179994,-0,0.41989,0.697615,0.727975,87.8428,67.494
16.9358,0.561437,0.169287,-0,0.400791,0.570641,0.179994,-0,0.427993,0.697655,0.727812,87.8428,67.494
16.9837,0.561437,0.169287,-0,0.400791,0.570641,0.179994,-0,0.421627,0.696756,0.727865,87.8428,67.494
17.0317,0.561437,0.169287,-0,0.405132,0.570641,0.179994,-0,0.42018,0.718018,0.769886,87.8428,67.1124
17.0797,0.561437,0.169287,-0,0.405711,0.570641,0.179994,-0,0.41989,0.772359,0.830532,87.8428,67.0616
17.1277,0.561437,0.169287,-0,0.405711,0.570641,0.171892,-0,0.41989,0.777742,0.828075,87.8428,67.0616
17.1757,0.561437,0.169287,-0,0.405711,0.570641,0.170155,-0,0.41989,0.778171,0.828132,87.8428,67.0616
17.2237,0.561437,0.168998,-0,0.405711,0.570641,0.170155,-0,0.41989,0.773699,0.825051,87.8682,67.0616
17.2716,0.561437,0.168998,-0,0.405711,0.561437,0.169866,-0,0.41989,0.773699,0.823343,87.8682,67.0616
17.3197,0.561437,0.168998,-0,0.405711,0.559903,0.169866,-0,0.41989,0.77461,0.82277,87.8682,67.0616
17.3677,0.561437,0.168998,-0,0.405711,0.567573,0.169866,-0,0.41989,0.773249,0.82249,87.8682,67.0616
17.4158,0.559903,0.168998,-0,0.405711,0.570641,0.169866,-0,0.41989,0.774602,0.821915,87.8682,67.0616
17.4637,0.559903,0.168998,-0,0.405711,0.570641,0.169866,-0,0.41989,0.775039,0.820727,87.8682,67.0616
17.5117,0.561437,0.168998,-0,0.405711,0.570641,0.169866,-0,0.41989,0.773249,0.821006,87.8682,67.0616
17.5597,0.561437,0.168998,-0,0.405711,0.570641,0.169866,-0,0.41989,0.774602,0.821006,87.8682,67.0616
17.6078,0.561437,0.168998,-0,0.405711,0.570641,0.169866,-0,0.41989,0.773256,0.821118,87.8682,67.0616
17.6557,0.561437,0.168998,-0,0.405711,0.570641,0.169866,-0,0.41989,0.773699,0.820265,87.8682,67.0616
17.7036,0.561437,0.168998,-0,0.405711,0.570641,0.169866,-0,0.41989,0.774144,0.819355,87.8682,67.0616
17.7517,0.561437,0.168998,-0,0.405711,0.570641,0.169866,-0,0.41989,0.774138,0.820208,87.8682,67.0616
17.7997,0.561437,0.168998,-0,0.405711,0.570641,0.169866,-0,0.41989,0.774169,0.820208,87.8682,67.0616
17.8477,0.561437,0.168998,-0,0.405711,0.570641,0.169866,-0,0.41989,0.773249,0.821061,87.8682,67.0616
17.8957,0.561437,0.168998,-0,0.405711,0.570641,0.169866,-0,0.41989,0.775942,0.820208,87.8682,67.0616
17.9437,0.561437,0.168998,-0,0.405711,0.570641,0.169866,-0,0.41989,0.774138,0.818502,87.8682,67.0616
17.9917,0.561437,0.168998,-0,0.405711,0.570641,0.169866,-0,0.41989,0.774144,0.819411,87.8682,67.0616
18.0397,0.561437,0.168998,-0,0.405711,0.570641,0.169866,-0,0.41989,0.775942,0.819355,87.8682,67.0616
18.0878,0.561437,0.168998,-0,0.405711,0.570641,0.169866,-0,0.41989,0.77416,0.819355,87.8682,67.0616
18.1357,0.561437,0.168998,-0,0.405711,0.570641,0.169866,-0,0.41989,0.775039,0.818836,87.8682,67.0616
18.1837,0.561437,0.168998,-0,0.405711,0.570641,0.162053,-0,0.41989,0.776846,0.818836,87.8682,67.0616
18.2316,0.561437,0.168998,-0,0.405711,0.570641,0.168419,-0,0.41989,0.775055,0.818446,87.8682,67.0616
18.2796,0.561437,0.16321,-0,0.405711,0.570641,0.160317,-0.00153398,0.41989,0.71022,0.767964,88.3769,67.0616
18.3276,0.561437,0.162632,-0,0.405711,0.570641,0.160027,-0,0.41989,0.648262,0.696024,88.4278,67.0616
18.3756,0.561437,0.159738,-0.00153398,0.405711,0.570641,0.160027,-0,0.41989,0.616031,0.662735,88.6822,67.0616
18.4236,0.561437,0.159448,-0,0.405711,0.570641,0.160027,-0,0.41989,0.600138,0.641417,88.7076,67.0616
18.4716,0.561437,0.159448,-0,0.405711,0.570641,0.160027,-0,0.41989,0.600521,0.640695,88.7076,67.0616
18.5197,0.561437,0.159448,-0,0.405711,0.561437,0.160027,-0,0.412077,0.600534,0.640785,88.7076,67.0616
18.5676,0.561437,0.159448,-0,0.405711,0.569107,0.160027,-0,0.418443,0.602345,0.641655,88.7076,67.0616
18.6156,0.559903,0.159448,-0,0.405711,0.570641,0.160027,-0,0.402238,0.600554,0.640785,88.7076,67.0616
18.6636,0.561437,0.159448,-0,0.405711,0.570641,0.160027,-0,0.408605,0.600521,0.640069,88.7076,67.0616
18.7116,0.561437,0.159448,-0,0.401949,0.570641,0.160027,-0,0.409762,0.591951,0.621721,88.7076,67.3922
18.7597,0.559903,0.159448,-0,0.401659,0.570641,0.160027,-0,0.410051,0.567583,0.579956,88.7076,67.4177
18.8076,0.561437,0.159448,-0,0.401659,0.570641,0.160027,-0,0.410051,0.566655,0.581641,88.7076,67.4177
18.8556,0.561437,0.159448,-0,0.401659,0.570641,0.160027,-0,0.401949,0.566684,0.580774,88.7076,67.4177
18.9036,0.561437,0.159448,-0,0.401659,0.569107,0.151925,-0,0.400213,0.565775,0.580873,88.7076,67.4177
18.9516,0.561437,0.159448,-0,0.401659,0.569107,0.150478,-0,0.399923,0.567571,0.580774,88.7076,67.4177
18.9996,0.561437,0.153371,-0,0.399634,0.570641,0.149899,-0,0.399923,0.508968,0.519712,89.2418,67.5957
19.0476,0.561437,0.149899,-0,0.399634,0.570641,0.149899,-0,0.399923,0.430246,0.426991,89.547,67.5957
19.0956,0.561437,0.149609,-0,0.399634,0.570641,0.149899,-0,0.399923,0.415974,0.409264,89.5724,67.5957
19.1435,0.561437,0.149609,-0,0.399634,0.570641,0.142086,-0,0.399923,0.41555,0.407278,89.5724,67.5957
19.1917,0.561437,0.149609,-0,0.399634,0.570641,0.140349,-0,0.399923,0.415536,0.407859,89.5724,67.5957
19.2396,0.561437,0.143822,-0,0.399634,0.570641,0.14006,-0,0.399923,0.370791,0.369275,90.0812,67.5957
19.2876,0.561437,0.14006,-0,0.399634,0.570641,0.147873,-0,0.399923,0.315907,0.307382,90.4118,67.5957
19.3355,0.561437,0.139771,-0,0.399634,0.570641,0.141507,-0,0.399923,0.302174,0.290897,90.4373,67.5957
19.3835,0.561437,0.14006,-0,0.399634,0.570641,0.149609,-0,0.390374,0.311214,0.293764,90.4118,67.5957
19.4316,0.561437,0.14006,-0,0.399634,0.570641,0.149899,-0,0.390084,0.309789,0.292346,90.4118,67.5957
19.4796,0.561437,0.140349,-0,0.39211,0.570641,0.149899,-0,0.390084,0.296144,0.25819,90.3864,68.2571
19.5276,0.561437,0.140349,-0,0.389505,0.570641,0.149899,-0,0.390084,0.248568,0.196013,90.3864,68.486
19.5755,0.561437,0.140349,-0,0.389505,0.570641,0.149899,-0,0.390084,0.245963,0.191742,90.3864,68.486
19.6235,0.561437,0.140349,-0,0.389505,0.570641,0.149899,-0,0.390084,0.244242,0.191073,90.3864,68.486
19.6716,0.561437,0.140349,-0,0.389505,0.570641,0.142086,-0,0.390084,0.2451,0.191068,90.3864,68.486
19.7196,0.561437,0.140349,-0,0.389505,0.570641,0.148452,-0,0.390084,0.245106,0.19106,90.3864,68.486
19.7676,0.561437,0.140349,-0,0.389505,0.570641,0.149899,-0,0.390084,0.244236,0.190342,90.3864,68.486
19.8155,0.561437,0.140349,-0,0.389505,0.570641,0.149899,-0,0.390084,0.246467,0.191073,90.3864,68.486
19.8635,0.561437,0.140349,-0,0.389505,0.570641,0.149899,-0.0076699,0.390084,0.246483,0.193127,90.3864,68.486
19.9115,0.561437,0.140349,-0,0.389505,0.570641,0.142086,-0.00153398,0.390084,0.24683,0.191026,90.3864,68.486
19.9595,0.561437,0.140349,-0.00153398,0.389505,0.570641,0.148452,-0.0076699,0.390084,0.246467,0.191044,90.3864,68.486
20.0075,0.561437,0.140349,-0.00306796,0.389505,0.570641,0.149899,-0,0.390084,0.245603,0.19244,90.3864,68.486
20.0556,0.561437,0.140349,-0.00306796,0.389505,0.570641,0.149899,-0,0.390084,0.247332,0.191692,90.3864,68.486
20.1035,0.561437,0.140639,-0.00306796,0.389505,0.570641,0.149899,-0,0.380535,0.24733,0.192421,90.361,68.486
20.1515,0.561437,0.140349,-0,0.389505,0.570641,0.149899,-0,0.379956,0.245965,0.190444,90.3864,68.486
20.1995,0.561437,0.140349,-0,0.382271,0.570641,0.149899,-0,0.379956,0.226418,0.15262,90.3864,69.1219
20.2475,0.561437,0.140639,-0,0.379377,0.570641,0.149899,-0.0076699,0.379956,0.185852,0.110281,90.361,69.3763
20.2955,0.561437,0.140639,-0,0.379377,0.570641,0.149899,-0.00153398,0.379956,0.183516,0.105844,90.361,69.3763
20.3435,0.561437,0.140639,-0.00153398,0.379377,0.570641,0.149899,-0,0.379956,0.185078,0.104743,90.361,69.3763
20.3915,0.561437,0.140639,-0.00306796,0.379377,0.570641,0.149899,-0,0.379956,0.184288,0.106094,90.361,69.3763
20.4396,0.561437,0.140639,-0,0.379377,0.570641,0.149899,-0,0.388059,0.182102,0.104408,90.361,69.3763
20.4875,0.561437,0.140639,-0,0.379377,0.570641,0.149899,-0,0.389505,0.182727,0.104523,90.361,69.3763
20.5355,0.561437,0.140639,-0,0.38285,0.570641,0.149899,-0,0.397898,0.194808,0.121515,90.361,69.071
20.5835,0.561437,0.140639,-0,0.384007,0.570641,0.149899,-0,0.409473,0.210319,0.142345,90.361,68.9693
20.6316,0.561437,0.140639,-0,0.390084,0.570641,0.149899,-0,0.410051,0.235852,0.181739,90.361,68.4351
20.6795,0.561437,0.140639,-0,0.398766,0.570641,0.149899,-0,0.417865,0.304115,0.282924,90.361,67.672
20.7275,0.561437,0.140639,-0,0.400791,0.570641,0.149899,-0,0.41989,0.354545,0.343073,90.361,67.494
20.7755,0.561437,0.140639,-0,0.405421,0.570641,0.149899,-0,0.41989,0.390933,0.389432,90.361,67.087
20.8235,0.561437,0.140639,-0,0.407158,0.570641,0.149899,-0,0.429729,0.424408,0.431321,90.361,66.9344
20.8715,0.561437,0.140639,-0,0.407447,0.570641,0.149899,-0,0.430019,0.429136,0.438428,90.361,66.909
20.9195,0.561437,0.140639,-0,0.414103,0.561437,0.149899,-0,0.430019,0.463646,0.496933,90.361,66.3239
20.9674,0.561437,0.140639,-0,0.415839,0.569107,0.149899,-0,0.438121,0.517732,0.557607,90.361,66.1713
21.0154,0.561437,0.140639,-0,0.415839,0.570641,0.149899,-0,0.439568,0.523789,0.559064,90.361,66.1713
21.0635,0.561437,0.140639,-0,0.421048,0.570641,0.149899,-0.00153398,0.430308,0.563661,0.614318,90.361,65.7135
21.1115,0.561437,0.140639,-0,0.423074,0.570641,0.149899,-0,0.438121,0.599408,0.659664,90.361,65.5354
21.1595,0.561437,0.140639,-0.00153398,0.423074,0.570641,0.149899,-0,0.439568,0.609902,0.665422,90.361,65.5354
21.2075,0.561437,0.140639,-0,0.423074,0.561437,0.149899,-0,0.430308,0.609906,0.666831,90.361,65.5354
21.2555,0.561437,0.140639,-0,0.423074,0.569107,0.149899,-0,0.430019,0.611119,0.664622,90.361,65.5354
21.3035,0.561437,0.140639,-0,0.423074,0.570641,0.149899,-0,0.430019,0.610346,0.664389,90.361,65.5354
21.3514,0.561437,0.140639,-0,0.423074,0.570641,0.149899,-0,0.430019,0.613052,0.663028,90.361,65.5354
21.3995,0.561437,0.140639,-0,0.423074,0.570641,0.149899,-0,0.430019,0.61305,0.665368,90.361,65.5354
21.4474,0.561437,0.140639,-0,0.423074,0.570641,0.149899,-0,0.421916,0.611327,0.664438,90.361,65.5354
21.4954,0.561437,0.140639,-0,0.423074,0.570641,0.149899,-0,0.420469,0.613271,0.664622,90.361,65.5354
21.5435,0.561437,0.140639,-0,0.420759,0.570641,0.151635,-0,0.41989,0.599858,0.640438,90.361,65.7389
21.5915,0.561437,0.140639,-0,0.419312,0.570641,0.150188,-0,0.41989,0.575056,0.605414,90.361,65.8661
21.6395,0.561437,0.140639,-0,0.419312,0.570641,0.150188,-0,0.41989,0.568777,0.596185,90.361,65.8661
21.6875,0.561437,0.140639,-0,0.419312,0.570641,0.149899,-0.0076699,0.41989,0.568758,0.594775,90.361,65.8661
21.7354,0.561437,0.140639,-0,0.419312,0.570641,0.149899,-0.00153398,0.41989,0.566832,0.594032,90.361,65.8661
21.7835,0.561437,0.140639,-0.00153398,0.419312,0.570641,0.149899,-0,0.41989,0.56779,0.59329,90.361,65.8661
21.8314,0.561437,0.140639,-0.00306796,0.419312,0.570641,0.149899,-0,0.41989,0.567542,0.59413,90.361,65.8661
21.8794,0.561437,0.140639,-0,0.419312,0.570641,0.149899,-0,0.41989,0.565863,0.592669,90.361,65.8661
21.9274,0.561437,0.140639,-0,0.419312,0.570641,0.149899,-0,0.41989,0.564884,0.592771,90.361,65.8661
21.9755,0.561437,0.140639,-0,0.419312,0.570641,0.149899,-0,0.41989,0.565163,0.592487,90.361,65.8661
22.0235,0.561437,0.140639,-0,0.419312,0.570641,0.151635,-0,0.41989,0.565852,0.591977,90.361,65.8661
22.0714,0.561437,0.140639,-0,0.419312,0.570641,0.150188,-0,0.41989,0.564924,0.592487,90.361,65.8661
22.1194,0.561437,0.140639,-0,0.419312,0.570641,0.150188,-0,0.41989,0.565139,0.592771,90.361,65.8661
22.1674,0.561437,0.140639,-0,0.419312,0.570641,0.149899,-0,0.41989,0.564912,0.592415,90.361,65.8661
22.2154,0.561437,0.140639,-0,0.419312,0.570641,0.149899,-0.0076699,0.41989,0.564881,0.592647,90.361,65.8661
22.2634,0.561437,0.140639,-0,0.419312,0.570641,0.149899,-0,0.41989,0.565857,0.592502,90.361,65.8661
22.3114,0.561437,0.140639,-0.00153398,0.419312,0.570641,0.149899,-0,0.41989,0.565849,0.591856,90.361,65.8661
22.3594,0.561437,0.140639,-0.00153398,0.419312,0.570641,0.149899,-0,0.41989,0.566107,0.595519,90.361,65.8661
22.4074,0.561437,0.140639,-0,0.419312,0.570641,0.149899,-0,0.418443,0.567081,0.591674,90.361,65.8661
22.4554,0.561437,0.140639,-0,0.419312,0.570641,0.149899,-0,0.411788,0.563913,0.591789,90.361,65.8661
22.5034,0.561437,0.140639,-0,0.417575,0.570641,0.149899,-0,0.400502,0.554548,0.574587,90.361,66.0187
22.5514,0.561437,0.140639,-0,0.412656,0.570641,0.149899,-0,0.408026,0.521855,0.513772,90.361,66.4511
22.5994,0.561437,0.140639,-0,0.402528,0.570641,0.149899,-0,0.401659,0.435667,0.380707,90.361,67.3414
22.6474,0.561437,0.140639,-0,0.401949,0.570641,0.149899,-0,0.400213,0.381317,0.317164,90.361,67.3922
22.6954,0.561437,0.140639,-0,0.40137,0.570641,0.149899,-0,0.399923,0.371217,0.314264,90.361,67.4431
22.7434,0.561437,0.140639,-0,0.399634,0.570641,0.149899,-0,0.399923,0.363507,0.302167,90.361,67.5957
22.7913,0.561437,0.140639,-0,0.399634,0.570641,0.149899,-0,0.39211,0.351662,0.29153,90.361,67.5957
22.8394,0.561437,0.140639,-0,0.399634,0.561437,0.149899,-0,0.398476,0.352568,0.292216,90.361,67.5957
22.8874,0.561437,0.140639,-0,0.393557,0.569107,0.149899,-0,0.398476,0.32602,0.250448,90.361,68.1299
22.9354,0.561437,0.140639,-0,0.393557,0.561437,0.149899,-0,0.399634,0.297609,0.218534,90.361,68.1299
22.9834,0.561437,0.140639,-0,0.393557,0.569107,0.149899,-0,0.399923,0.296732,0.221362,90.361,68.1299
23.0314,0.561437,0.140639,-0,0.393557,0.570641,0.149899,-0,0.39211,0.295856,0.222821,90.361,68.1299
23.0794,0.561437,0.140639,-0,0.393557,0.570641,0.149899,-0,0.390374,0.295856,0.222821,90.361,68.1299
23.1274,0.561437,0.140639,-0,0.391531,0.570641,0.149899,-0,0.390084,0.288383,0.212906,90.361,68.3079
23.1754,0.561437,0.140639,-0,0.389795,0.570641,0.149899,-0,0.390084,0.269598,0.18896,90.361,68.4606
23.2233,0.561437,0.140639,-0,0.389795,0.570641,0.149899,-0,0.372432,0.265658,0.184008,90.361,68.4606
23.2714,0.561437,0.140639,-0,0.389505,0.570641,0.149899,-0,0.362593,0.264802,0.184721,90.361,68.486
23.3194,0.561437,0.140639,-0,0.376194,0.570641,0.149899,-0,0.360567,0.225293,0.11789,90.361,69.656
23.3673,0.561437,0.140928,-0,0.364619,0.570641,0.149899,-0,0.359989,0.143415,0.0531225,90.3355,70.6735
23.4153,0.561437,0.141217,-0,0.361146,0.570641,0.149899,-0,0.359989,0.130805,0.0449555,90.3101,70.9787
23.4633,0.561437,0.141217,-0,0.359989,0.570641,0.149899,-0,0.359989,0.128421,0.0443283,90.3101,71.0805
23.5114,0.561437,0.141217,-0,0.359989,0.570641,0.149899,-0,0.359989,0.126404,0.0463681,90.3101,71.0805
23.5594,0.561437,0.141217,-0,0.359989,0.561437,0.149899,0.0076699,0.377641,0.125817,0.0462709,90.3101,71.0805
23.6073,0.561437,0.141217,-0,0.359989,0.569107,0.158001,-0,0.389505,0.125603,0.0461952,90.3101,71.0805
23.6553,0.561437,0.141217,0.00306796,0.372143,0.578311,0.175654,-0,0.389795,0.142457,0.0658103,90.3101,70.0122
23.7034,0.561437,0.144979,0.00153398,0.38285,0.570641,0.189544,-0,0.390084,0.221208,0.147139,89.9794,69.071
23.7514,0.564505,0.155686,-0,0.383718,0.570641,0.207485,-0,0.390084,0.358581,0.268354,89.0383,68.9947
23.7994,0.564505,0.166972,-0,0.383718,0.570641,0.217614,-0,0.390084,0.524471,0.414547,88.0463,68.9947
23.8474,0.564505,0.179126,-0,0.383429,0.570641,0.228031,-0,0.397898,0.705862,0.577115,86.978,69.0201
23.8954,0.564505,0.186361,-0,0.383429,0.570641,0.229478,-0,0.391531,0.847404,0.715202,86.3421,69.0201
23.9434,0.564505,0.193885,-0,0.383718,0.570641,0.239607,-0,0.398187,0.941225,0.794278,85.6807,68.9947
23.9914,0.564505,0.195621,-0,0.383718,0.570641,0.239896,-0,0.399634,1.02469,0.889159,85.5281,68.9947
24.0394,0.564505,0.201698,-0,0.383718,0.570641,0.239896,-0,0.399923,1.09762,0.953429,84.994,68.9947
24.0873,0.564505,0.202566,-0,0.383718,0.570641,0.239896,-0,0.399923,1.15308,1.01667,84.9176,68.9947
24.1353,0.564505,0.202566,-0,0.383718,0.570641,0.239896,-0,0.399923,1.15294,1.01855,84.9176,68.9947
24.1833,0.564505,0.202566,-0,0.383718,0.570641,0.238449,-0,0.399923,1.15294,1.02037,84.9176,68.9947
24.2313,0.564505,0.202566,-0,0.383718,0.570641,0.231793,-0,0.399923,1.15218,1.02129,84.9176,68.9947
24.2793,0.564505,0.202566,-0,0.383718,0.570641,0.230057,-0,0.399923,1.15216,1.02028,84.9176,68.9947
24.3273,0.564505,0.202566,-0,0.383718,0.570641,0.221954,-0,0.399923,1.15153,1.02023,84.9176,68.9947
24.3753,0.564505,0.202566,-0,0.383718,0.570641,0.220508,-0,0.399923,1.15061,1.02033,84.9176,68.9947
24.4233,0.564505,0.202566,-0,0.383718,0.570641,0.219929,-0.0076699,0.399923,1.15138,1.02159,84.9176,68.9947
24.4713,0.564505,0.202566,-0,0.383718,0.570641,0.219929,-0.00153398,0.408026,1.15077,1.02023,84.9176,68.9947
24.5193,0.564505,0.202566,-0.00460194,0.383718,0.570641,0.219929,-0,0.409473,1.15137,1.02149,84.9176,68.9947
24.5673,0.564505,0.202566,-0.00460194,0.384007,0.570641,0.219929,-0,0.410051,1.15066,1.02212,84.9176,68.9693
24.6153,0.564505,0.202566,-0,0.384007,0.570641,0.219929,-0,0.410051,1.14919,1.01935,84.9176,68.9693
24.6633,0.564505,0.202566,-0,0.384007,0.570641,0.219929,-0,0.410051,1.1492,1.01901,84.9176,68.9693
24.7113,0.564505,0.202566,-0,0.384297,0.570641,0.212116,-0,0.410051,1.14765,1.01911,84.9176,68.9438
24.7593,0.564505,0.202566,-0,0.384297,0.570641,0.210379,-0,0.410051,1.14704,1.01989,84.9176,68.9438
24.8073,0.564505,0.202566,-0,0.384297,0.570641,0.21009,-0,0.411498,1.14701,1.0192,84.9176,68.9438
24.8552,0.564505,0.202277,-0,0.384297,0.570641,0.21009,-0,0.410341,1.14409,1.01805,84.9431,68.9438
24.9032,0.564505,0.202277,-0,0.384297,0.570641,0.208354,-0,0.410051,1.14497,1.01743,84.9431,68.9438
24.9513,0.564505,0.202277,-0,0.384297,0.570641,0.201698,-0,0.410051,1.14422,1.01826,84.9431,68.9438
24.9992,0.564505,0.202277,-0,0.384297,0.570641,0.200251,-0,0.410051,1.14357,1.01549,84.9431,68.9438
25.0473,0.564505,0.201119,-0,0.384297,0.570641,0.199962,-0,0.410051,1.12231,0.999293,85.0448,68.9438
25.0952,0.564505,0.199962,-0,0.384297,0.570641,0.199962,-0,0.410051,1.09545,0.979131,85.1466,68.9438
25.1433,0.564505,0.199672,-0,0.384297,0.570641,0.199962,-0,0.410051,1.08341,0.97275,85.172,68.9438
25.1912,0.564505,0.199672,-0,0.384297,0.570641,0.191859,-0,0.410051,1.08201,0.969818,85.172,68.9438
25.2392,0.564505,0.199672,-0,0.384297,0.570641,0.190412,-0,0.410051,1.0806,0.969818,85.172,68.9438
25.2873,0.564505,0.193595,-0,0.384586,0.570641,0.18202,-0,0.410051,0.997654,0.905566,85.7062,68.9184
25.3352,0.564505,0.189544,-0,0.385165,0.570641,0.188386,-0,0.410051,0.888325,0.822991,86.0623,68.8675
25.3832,0.564505,0.182888,-0,0.388348,0.570641,0.189833,-0.0076699,0.401949,0.817022,0.784398,86.6473,68.5877
25.4312,0.564505,0.182309,-0,0.390663,0.570641,0.18202,-0.00153398,0.400502,0.793352,0.775403,86.6982,68.3842
25.4793,0.564505,0.182309,-0.00153398,0.390663,0.570641,0.180284,-0,0.400213,0.802991,0.785081,86.6982,68.3842
25.5273,0.564505,0.181152,-0.00153398,0.390663,0.570641,0.179994,-0,0.399923,0.78687,0.765097,86.7999,68.3842
25.5753,0.564505,0.179416,-0,0.390663,0.570641,0.179994,-0,0.399923,0.759422,0.733532,86.9525,68.3842
25.6232,0.564505,0.179416,-0,0.390663,0.570641,0.179994,-0,0.399923,0.747198,0.727685,86.9525,68.3842
25.6712,0.564505,0.179416,-0,0.390663,0.570641,0.179994,-0,0.399923,0.745531,0.725704,86.9525,68.3842
25.7192,0.564505,0.179416,-0,0.390663,0.561437,0.171892,-0,0.399923,0.7458,0.725452,86.9525,68.3842
25.7672,0.564505,0.179416,-0,0.390663,0.569107,0.170155,-0,0.399923,0.7458,0.725318,86.9525,68.3842
25.8153,0.559903,0.173049,-0,0.390663,0.570641,0.170155,-0,0.399923,0.690369,0.690209,87.5121,68.3842
25.8632,0.561437,0.168998,-0,0.390663,0.570641,0.169866,-0,0.399923,0.590494,0.598813,87.8682,68.3842
25.9112,0.561437,0.168998,-0,0.390663,0.570641,0.169866,-0,0.399923,0.57501,0.56675,87.8682,68.3842
25.9592,0.561437,0.168998,-0,0.390663,0.570641,0.169866,-0,0.399923,0.582366,0.552497,87.8682,68.3842
26.0072,0.561437,0.168998,-0,0.390663,0.570641,0.169866,-0,0.409473,0.581833,0.55612,87.8682,68.3842
26.0552,0.561437,0.168998,-0,0.390663,0.570641,0.169866,-0,0.401949,0.58099,0.553894,87.8682,68.3842
26.1032,0.561437,0.168998,-0,0.393267,0.570641,0.169866,-0,0.400213,0.592238,0.58392,87.8682,68.1553
26.1512,0.561437,0.168998,-0,0.393267,0.570641,0.169866,-0,0.399923,0.612086,0.612259,87.8682,68.1553
26.1992,0.561437,0.168998,-0,0.393267,0.570641,0.169866,-0,0.399923,0.611224,0.611011,87.8682,68.1553
26.2472,0.561437,0.168998,-0,0.393267,0.570641,0.169866,-0,0.399923,0.61432,0.610895,87.8682,68.1553
26.2951,0.561437,0.168998,-0,0.393267,0.570641,0.169866,-0.0076699,0.399923,0.613803,0.609318,87.8682,68.1553
26.3431,0.561437,0.168998,-0,0.393267,0.570641,0.169866,-0,0.399923,0.613805,0.609161,87.8682,68.1553
26.3911,0.561437,0.168998,-0.00153398,0.393267,0.570641,0.169866,-0,0.399923,0.613803,0.610103,87.8682,68.1553
26.4392,0.561437,0.168998,-0.00153398,0.393267,0.570641,0.169866,-0,0.399923,0.614825,0.612296,87.8682,68.1553
26.4872,0.561437,0.168998,-0,0.393267,0.570641,0.169866,-0,0.399923,0.613454,0.607761,87.8682,68.1553
26.5353,0.561437,0.168998,-0,0.393267,0.570641,0.169866,-0,0.399923,0.614828,0.607046,87.8682,68.1553
26.5832,0.561437,0.168998,-0,0.393267,0.570641,0.160317,-0,0.399923,0.614316,0.609497,87.8682,68.1553
26.6312,0.561437,0.168998,-0,0.393267,0.570641,0.160027,-0,0.399923,0.615684,0.609607,87.8682,68.1553
26.6792,0.561437,0.162053,-0,0.393267,0.570641,0.160027,-0,0.399923,0.540231,0.542906,88.4787,68.1553
26.7272,0.561437,0.159448,-0,0.393267,0.570641,0.160027,-0,0.401659,0.46439,0.457713,88.7076,68.1553
26.7751,0.561437,0.159159,-0,0.393557,0.570641,0.160027,-0,0.400213,0.461673,0.456715,88.733,68.1299
26.8232,0.561437,0.159159,-0,0.393267,0.570641,0.160027,-0.0076699,0.399923,0.462062,0.452979,88.733,68.1553
26.8711,0.561437,0.159159,-0,0.393557,0.570641,0.160027,-0.00153398,0.399923,0.462917,0.453173,88.733,68.1299
26.9191,0.561437,0.159159,-0.00153398,0.393267,0.570641,0.160027,-0,0.399923,0.462054,0.451293,88.733,68.1553
26.9671,0.561437,0.159159,-0.00306796,0.393267,0.570641,0.160027,-0.0076699,0.399923,0.464278,0.454932,88.733,68.1553
27.0151,0.561437,0.159159,-0,0.393267,0.570641,0.160027,-0.00153398,0.399923,0.460302,0.453207,88.733,68.1553
27.0631,0.561437,0.159159,-0.00153398,0.393267,0.570641,0.160027,-0.00153398,0.399923,0.463829,0.45167,88.733,68.1553
27.1112,0.561437,0.159448,-0.00306796,0.393267,0.570641,0.160027,-0,0.399923,0.465678,0.453673,88.7076,68.1553
27.1592,0.561437,0.159159,-0.00153398,0.393267,0.570641,0.160027,-0,0.399923,0.464295,0.451591,88.733,68.1553
27.2072,0.561437,0.159159,-0,0.393267,0.570641,0.160027,-0,0.399923,0.464282,0.452346,88.733,68.1553
27.2551,0.561437,0.159159,-0,0.393267,0.570641,0.160027,-0,0.399923,0.464278,0.450131,88.733,68.1553
27.3032,0.561437,0.159159,-0,0.393267,0.570641,0.160027,-0,0.399923,0.464305,0.450282,88.733,68.1553
27.3511,0.561437,0.159159,-0,0.393267,0.570641,0.160027,-0,0.399923,0.464278,0.450926,88.733,68.1553
27.3991,0.561437,0.159159,-0.00153398,0.393267,0.570641,0.160027,-0,0.399923,0.464769,0.450241,88.733,68.1553
27.4471,0.561437,0.159159,-0,0.393267,0.570641,0.160027,-0,0.39211,0.464279,0.44868,88.733,68.1553
27.4952,0.561437,0.159159,-0,0.393267,0.570641,0.160027,-0,0.390374,0.46516,0.451336,88.733,68.1553
27.5431,0.561437,0.159159,-0,0.391242,0.570641,0.160027,-0,0.390084,0.459431,0.437933,88.733,68.3334
27.5911,0.561437,0.159159,-0,0.389505,0.570641,0.160027,-0,0.390084,0.441118,0.4102,88.733,68.486
27.6391,0.561437,0.159159,-0,0.389505,0.570641,0.160027,-0,0.390084,0.43424,0.401571,88.733,68.486
27.6871,0.561437,0.159159,-0,0.389505,0.570641,0.160027,-0,0.390084,0.434236,0.399326,88.733,68.486
27.7352,0.561437,0.159159,-0,0.389505,0.570641,0.160027,-0,0.390084,0.43338,0.399617,88.733,68.486
27.7832,0.561437,0.159159,-0,0.389505,0.570641,0.160027,-0,0.397898,0.435097,0.400443,88.733,68.486
27.8312,0.561437,0.159159,-0,0.389505,0.570641,0.160027,-0,0.390374,0.435097,0.400412,88.733,68.486
27.8792,0.561437,0.159159,-0,0.389795,0.570641,0.160027,-0,0.390084,0.439042,0.404047,88.733,68.4606
27.9271,0.561437,0.159159,-0,0.389795,0.570641,0.160027,-0,0.397898,0.437671,0.404047,88.733,68.4606
27.9751,0.561437,0.159159,-0,0.389505,0.570641,0.160027,-0,0.391531,0.435093,0.399617,88.733,68.486
28.0232,0.561437,0.159159,-0,0.389795,0.570641,0.160027,-0,0.390374,0.439404,0.404283,88.733,68.4606
28.0711,0.561437,0.159159,-0,0.389795,0.570641,0.160027,-0,0.390084,0.437677,0.403221,88.733,68.4606
28.1191,0.561437,0.159159,-0,0.389795,0.570641,0.160027,-0,0.390084,0.436812,0.404047,88.733,68.4606
28.1671,0.561437,0.159159,-0,0.389505,0.570641,0.160027,-0,0.399634,0.436808,0.402692,88.733,68.486
28.2151,0.561437,0.159159,-0,0.389505,0.570641,0.160027,-0,0.391821,0.435954,0.400412,88.733,68.486
28.2631,0.561437,0.159159,-0,0.390084,0.570641,0.160027,-0,0.398476,0.440757,0.406231,88.733,68.4351
28.3111,0.561437,0.159159,-0,0.389795,0.570641,0.150478,-0,0.398476,0.438531,0.406857,88.733,68.4606
28.3591,0.561437,0.159159,-0,0.390084,0.570641,0.150188,-0,0.399634,0.440757,0.408213,88.733,68.4351
28.4071,0.561437,0.152503,-0,0.390084,0.570641,0.149899,-0,0.39211,0.379539,0.354398,89.3181,68.4351
28.4551,0.561437,0.149609,-0,0.390663,0.570641,0.149899,-0,0.398476,0.333306,0.305401,89.5724,68.3842
28.503,0.561437,0.149609,-0,0.390663,0.570641,0.149899,-0,0.399634,0.329961,0.30374,89.5724,68.3842
28.5511,0.561437,0.149609,-0,0.390663,0.561437,0.149899,-0,0.399923,0.330822,0.303084,89.5724,68.3842
28.599,0.561437,0.149609,-0,0.390952,0.569107,0.149899,-0,0.399923,0.3317,0.304317,89.5724,68.3588
28.647,0.561437,0.149609,-0,0.390952,0.569107,0.149899,-0,0.399923,0.333092,0.304974,89.5724,68.3588
28.695,0.561437,0.149609,-0,0.390952,0.570641,0.149899,-0,0.399923,0.33306,0.306674,89.5724,68.3588
28.743,0.561437,0.149609,-0,0.390952,0.570641,0.149899,-0,0.39211,0.333068,0.304974,89.5724,68.3588
28.791,0.561437,0.149609,-0,0.390952,0.570641,0.149899,-0,0.390084,0.333942,0.306552,89.5724,68.3588
28.839,0.561437,0.149609,-0,0.390952,0.570641,0.149899,-0,0.390084,0.332187,0.303595,89.5724,68.3588
28.887,0.561437,0.149609,-0,0.389216,0.570641,0.158001,-0,0.390084,0.324737,0.292648,89.5724,68.5114
28.935,0.561437,0.149609,-0,0.389505,0.569107,0.158291,-0,0.390084,0.324729,0.288425,89.5724,68.486
28.983,0.561437,0.149899,-0,0.389216,0.569107,0.159738,-0,0.390084,0.32661,0.292807,89.547,68.5114
29.031,0.561437,0.149899,-0,0.389216,0.570641,0.160027,0.0076699,0.390084,0.328334,0.291969,89.547,68.5114
29.079,0.561437,0.149899,-0,0.389216,0.570641,0.160027,0.00153398,0.390084,0.327838,0.292759,89.547,68.5114
29.127,0.561437,0.150188,0.00306796,0.389216,0.570641,0.160027,-0,0.390084,0.327087,0.291942,89.5216,68.5114
29.175,0.561437,0.150188,0.00153398,0.389216,0.570641,0.150478,-0,0.390084,0.328395,0.292098,89.5216,68.5114
29.223,0.561437,0.149899,-0.00153398,0.389216,0.570641,0.150188,-0,0.390084,0.329188,0.293443,89.547,68.5114
29.271,0.561437,0.149899,-0,0.389216,0.570641,0.149899,-0,0.390084,0.32832,0.294272,89.547,68.5114
29.3191,0.561437,0.149899,-0,0.389216,0.570641,0.149899,-0,0.390084,0.325245,0.292807,89.547,68.5114
29.367,0.561437,0.149609,-0,0.389216,0.570641,0.149899,-0,0.390084,0.325221,0.289776,89.5724,68.5114
29.415,0.561437,0.149609,-0,0.389216,0.570641,0.149899,-0,0.390084,0.324724,0.289791,89.5724,68.5114
29.463,0.561437,0.149609,-0,0.389216,0.570641,0.149899,-0,0.390084,0.324748,0.289833,89.5724,68.5114
29.511,0.561437,0.149609,-0,0.389216,0.570641,0.142086,-0,0.34986,0.325221,0.290546,89.5724,68.5114
29.559,0.561437,0.149609,-0,0.389216,0.570641,0.131957,-0,0.322659,0.325245,0.291266,89.5724,68.5114
29.607,0.561437,0.144111,-0,0.359989,0.570641,0.13051,-0,0.31253,0.195676,0.0959687,90.0557,71.0805
29.655,0.561437,0.134562,-0,0.328446,0.570641,0.120382,-0,0.284461,0.0740675,0.0310322,90.8951,73.853
29.703,0.561437,0.13051,-0,0.314845,0.561437,0.120093,-0,0.256969,0.098904,0.0298496,91.2512,75.0485
29.751,0.561437,0.122987,-0,0.291406,0.569107,0.110543,-0,0.232662,0.0143178,0.0280891,91.9125,77.1088
29.799,0.561437,0.119514,-0,0.263625,0.570641,0.0940485,-0,0.222533,0.0280535,0.0263249,92.2178,79.5507
29.847,0.562971,0.112569,-0,0.238449,0.578311,0.0998361,-0,0.186361,0.008544,0.0232594,92.8282,81.7636
29.895,0.564505,0.0983892,-0,0.225138,0.579845,0.109675,-0.0076699,0.153082,0.0161864,0.0245153,94.0746,82.9336
29.943,0.566039,0.0969423,-0,0.19591,0.579845,0.109964,-0,0.114884,0.01,0.0236008,94.2018,85.5027
29.991,0.569107,0.104177,-0.00153398,0.161763,0.579845,0.116331,-0,0.0558503,0.00921954,0.0242899,93.5659,88.5041
30.039,0.570641,0.107071,-0.00153398,0.124723,0.587515,0.145558,-0,0.0245973,0.00866025,0.0216102,93.3115,91.7599
30.087,0.570641,0.11199,-0,0.072345,0.590583,0.119514,-0,0.00260442,0.00591608,0.0223159,92.8791,96.3638
30.135,0.573709,0.13514,-0,0.0318318,0.590583,0.102151,-0,0,0.00728011,0.0261151,90.8442,99.9249
30.1829,0.578311,0.125302,-0,0.00839202,0.599786,0.109675,-0,0,0.00830662,0.0224944,91.7091,101.985
30.2309,0.579845,0.106202,-0,0.00086814,0.599786,0.100415,-0,0,0.00663325,0.0229129,93.3878,102.647
30.279,0.585981,0.106492,-0,0,0.599786,0.100125,-0,0,0.00663325,0.0225167,93.3624,102.723
30.3269,0.590583,0.102151,-0,0,0.599786,0.0920228,-0,0,0.00616441,0.0216102,93.7439,102.723
30.375,0.590583,0.0998361,-0,0,0.599786,0.0798689,-0,0,0.00734847,0.0231733,93.9474,102.723
30.4229,0.590583,0.0940485,-0,0,0.599786,0.0703193,-0,0,0.007,0.0220454,94.4561,102.723
30.4709,0.596719,0.0827627,-0,0,0.599786,0.0876821,-0,0,0.00458258,0.0218403,95.4482,102.723
30.5189,0.596719,0.0729238,-0,0,0.599786,0.057876,-0,0,0.00678233,0.0216795,96.313,102.723
30.567,0.598252,0.0821839,-0,0,0.598252,0.0584548,-0,0,0.00655744,0.0216102,95.499,102.723
30.615,0.599786,0.0645317,-0,0,0.599786,0.0503521,-0,0,0.00812404,0.0218403,97.0506,102.723
30.663,0.598252,0.0584548,-0,0,0.599786,0.0500627,-0,0,0.00830662,0.0214009,97.5848,102.723
30.711,0.599786,0.0520884,-0,0,0.599786,0.0500627,-0,0,0.00812404,0.0200998,98.1444,102.723
30.7589,0.599786,0.049484,-0,0,0.599786,0.0500627,-0,0,0.00812404,0.0209762,98.3733,102.723
30.8069,0.599786,0.0497734,-0,0,0.599786,0.0500627,-0,0,0.00830662,0.0194679,98.3479,102.723
30.8549,0.598252,0.0497734,-0,0,0.599786,0.0500627,-0,0,0.00748331,0.0205183,98.3479,102.723
30.9029,0.599786,0.0497734,-0,0,0.599786,0.0500627,-0,0,0.00812404,0.0208087,98.3479,102.723
30.9509,0.599786,0.0497734,-0,0,0.599786,0.0500627,-0,0,0.009,0.019105,98.3479,102.723
30.9989,0.599786,0.0497734,-0,0,0.599786,0.0500627,-0,0,0.00964365,0.020347,98.3479,102.723
31.0469,0.599786,0.0497734,-0,0,0.599786,0.0500627,-0,0,0.00748331,0.020347,98.3479,102.723
31.0949,0.599786,0.0497734,-0,0,0.599786,0.0500627,-0,0,0.00812404,0.0199499,98.3479,102.723
31.1429,0.599786,0.0497734,-0,0,0.599786,0.0500627,-0,0,0.00806226,0.0192873,98.3479,102.723
31.1909,0.598252,0.049484,-0,0,0.599786,0.0500627,-0,0,0.00812404,0.019105,98.3733,102.723
31.2389,0.599786,0.0497734,-0,0,0.599786,0.0500627,-0,0,0.00648074,0.0206398,98.3479,102.723
31.287,0.599786,0.0497734,-0,0,0.599786,0.0500627,-0,0,0.00806226,0.0187883,98.3479,102.723
31.335,0.599786,0.0497734,-0,0,0.599786,0.0596123,-0,0,0.00781025,0.0199499,98.3479,102.723
31.3829,0.599786,0.0497734,-0,0,0.599786,0.0520884,-0,0,0.00806226,0.0182757,98.3479,102.723
31.4309,0.599786,0.055561,-0,0,0.599786,0.0500627,-0,0,0.00728011,0.0194679,97.8391,102.723
31.4789,0.599786,0.0532459,-0,0,0.599786,0.057876,-0,0,0.00728011,0.0181384,98.0426,102.723
31.527,0.599786,0.0503521,-0,0,0.599786,0.0596123,-0,0,0.00806226,0.0204695,98.297,102.723
31.5749,0.598252,0.0544034,-0,0,0.599786,0.0599017,-0,0,0.00640312,0.0204695,97.9409,102.723
31.6229,0.599786,0.0567185,-0,0,0.599786,0.0599017,-0,0,0.00748331,0.0194679,97.7374,102.723
31.6709,0.599786,0.0570079,-0,0,0.599786,0.0599017,-0,0,0.00806226,0.0186011,97.712,102.723
31.7189,0.599786,0.0572972,-0,0,0.599786,0.0599017,-0,0,0.0072111,0.0201246,97.6865,102.723
31.7668,0.599786,0.0572972,-0,0,0.599786,0.0616379,-0,0,0.00728011,0.0204695,97.6865,102.723
31.815,0.599786,0.0572972,-0,0,0.599786,0.060191,-0,0,0.0072111,0.0190263,97.6865,102.723
31.8629,0.599786,0.0587441,-0,0,0.599786,0.0599017,-0,0,0.00714143,0.0194679,97.5593,102.723
31.9109,0.599786,0.0587441,-0,0,0.599786,0.0616379,-0,0,0.00866025,0.0182757,97.5593,102.723
31.9589,0.599786,0.0587441,-0,0,0.599786,0.060191,-0,0,0.00787401,0.0199499,97.5593,102.723
32.0069,0.599786,0.0590335,-0,0,0.599786,0.0599017,-0,0,0.00787401,0.0199499,97.5339,102.723
32.0549,0.599786,0.0590335,-0,0,0.599786,0.0599017,-0,0,0.00714143,0.019105,97.5339,102.723
32.1029,0.599786,0.0590335,-0,0,0.599786,0.0599017,-0,0,0.00866025,0.0199499,97.5339,102.723
32.1509,0.599786,0.0590335,-0,0,0.599786,0.0680043,-0,0,0.00866025,0.019105,97.5339,102.723
32.1988,0.598252,0.0590335,-0,0,0.599786,0.0682937,-0,0,0.00787401,0.0172627,97.5339,102.723
32.2468,0.599786,0.063953,-0,0,0.599786,0.07003,-0,0,0.00787401,0.0186011,97.1015,102.723
32.2948,0.599786,0.0656893,-0,0,0.599786,0.07003,-0,0,0.00787401,0.0181384,96.9489,102.723
32.3428,0.599786,0.0668468,-0,0,0.599786,0.07003,-0,0,0.00866025,0.0181384,96.8471,102.723
32.3908,0.599786,0.0671362,-0,0,0.599786,0.0795795,-0,0,0.00787401,0.019105,96.8217,102.723
32.4389,0.599786,0.0674255,-0,0,0.599786,0.0798689,-0,0,0.00787401,0.0181384,96.7963,102.723
32.4868,0.599786,0.07466,-0,0,0.599786,0.0798689,-0,0,0.00866025,0.0194679,96.1604,102.723
32.5348,0.599786,0.0769751,-0,0,0.599786,0.0798689,-0,0,0.00883176,0.019105,95.9569,102.723
32.5828,0.598252,0.0772645,-0,0,0.599786,0.0798689,-0,0,0.00948683,0.0177482,95.9314,102.723
32.6308,0.598252,0.0772645,-0,0,0.599786,0.0798689,-0,0,0.00948683,0.0177482,95.9314,102.723
32.6788,0.599786,0.0772645,-0,0,0.599786,0.0798689,-0,0,0.00948683,0.0177482,95.9314,102.723
32.7268,0.598252,0.0772645,-0,0,0.599786,0.0798689,-0,0,0.00948683,0.0177482,95.9314,102.723
