t,aa0,fe0,aa1,fe1,ctq0,ctq1,dtq0,dtq1
1.29446,0.52,0,-0.01,0.01,9.63,13.42,0,0.03
1.29454,0,4.55548e-41,0,0,3.63847e-41,0,7.42688e-44,0
1.29457,0,0,0,0,0,0,5.1848e-44,0
1.29458,0,4.55548e-41,0,0,4.0057e-11,1.21115e-39,7.42688e-44,0
1.31198,0.1,0,0,0,0,0,0,0
1.33607,0.1,0,0,0,0,0,0,0
1.36002,0.1,0,0,0,0,0,0,0
1.38406,0.1,0,0,0,0,-0.17,0,0
1.40795,0.1,0,0,0,0,0,0,0
1.43195,0.1,0,0,0,0,0,0,0
1.45581,0.1,0,0,0,0,0,0,0
1.47989,0.1,0,0,0,0,0,0,0
1.50372,0.1,0,0,0,0,0,0,0
1.52763,0.1,0,0,0,0,0,0,0
1.55147,0.1,0,0,0,0,0,0,0
1.57536,0.1,0,0,0,0,0,0,0
1.59938,0.1,0,0,0,0,0,0,0
1.62328,0.1,0,0,0,0,0,0,0
1.64716,0.1,0,0,0,0,0,0,0
1.67098,0.1,0,0,0,0,0,0,0
1.69491,0.1,0,0,0,0,0,0,0
1.71577,0.1,0,0,0,0,0,0,0
1.73633,0.1,0,0,0,0,0,0,0
1.75696,0.1,0,0,0,0,0,0,0
1.77779,0.1,0,0,0,0,0,0,0
1.80183,0.1,0,0,0,0,0,0,0
1.82569,0.1,0,0,0,0,0,0,0
1.8496,0.1,0,0,0,0,0,0,0
1.87348,0.1,0,0,0,0,0,0,0
1.89759,0.1,0,0,0,0,0,0,0
1.92148,0.1,0,0,0,0,0,0,0
1.94529,0.1,0,0,0,0,0,0,0
1.96914,0.1,0,0,0,0,0,0,0
1.99304,0.1,0,0,0,0,0,0,0
2.01712,0.1,0,0,0,0,0,0,0
2.04098,0.1,0,0,0,0,0,0,0
2.06485,0.1,0,0,0,0,0,0,0
2.0887,0.1,0,0,0,0,0,0,0
2.11275,0.1,0,0,0,0,0,0,0
2.13675,0.1,0,-0,0,0,0,0,0
2.16066,0.1,0,0,0,0,0,0,0
2.18471,0.1,0,0,0,0,0,0,0
2.2087,0.1,0,0,0,0,0,0,0
2.23266,0.1,0,0,0,0,0,0,0
2.25666,0.1,0,0,0,0,0,0,0
2.28066,0.1,0,0,0,0,0,0,0
2.30455,0.1,0,0,0,0,0,0,0
2.32841,0.1,0,0,0,0,0,0,0
2.35231,0.1,0,0,0,0,0,0,0
2.37618,0.1,0,0,0,0,0,0,0
2.40021,0.1,0,0,0,0,0,0,0
2.42402,0.1,0,0,0,0,0,0,0
2.44794,0.1,0,0,0,0,0,0,0
2.47181,0.1,0,0,0,0,0,0,0
2.49587,0.1,0,0,0,0,0,0,0
2.51969,0.1,0,0,0,0,0,0,0
2.54366,0.1,0,0,0,0,0,0,0
2.56766,0.1,0,0,0,0,0,0,0
2.59156,0.1,0,0,0,0,0,0,0
2.61556,0.1,0,0,0,0,0,0,0
2.63958,0.1,0,0,0,0,0,0,0
2.66341,0.1,0,0,0,0,0,0,0
2.68747,0.1,0,0,0,0,0,0,0
2.71147,0.1,0,-0,0,0,0,0,0
2.73537,0.1,0,0,0,0,0,0,0
2.75939,0.1,0,0,0,0,0,0,0
2.78347,0.1,0,0,0,0,0,0,0
2.80732,0.1,0,0,0,0,0,0,0
2.83138,0.1,0,0,0,0,0,0,0
2.85542,0.1,0,0,0,0,0,0,0
2.87928,0.1,0,0,0,0,0,0,0
2.90332,0.1,0,0,0,0,0,0,0
2.92737,0.1,0,0,0,0,0,0,0
2.95138,0.1,0,0,0,0,0,0,0
2.97528,0.1,0,0,0,0,0,0,0
2.99933,0.1,0,0,0,0,0,0,0
3.02333,0.1,0,0,0,0,0,0,0
3.04724,0.1,0,0,0,0,0,0,0
3.07128,0.1,0,0,0,0,0,0,0
3.09533,0.1,0,0,0,0,0,0,0
3.11937,0.1,0,0,0,0,0,0,0
3.14323,0.1,0,0,0,0,0,0,0
3.16728,0.1,0,0,0,0,0,0,0
3.19133,0.1,0,0,0,0,0,0,0
3.21519,0.1,0,0,0,0,0,0,0
3.23923,0.1,0,0,0,0,0,0,0
3.26328,0.1,0,0,0,0,0,0,0
3.28733,0.1,0,0,0,0,1.04,0,0
3.3112,0.1,0,0,0,0,1.04,0,0
3.33523,0.1,0,0,0,0,0.7,0,0
3.35928,0.1,0,0,0,0,0.17,0,0
3.38315,0.1,0,0,0,0,0,0,0
3.40719,0.1,0,0,0,0,0,0,0
3.43123,0.1,0,0,0,0,0,0,0
3.4551,0.1,0,0,0,0,0,0,0
3.47895,0.1,0,0,0,0,0,0,0
3.50282,0.1,0,0,0,0,0,0,0
3.52669,0.1,0,0,0,0,0,0,0
3.55073,0.1,0,0,0,0,0,0,0
3.57463,0.1,0,0,0,0,0,0,0
3.59849,0.1,0,0,0,0,0,0,0
3.62239,0.1,0,0,0,0,0,0,0
3.64638,0.1,0,0,0,0,0,0,0
3.67028,0.1,0,0,0,0,0,0,0
3.69433,0.1,0,0,0,0,0,0,0
3.71815,0.1,0,0,0,0,0,0,0
3.74205,0.1,0,0,0,0,0,0,0
3.76592,0.1,0,0,0,0,0,0,0
3.78996,0.1,0,0,0,0,0,0,0
3.81383,0.1,0,0,0,0,0,0,0
3.83769,0.1,0,0,0,0,0,0,0
3.86174,0.1,0,0,0,0,0,0,0
3.8856,0.1,0,0,0,0,0,0,0
3.90949,0.1,0,0,0,0,0,0,0
3.93349,0.1,0,0,0,0,0,0,0
3.95739,0.1,0,0,0,0,0,0,0
3.98125,0.1,0,0,0,0,0,0,0
4.00529,0.1,0,0,0,0,0,0,0
4.02917,0.1,0,0,0,0,0,0,0
4.05303,0.1,0,0,0,0,0,0,0
4.07687,0.1,0,0,0,0,0,0,0
4.10092,0.1,0,0,0,0,0,0,0
4.12478,0.1,0,0,0,0,0,0,0
4.14868,0.1,0,0,0,0,0,0,0
4.17274,0.1,0,0,0,0,0,0,0
4.1966,0.1,0.01,0,0,0,0,0,0
4.22049,0.1,0.01,0,0,0,0,0,0
4.24435,0.1,0,0,0,0,0,0,0
4.26839,0.1,0,0,0,0,0,0,0
4.29565,0.1,0.01,0,0,1.01,1.22,0,0
4.32279,0.1,0.01,0,0,1.01,0,0,0
4.35006,0.1,0.01,0,0,0.5,0.87,0,0
4.37753,0.1,0.01,0,0,-0.17,1.04,0,0
4.40142,0.1,0.01,0,0,0,0.7,0,0
4.42203,0.1,0.01,0,0,0,0,0,0
4.44288,0.1,0.01,0,0,0,0,0,0
4.46352,0.1,0.01,0,0,0,0,0,0
4.48413,0.1,0.01,0,0,0,0,0,0
4.50819,0.1,0.01,0,0,0,0,0,0
4.53199,0.1,0.01,0,0,0,0,0,0
4.55594,0.1,0.01,-0,0,0,0,0,0
4.5799,0.1,0.01,-0,0,0,0,0,0
4.60384,0.1,0.01,0,0,0,0,0,0
4.6279,0.1,0.01,-0,0,0,0,0,0
4.65175,0.1,0.01,-0,0,0,0,0,0
4.6757,0.1,0.01,-0,0,0,0,0,0
4.6997,0.1,0.01,-0,0,0,0,0,0
4.72027,0.1,0.01,-0,0,0,0,0,0
4.74412,0.1,0.01,-0,0,0,0,0,0
4.76819,0.1,0.01,-0,0,0,0.17,0,0
4.79198,0.1,0.01,-0,0,0,0,0,0
4.81599,0.1,0.01,-0,0,0,0,0,0
4.83679,0.1,0.01,-0,0,0,0,0,0
4.86066,0.1,0.01,-0,0,0,0,0,0
4.88132,0.1,0.01,-0,0,0,0,0,0
4.90207,0.1,0.01,-0,0,0,0,0,0
4.9227,0.1,0.01,-0,0,0,0,0,0
4.94351,0.1,0.01,-0,0,0,0,0,0
4.96741,0.1,0,0,0,0,0,0,0
4.99127,0.1,0.01,-0,0,0,0,0,0
5.01862,0.1,0.01,-0,0,0.17,0,0,0
5.04265,0.1,0.01,-0,0,0,0,0,0
5.06661,0.1,0,-0,0,0,0,0,0
5.09055,0.1,0.01,-0,0,0,0,0,0
5.11774,0.1,0.01,-0,0,0.17,0,0,0
5.14177,0.1,0,-0,0,0,0,0,0
5.16561,0.1,0.01,-0,0,0,0,0,0
5.19283,0.1,0.01,-0,0,0.17,0,0,0
5.21667,0.1,0.01,-0,0,0,0,0,0
5.24071,0.1,0.01,-0,0,0,0,0,0
5.26131,0.1,0,-0,0,0,0,0,0
5.28213,0.1,0,-0,0,0,0,0,0
5.30275,0.1,0.01,-0,0,0,0,0,0
5.32335,0.1,0,-0,0,0,0,0,0
5.34417,0.1,0,-0,0,0,0,0,0
5.36823,0.1,0,-0,0,0,0,0,0
5.39208,0.1,0.01,-0,0,0,0,0,0
5.41613,0.1,0.01,-0,0,0,0,0,0
5.43998,0.1,0.01,-0,0,0,0,0,0
5.46385,0.1,0,-0,0,0,0,0,0
5.48802,0.1,0,-0,0,0,0,0,0
5.51205,0.1,0,-0,0,0,0,0,0
5.53596,0.1,0,-0,0,0,0,0,0
5.55998,0.1,0.01,-0,0,0,0,0,0
5.58402,0.1,0.01,-0,0,0,0,0,0
5.6079,0.1,0.01,-0,0,0,0,0,0
5.63195,0.1,0.01,-0,0,0,0,0,0
5.65581,0.1,0.01,-0,0,0,0,0,0
5.67987,0.1,0.01,-0,0,0,0,0,0
5.7039,0.1,0.01,-0,0,0,0,0,0
5.72776,0.1,0.01,-0,0,0,0,0,0
5.75182,0.1,0,-0,0,0,0,0,0
5.77587,0.1,0,-0,0,0,0,0,0
5.79987,0.1,0,-0,0,0,0,0,0
5.82377,0.1,0.01,-0,0,0,0,0,0
5.84777,0.1,0,-0,0,0,0,0,0
5.87182,0.1,0,-0,0,0,0,0,0
5.89587,0.1,0,-0,0,0,1.22,0,0
5.91975,0.1,0,-0,0,0,1.22,0,0
5.94378,0.1,0,-0,0,0,0.87,0,0
5.96778,0.1,0,-0,0,0,0.35,0,0
5.9917,0.1,0,0,0,0,0,0,0
6.01571,0.1,0,-0,0,0,0,0,0
6.03964,0.1,0,-0,0,0,0,0,0
6.06343,0.1,0,-0,0,0,0,0,0
6.08746,0.1,0,-0,0,0,0,0,0
6.11153,0.1,0,-0,0,0,0,0,0
6.13538,0.1,0,-0,0,0,0,0,0
6.15942,0.1,0,-0,0,0,0,0,0
6.18328,0.1,0,-0,0,0,0,0,0
6.20732,0.1,0,-0,0,0,0,0,0
6.23138,0.1,0,-0,0,0,0,0,0
6.25542,0.1,0,-0,0,0,0,0,0
6.27961,0.1,0,-0,0,0,0,0,0
6.30363,0.1,0,-0,0,0,0,0,0
6.32743,0.1,0,-0,0,0,0,0,0
6.3514,0.1,0,-0,0,0,0,0,0
6.37542,0.1,0,-0,0,0,0,0,0
6.39928,0.1,0,-0,0,0,0,0,0
6.42333,0.1,0,-0,0,0,0,0,0
6.44739,0.1,0,-0,0,0,0,0,0
6.47124,0.1,0,-0,0,0,0,0,0
6.49509,0.1,0,-0,0,0,0,0,0
6.51915,0.1,0,-0,0,0,0,0,0
6.543,0.1,0,-0,0,0,0,0,0
6.56705,0.1,0,-0,0,0,0,0,0
6.59091,0.1,0,-0,0,0,0,0,0
6.61479,0.1,0,-0,0,0,0,0,0
6.63882,0.1,0,-0,0,0,0,0,0
6.66274,0.1,0,-0,0,0,0,0,0
6.68677,0.1,0,-0,0,0,0,0,0
6.71078,0.1,0,-0,0,0,0,0,0
6.73468,0.1,0,-0,0,0,0,0,0
6.75872,0.1,0,-0,0,0,0,0,0
6.78265,0.1,0,-0,0,0,0,0,0
6.80664,0.1,0,-0,0,0,0,0,0
6.83059,0.1,0,-0,0,0,0,0,0
6.8547,0.1,0,-0,0,0,0,0,0
6.87849,0.1,0,-0,0,0,0,0,0
6.9026,0.1,0,-0,0,0,0,0,0
6.92645,0.1,0,-0,0,0,0,0,0
6.95049,0.1,0,-0,0,0,0,0,0
6.97435,0.1,0,-0,0,0,0,0,0
6.99824,0.1,0,-0,0,0,0,0,0
7.02227,0.1,0,-0,0,0,0,0,0
7.04631,0.1,0,-0,0,0,0,0,0
7.07022,0.1,0,-0,0,0,0,0,0
7.09416,0.1,0,-0,0,0,0,0,0
7.1182,0.1,0,-0,0,0,0,0,0
7.14225,0.1,0,-0,0,0,0,0,0
7.16612,0.1,0,-0,0,0,0,0,0
7.19018,0.1,0,-0,0,0,0,0,0
7.21401,0.1,0,-0,0,0,0,0,0
7.23796,0.1,0,0,0,0,0,0,0
7.26196,0.1,0,-0,0,0,0,0,0
7.28586,0.1,0,-0,0,0,0,0,0
7.30974,0.1,0,-0,0,0,0,0,0
7.33364,0.1,0,-0,0,0,0,0,0
7.35809,0.1,0,-0,0,0,0,0,0
7.38353,0.1,0,-0,0,0,0,-0.99,-0.33
7.40765,0.1,0,-0,0,0,0,-0.99,-0.33
7.43282,0.1,0,-0,0,0,0,-1.1,-0.39
7.45684,0.1,0,-0,0,0,0,-1.1,-0.39
7.48211,0.1,0,-0,0,0,0,-1.21,-0.41
7.50612,0.1,0,-0,0,0,0,-1.21,-0.41
7.53135,0.1,0,-0,0,0,0,-1.15,-0.41
7.5554,0.1,0,-0,0,0,0,-1.15,-0.41
7.58065,0.1,0,-0,0,0,0,-1.13,-0.33
7.60471,0.1,0,-0,0,0,0,-1.13,-0.33
7.62993,0.1,0,-0,0,0,0,-1.21,-0.39
7.654,0.1,0,-0,0,0,0,-1.21,-0.39
7.67923,0.1,0,-0,0,0,0,-1.15,-0.41
7.70326,0.1,0,-0,0,0,0,-1.15,-0.41
7.7285,0.1,0,-0,0,0,0,-1.13,-0.41
7.75255,0.1,0,-0,0,0,0,-1.13,-0.41
7.77781,0.1,0,-0,0,0,0,-1.13,-0.33
7.80185,0.1,0,-0,0,0,0,-1.13,-0.33
7.82721,0.1,0,-0,0,0,0,-1.21,-0.39
7.85245,0.1,0,-0,0,0,0,-1.15,-0.41
7.87671,0.1,0,-0,0,0,0,-1.15,-0.41
7.90196,0.1,0,-0,0,0,0,-1.13,-0.41
7.92598,0.1,0,-0,0,0,1.04,-1.13,-0.41
7.95139,0.1,0,-0,0,0,1.04,-1.13,-0.33
7.97544,0.1,0,-0,0,0,0.52,-1.13,-0.33
8.00084,0.1,0,-0,0,0,0.17,-1.13,-0.31
8.02502,0.1,0,-0,0,0,0,-1.13,-0.31
8.05026,0.1,0,-0,0,0,0,-1.13,-0.31
8.07431,0.1,0,-0,0,0,0,-1.13,-0.31
8.09976,0.1,0,-0,0,0,0,-1.13,-0.39
8.12036,0.1,0,-0,0,0,0,-1.13,-0.39
8.1444,0.1,0,-0,0,0,0,-1.13,-0.39
8.16967,0.1,0,-0,0,0,0.35,-1.13,-0.32
8.19388,0.1,0,-0,0,0,0.17,-1.13,-0.32
8.2191,0.1,0,-0,0,0,0,-1.13,-0.31
8.23994,0.1,0,-0,0,0,0,-1.13,-0.31
8.26496,0.1,0,-0,0,0,0,-1.13,-0.31
8.28896,0.1,0,-0,0,0,0,-1.13,-0.31
8.31417,0.1,0,-0,0,0,0,-1.13,-0.39
8.33823,0.1,0,-0,0,0,0,-1.13,-0.39
8.36351,0.1,0,-0,0,0,0,-1.13,-0.32
8.38756,0.1,0,-0,0,0,0,-1.13,-0.32
8.41282,0.1,0,-0,0,0,0,-1.13,-0.31
8.43686,0.1,0,-0,0,0,0,-1.13,-0.31
8.46197,0.1,0,-0,0,0,0,-1.13,-0.31
8.48597,0.1,0,-0,0,0,0,-1.13,-0.31
8.51443,0.1,0,-0,0,1.01,0,-1.13,-0.23
8.53852,0.1,0,-0,0,0,0,-1.13,-0.23
8.56701,0.1,0,-0,0,0.5,0,-1.13,-0.29
8.59548,0.1,0,-0,0,0.67,0,-1.13,-0.22
8.62283,0.09,0,-0,0,0.34,0,-1.13,-0.22
8.64801,0.1,0,-0,0,0,0,-1.13,-0.21
8.67324,0.1,0,-0,0,0,0,-1.13,-0.12
8.69745,0.1,0,-0,0,0,0,-1.13,-0.12
8.72272,0.1,0,-0,0,0,0,-1.13,-0.19
8.74671,0.1,0,-0,0,0,0,-1.13,-0.19
8.77267,0.09,0,-0,0,0,0,-1.05,-0.28
8.79652,0.09,0,-0,0,0,0,-1.05,-0.28
8.82588,0.1,0,-0,0,0.84,1.22,-1.11,-0.22
8.85335,0.1,0,-0,0,0.84,0,-1.11,-0.22
8.87857,0.1,0,0,0,0.34,0,-1.21,-0.21
8.89953,0.11,0,-0,0,0,0,-1.21,-0.21
8.92493,0.11,0,-0,0,0,1.39,-1.15,-0.21
8.94899,0.11,0,-0,0,0,0,-1.15,-0.21
8.97115,0.11,0,-0,0,0,0,-1.05,-0.21
8.9952,0.12,0,-0,0,0,1.04,-1.05,-0.21
9.0191,0.12,0,0,0,0,1.22,-1.05,-0.21
9.04432,0.13,0,-0,0,0,0.87,-1.11,-0.29
9.0665,0.15,0,-0,0,0,0,-1.13,-0.22
9.08727,0.15,0,-0,0,0,0,-1.13,-0.22
9.10939,0.15,0,-0,0,0,0,-1.13,-0.13
9.13342,0.15,0,-0,0,0,0.7,-1.13,-0.13
9.15886,0.17,0,-0,0,0,1.04,-1.05,-0.19
9.18295,0.17,0,-0,0,0,0.87,-1.05,-0.19
9.20836,0.18,0,-0,0,0,0.35,-1.03,-0.12
9.2292,0.18,0,-0,0,0,0,-1.03,-0.12
9.25123,0.18,0,-0,0,0,0,-1.11,-0.19
9.27524,0.19,0.01,-0,0,1.01,0,-1.11,-0.19
9.30388,0.21,0.01,-0,0,1.01,1.04,-1.04,-0.12
9.33132,0.22,0.01,-0,0,0.51,0,-1.04,-0.12
9.35672,0.23,0.01,-0,0,-0.17,0,-1.03,-0.02
9.38419,0.27,0.02,-0,0,1.01,1.22,-1.03,-0.02
9.41281,0.28,0.02,-0,0,2.03,0,-1.03,-0.09
9.44038,0.28,0.01,-0,0,0.34,0.87,-1.03,-0.09
9.46597,0.29,0.02,-0.01,0,1.69,0,-1.11,-0.1
9.49001,0.3,0.01,-0,0,1.86,0,-1.11,-0.1
9.51868,0.32,0.02,-0,0,2.2,1.22,-1.04,-0.1
9.54592,0.34,0.02,-0,0,1.36,0,-1.04,-0.1
9.57133,0.35,0.03,-0,0,2.72,0,-1.02,-0.1
9.60083,0.37,0.03,-0,0,2.04,1.22,-1.02,-0.1
9.62811,0.37,0.03,-0,0,0.85,2.26,-1.02,-0.1
9.65678,0.37,0.03,-0,0,0.34,1.74,-1.02,-0.1
9.68412,0.37,0.04,-0,0,1.87,0.87,-1.02,-0.1
9.71279,0.37,0.04,-0,0,2.04,0.17,-1.1,-0.1
9.73696,0.37,0.04,-0,0,-0.17,0,-1.1,-0.1
9.76578,0.37,0.05,-0,0,3.76,0.17,-1.03,-0.1
9.7911,0.39,0.05,-0,0,3.93,0,-1.09,-0.1
9.81536,0.41,0.05,-0,0,3.42,0,-1.09,-0.1
9.84078,0.41,0.05,-0,0,3.09,0,-1.02,-0.02
9.86794,0.42,0.06,-0,0,5.33,1.04,-1.02,-0.02
9.89669,0.41,0.07,-0,0,4.13,0.87,-1,-0.08
9.92257,0.42,0.08,-0,0,6.21,0,-1.08,-0.1
9.95006,0.42,0.08,-0,0,5.18,0,-1.08,-0.1
9.97548,0.43,0.08,-0,0,3.28,0,-1.01,-0.1
10.0028,0.44,0.08,-0,0,1.73,0.17,-1.01,-0.1
10.0317,0.45,0.09,-0,0,1.9,0.35,-0.99,-0.1
10.0557,0.46,0.08,-0,0,0,0,-0.99,-0.1
10.0844,0.46,0.09,-0,0,0.52,0,-0.98,-0.1
10.1116,0.47,0.09,-0,0,0.86,0.35,-0.98,-0.1
10.1404,0.46,0.09,-0,0,1.38,0,-1.05,-0.1
10.1676,0.47,0.09,-0,0,2.08,-0.17,-1.05,-0.1
10.1963,0.47,0.09,-0,0,1.39,0,-1.05,-0.1
10.2224,0.47,0.09,-0,0.01,1.73,0,-1.05,-0.1
10.2512,0.47,0.09,-0,0,1.21,0,-1.05,-0.1
10.2785,0.47,0.09,-0,0,0.35,0.35,-1.05,-0.1
10.3039,0.47,0.09,-0,0.01,0,0,-1.05,-0.1
10.3278,0.47,0.09,-0,0.01,0,0,-1.05,-0.1
10.3532,0.47,0.09,-0,0.01,0.35,0,-1.05,-0.02
10.3804,0.47,0.09,-0,0,0,0,-1.05,-0.02
10.4091,0.47,0.09,-0,0,0,0.52,-0.97,-0.08
10.4299,0.47,0.09,-0,0,0,0,-0.97,-0.08
10.4521,0.48,0.09,-0,0,0,0,-1.03,-0.09
10.4728,0.47,0.09,-0,0,0,0,-1.03,-0.09
10.495,0.48,0.08,-0,0,0,0,-1.04,-0.09
10.5157,0.5,0.08,-0,0,0,0,-1.04,-0.09
10.5365,0.51,0.08,-0,0,0,0,-1.04,-0.09
10.5619,0.51,0.09,-0,0,0.35,0,-0.97,-0.09
10.5892,0.51,0.09,-0,0,1.21,0,-0.97,-0.09
10.6146,0.52,0.09,-0,0,0,0,-0.95,-0.09
10.6386,0.52,0.09,-0,0,0,1.22,-0.95,-0.09
10.6641,0.52,0.09,-0,0,0,0,-0.95,-0.02
10.6849,0.52,0.09,-0,0,0,0,-0.95,-0.02
10.707,0.52,0.08,-0,0,0,0,-0.95,-0
10.731,0.52,0.09,-0,0,0,0,-0.95,-0
10.7597,0.52,0.09,-0,0,0.17,0,-0.95,-0
10.787,0.52,0.09,-0,0,1.04,0,-0.95,-0
10.8154,0.52,0.09,-0,0,0.87,0,-1.03,-0.08
10.8395,0.52,0.09,-0,0,0,0,-1.03,-0.08
10.8649,0.52,0.09,-0,0,0,0,-1.04,-0.09
10.889,0.52,0.09,-0,0,0,0,-1.04,-0.09
10.9142,0.52,0.09,-0,0,0,0,-1.04,-0.09
10.9383,0.52,0.09,-0,0,0,0,-1.04,-0.09
10.9637,0.52,0.09,-0,0,0,0,-0.97,-0.09
10.9923,0.52,0.09,-0,0,1.04,0,-0.95,-0.09
11.0197,0.52,0.09,-0,0,2.25,0,-0.95,-0.09
11.045,0.52,0.09,-0,0,1.73,0,-0.95,-0.09
11.0724,0.52,0.09,-0,0,0.87,0.17,-0.95,-0.09
11.1011,0.52,0.09,-0,0,0.17,0.35,-1.03,-0.02
11.1266,0.53,0.09,-0,0,0,0,-1.04,-0
11.1507,0.53,0.09,-0,0,0,0,-1.04,-0
11.1793,0.53,0.09,-0,0,1.04,0,-0.97,-0
11.2033,0.53,0.09,-0,0,0,0,-0.97,-0
11.2286,0.53,0.09,-0,0,0,0,-1.03,-0
11.2526,0.53,0.09,-0,0,0,0,-1.03,-0
11.2813,0.53,0.09,-0,0,1.04,0,-0.97,-0
11.3085,0.53,0.09,-0,0,1.04,0,-0.97,-0
11.3373,0.53,0.09,-0,0,0.35,0,-1.03,-0
11.3647,0.53,0.1,-0,0,1.04,0,-1.03,-0
11.3933,0.54,0.09,-0,0,0,0,-0.97,-0
11.4206,0.54,0.1,-0,0,0.35,0,-0.97,-0
11.4494,0.54,0.1,-0,0,0.69,0,-0.95,-0
11.478,0.54,0.1,-0,0,0.35,0,-1.03,-0
11.5034,0.55,0.1,-0,0,0,0,-1.04,-0
11.5307,0.56,0.1,-0,0,1.04,0,-1.04,-0
11.5595,0.56,0.1,-0,0,2.26,0,-0.97,-0
11.5869,0.56,0.1,-0,0,0.52,0,-0.97,-0
11.6153,0.56,0.11,-0,0,3.13,0,-1.03,0.08
11.6424,0.56,0.12,-0,0,4.35,0,-1.03,0.08
11.6711,0.56,0.12,0,0.01,2.61,1.22,-1.04,0.02
11.7008,0.56,0.13,0,0.02,6.63,2.26,-0.96,0.08
11.7282,0.56,0.14,0,0.02,8.2,1.57,-0.96,0.08
11.7569,0.57,0.15,0,0.04,8.39,0.87,-0.95,0.02
11.7841,0.56,0.15,0.01,0.04,6.47,2.61,-0.95,0.02
11.8128,0.57,0.15,0,0.05,4.37,1.04,-1.02,0
11.8404,0.57,0.16,0,0.06,3.32,-0.17,-1.02,0
11.8689,0.57,0.16,0,0.07,1.75,0,-0.95,0
11.8963,0.57,0.17,0,0.08,4.2,0,-0.95,0
11.9217,0.57,0.17,0,0.09,3.5,0,-0.93,0
11.9509,0.57,0.17,0,0.09,3.68,0.17,-0.99,0
11.978,0.57,0.17,0,0.09,3.85,0.52,-0.99,0
12.0034,0.57,0.18,0,0.1,4.55,0,-0.92,0
12.0275,0.57,0.18,0,0.1,1.93,0,-0.92,0
12.0529,0.57,0.18,0,0.1,1.4,0,-0.9,0.07
12.0771,0.57,0.18,0,0.1,0.88,0,-0.9,0.07
12.1056,0.57,0.18,0,0.1,0.35,0,-0.96,0.01
12.1296,0.57,0.17,0,0.1,0,0,-0.96,0.01
12.155,0.57,0.18,-0,0.1,0,0,-0.97,0
12.1805,0.56,0.18,0,0.1,0,0,-0.97,0
12.2044,0.57,0.18,0,0.1,0,0,-0.97,0
12.233,0.57,0.18,-0,0.1,0.88,0,-0.89,0
12.2602,0.57,0.18,0,0.1,0.88,0,-0.89,0
12.2855,0.57,0.17,0,0.1,0,0,-0.88,0
12.3095,0.57,0.18,0,0.1,0,0,-0.88,0
12.3382,0.57,0.18,0,0.1,0.18,0,-0.6,0
12.3622,0.57,0.18,0,0.1,0,0,-0.6,0
12.3875,0.57,0.18,0,0.1,0,0,0.44,-0.07
12.4147,0.57,0.18,0,0.1,0.7,0,0.44,-0.07
12.4402,0.57,0.18,0,0.1,0,0,0.99,-0.08
12.4642,0.57,0.17,0,0.1,0,0,0.99,-0.08
12.4896,0.57,0.17,0,0.1,0,0,-0.22,-0.09
12.5136,0.57,0.18,0,0.1,0,0,-0.22,-0.09
12.5391,0.57,0.18,0,0.1,0,0,-0.74,-0.02
12.5665,0.57,0.18,0,0.1,0.88,0,-0.74,-0.02
12.5951,0.57,0.18,0,0.1,0.88,0,-0.85,-0.07
12.6224,0.57,0.18,0,0.1,0.35,0,-0.85,-0.07
12.6478,0.57,0.18,0,0.1,0,0,-0.87,-0.08
12.6732,0.57,0.18,0,0.1,0,0,-0.87,-0.02
12.6986,0.57,0.18,0,0.1,0,0,-0.94,-0.07
12.7259,0.57,0.19,-0,0.1,1.05,0,-0.94,-0.07
12.7546,0.57,0.19,0,0.1,1.05,0,-0.89,-0.08
12.7786,0.57,0.18,0,0.1,0,0,-0.89,-0.08
12.8071,0.57,0.18,0,0.1,0,0,-0.87,-0.09
12.8344,0.57,0.19,0,0.1,1.4,0,-0.87,-0.09
12.8632,0.57,0.19,0,0.1,-0.18,0,-0.87,-0.09
12.8905,0.57,0.19,0,0.1,1.58,0,-0.87,-0.09
12.9192,0.57,0.19,0,0.1,1.93,0,-0.87,-0.09
12.9464,0.57,0.19,0,0.11,2.1,0,-0.87,-0.09
12.975,0.57,0.19,0,0.11,1.23,0,-0.38,-0.09
13.0037,0.57,0.2,0,0.11,1.75,0,0.96,-0.09
13.031,0.57,0.2,0,0.11,1.23,0,0.96,-0.09
13.0595,0.57,0.2,0,0.11,1.75,0,1.58,-0.02
13.0868,0.57,0.2,0,0.11,1.05,0.17,1.58,-0.02
13.1122,0.57,0.2,0,0.11,0,0,1.63,-0.07
13.1328,0.57,0.2,0,0.12,0,0,1.63,-0.07
13.155,0.57,0.2,0,0.12,0,0,1.91,-0.01
13.179,0.57,0.2,0,0.12,0,0.35,1.91,-0.01
13.2042,0.57,0.2,-0,0.13,0,0.7,3.63,-0
13.2283,0.57,0.19,-0,0.13,0,0.35,3.63,-0
13.2537,0.57,0.2,-0,0.13,0,2.26,5.94,-0.07
13.2777,0.57,0.2,-0,0.14,0,3.49,5.94,-0.07
13.3066,0.57,0.2,0,0.14,-0.18,2.09,7.56,-0.08
13.3339,0.57,0.2,0,0.14,0.88,1.05,7.56,-0.08
13.3625,0.57,0.2,-0,0.15,0.88,2.44,7.47,-0.09
13.3911,0.57,0.2,-0,0.15,1.58,2.09,7.8,-0.15
13.4152,0.56,0.2,-0,0.15,1.05,0,7.8,-0.15
13.4439,0.57,0.2,-0,0.16,0.53,0.35,7.26,-0.17
13.4711,0.57,0.2,0,0.17,0,0.7,7.26,-0.17
13.4998,0.57,0.21,-0,0.17,2.28,2.62,8.85,-0.17
13.5313,0.57,0.21,-0,0.17,2.28,2.09,10.06,-0.24
13.5613,0.57,0.21,0,0.17,2.8,3.14,10.06,-0.24
13.5929,0.57,0.22,-0,0.18,6.65,-0.17,10.51,-0.19
13.6198,0.57,0.21,0.01,0.18,5.95,0,10.51,-0.19
13.6514,0.57,0.21,-0,0.19,5.25,2.27,11.77,-0.24
13.6828,0.57,0.22,0,0.2,7.88,6.47,13.53,-0.19
13.7131,0.57,0.21,-0,0.2,7.18,5.07,13.53,-0.19
13.7445,0.57,0.21,-0.01,0.21,7.53,3.15,14.92,-0.24
13.7747,0.57,0.21,-0,0.22,7.88,0.7,14.92,-0.24
13.806,0.57,0.21,-0,0.22,8.4,1.93,16.61,-0.25
13.8374,0.57,0.21,-0,0.22,8.93,3.33,18.36,-0.19
13.869,0.56,0.21,0,0.23,9.28,2.1,18.1,-0.17
13.8991,0.57,0.21,-0,0.24,8.76,3.15,18.1,-0.17
13.9304,0.57,0.21,0,0.24,10.16,2.28,18.45,-0.17
13.9618,0.57,0.21,-0,0.24,10.68,1.93,18.73,-0.24
13.9922,0.56,0.21,-0,0.25,7.88,4.73,18.73,-0.24
14.0235,0.57,0.2,-0,0.25,7.36,5.95,19.19,-0.25
14.0551,0.57,0.21,-0,0.25,9.11,5.78,20.43,-0.19
14.0853,0.57,0.2,-0,0.26,8.58,5.78,20.43,-0.19
14.1166,0.57,0.2,-0,0.27,8.06,2.28,20.48,-0.24
14.147,0.57,0.2,-0,0.28,9.81,2.45,20.48,-0.24
14.1784,0.57,0.2,-0,0.29,10.33,3.15,21.77,-0.25
14.2097,0.57,0.2,-0,0.29,9.81,1.93,21.83,-0.19
14.2401,0.57,0.21,0,0.3,12.79,1.93,21.83,-0.19
14.2714,0.57,0.2,-0,0.3,10.86,2.28,20.94,-0.31
14.3035,0.57,0.21,-0,0.3,14.71,1.58,20.31,-0.27
14.3336,0.57,0.21,-0,0.3,15.24,1.75,20.31,-0.27
14.3652,0.56,0.21,-0,0.31,15.94,1.05,19.39,-0.26
14.3954,0.57,0.21,-0,0.32,16.29,0.35,19.39,-0.26
14.427,0.57,0.21,0,0.33,16.64,4.54,20.16,-0.26
14.4585,0.57,0.2,-0,0.32,15.06,1.92,20.58,-0.32
14.4886,0.57,0.2,-0,0.33,15.59,4.02,20.58,-0.32
14.5202,0.57,0.2,-0,0.33,16.11,5.06,20.66,-0.34
14.5506,0.57,0.2,0,0.34,16.64,2.79,20.66,-0.34
14.5819,0.57,0.2,-0.01,0.35,17.16,5.41,21.63,-0.34
14.6133,0.57,0.2,-0,0.36,17.69,6.8,22.03,-0.07
14.6448,0.57,0.2,-0,0.38,18.39,5.92,24.56,-0.42
14.675,0.57,0.2,-0,0.4,18.92,10.06,24.56,-0.42
14.7067,0.57,0.2,-0,0.41,19.62,9.53,27.32,-0.29
14.7381,0.57,0.21,-0,0.41,22.77,5.89,27.47,-0.13
14.7683,0.57,0.21,-0,0.42,23.64,2.6,27.47,-0.13
14.8,0.57,0.21,-0,0.42,23.47,2.94,29.62,0.59
14.8312,0.57,0.21,0,0.42,24.17,0,34.47,1.89
14.8581,0.57,0.2,0,0.42,24.17,0,34.47,1.89
14.8863,0.57,0.21,-0,0.42,26.45,0,41.52,5.01
14.9132,0.57,0.2,-0,0.42,26.62,0,41.52,5.01
14.948,0.56,0.2,0,0.42,28.2,0.17,49.35,11.77
14.9829,0.57,0.2,-0,0.42,27.85,0.69,54.44,18.3
15.0164,0.57,0.2,-0,0.42,30.12,1.56,54.44,18.3
15.051,0.57,0.2,-0,0.42,32.23,2.6,58,23.23
15.0859,0.57,0.2,-0,0.42,35.73,3.46,59.32,25.78
15.1204,0.57,0.2,-0,0.42,36.95,4.85,59.86,26.84
15.1539,0.57,0.2,-0,0.42,39.41,5.89,59.86,26.84
15.1886,0.57,0.2,-0,0.42,41.86,7.1,59.71,26.65
15.2234,0.57,0.2,-0,0.42,42.91,8.14,59.61,26.95
15.2582,0.57,0.2,0,0.42,45.36,9.53,59.05,27.01
15.2917,0.57,0.2,0,0.42,47.64,10.74,59.05,27.01
15.3266,0.57,0.19,-0,0.42,48.68,11.95,59.07,27.23
15.3615,0.57,0.19,-0,0.42,52.19,13.16,59.01,27.27
15.3951,0.57,0.2,-0,0.42,55.87,14.38,59.01,27.27
15.4299,0.57,0.19,-0.02,0.42,56.74,15.59,59,27.21
15.4646,0.57,0.2,-0,0.42,60.07,16.8,58.92,27.2
15.4982,0.57,0.2,-0,0.42,64.8,17.84,58.92,27.2
15.533,0.57,0.19,-0,0.42,63.57,19.05,58.91,27.19
15.5676,0.58,0.19,-0,0.42,67.08,20.26,55.94,27.45
15.6013,0.57,0.19,-0,0.42,66.72,20.28,55.94,27.45
15.6359,0.57,0.19,-0,0.42,68.65,22.52,49.47,27.66
15.6708,0.57,0.18,-0,0.42,66.7,23.56,47.69,29.49
15.7043,0.57,0.18,-0,0.42,68.1,25.96,47.69,29.49
15.7393,0.57,0.18,-0,0.42,69.68,25.98,47.96,30.82
15.7739,0.57,0.18,-0,0.42,71.25,27.37,48.15,31.02
15.8087,0.57,0.18,-0,0.42,72.65,28.75,48.19,31.06
15.8435,0.57,0.19,-0,0.42,75.47,29.79,48.26,31
15.877,0.57,0.18,-0,0.42,75.63,31.18,48.26,31
15.9118,0.57,0.18,-0,0.42,77.03,32.39,44.51,30.66
15.9465,0.57,0.18,0,0.42,78.08,33.6,40,30.62
15.9815,0.57,0.18,-0,0.42,77.9,34.81,38.34,32.56
16.0153,0.57,0.18,-0,0.42,79.83,36.2,38.34,32.56
16.0501,0.57,0.18,-0,0.42,79.65,37.58,38.07,33.3
16.0849,0.57,0.18,-0,0.42,80.7,38.97,38.08,33.44
16.1185,0.57,0.17,-0,0.42,80.33,40.18,38.08,33.44
16.1533,0.57,0.17,-0,0.42,81.21,41.57,38.09,33.41
16.188,0.57,0.18,-0,0.42,83.32,42.78,38.17,33.33
16.2217,0.57,0.17,-0,0.42,81.72,43.99,38.17,33.33
16.2564,0.57,0.17,-0,0.42,82.59,46.21,38.18,33.32
16.2912,0.57,0.17,-0,0.42,83.29,47.6,38.18,33.31
16.3261,0.57,0.18,-0,0.42,85.41,48.81,38.18,33.31
16.3609,0.57,0.18,0,0.42,86.28,49.85,35.96,32.81
16.3945,0.57,0.18,-0,0.42,89.29,50.89,35.96,32.81
16.4293,0.56,0.18,-0,0.42,88.92,51.93,31.61,32.1
16.464,0.57,0.18,-0,0.42,89.1,53.14,30.66,32.66
16.4975,0.57,0.18,-0,0.43,89.45,55.18,30.66,32.66
16.5324,0.57,0.18,-0,0.42,89.8,56.22,29.46,32.6
16.5671,0.57,0.18,0,0.42,91.04,57.25,28.94,32.66
16.6006,0.57,0.18,-0.01,0.42,89.97,57.47,28.94,32.66
16.6354,0.57,0.18,-0,0.42,90.15,58.5,28.91,32.74
16.6702,0.57,0.18,-0,0.42,90.32,59.72,28.97,32.69
16.7038,0.57,0.18,-0,0.42,90.67,60.75,28.97,32.69
16.7384,0.57,0.18,-0,0.42,90.85,59.62,29.06,32.61
16.7732,0.57,0.18,-0,0.42,89.78,60.83,29.14,32.59
16.808,0.57,0.18,0,0.42,91.55,63.22,29.16,32.59
16.8416,0.57,0.18,-0,0.42,91.9,64.26,29.16,32.59
16.8765,0.57,0.18,-0,0.43,93.49,65.3,29.16,32.59
16.9111,0.57,0.18,-0,0.42,91.53,66.34,29.23,32.66
16.9448,0.57,0.18,-0,0.42,92.06,67.55,29.23,32.66
16.9795,0.57,0.18,-0,0.42,92.58,68.59,29.25,32.6
17.0143,0.57,0.18,-0,0.42,92.76,69.63,29.25,32.59
17.049,0.57,0.17,-0,0.42,90.8,70.67,29.25,32.59
17.0839,0.57,0.17,-0,0.42,89.73,71.71,29.39,34
17.1173,0.57,0.17,-0,0.42,91.15,73.09,29.39,34
17.152,0.57,0.17,-0,0.42,92.39,72.96,29.98,36.88
17.1868,0.56,0.17,-0,0.42,92.57,74.35,30.24,37.38
17.2202,0.56,0.17,-0,0.42,92.74,75.74,30.24,37.38
17.255,0.56,0.17,-0,0.42,93.09,78.29,30.36,37.48
17.2898,0.57,0.17,-0,0.42,93.27,78.68,30.25,37.44
17.3234,0.57,0.17,-0,0.42,93.62,78.9,30.25,37.44
17.3581,0.57,0.17,-0,0.42,93.79,81.28,30.23,37.43
17.393,0.57,0.17,-0,0.42,93.97,82.67,30.23,37.36
17.4265,0.57,0.17,-0,0.42,94.14,85.04,30.23,37.36
17.4614,0.57,0.17,-0,0.42,93.42,86.43,30.3,37.42
17.4961,0.57,0.17,0,0.42,94.67,84.68,30.24,37.36
17.5309,0.57,0.17,0,0.42,94.12,89.03,30.3,37.42
17.5655,0.57,0.17,-0,0.42,94.47,89.08,30.31,37.36
17.5992,0.57,0.17,0,0.42,94.82,92.6,30.31,37.36
17.6341,0.57,0.17,0,0.42,95.17,93.81,30.24,37.35
17.6686,0.57,0.17,0,0.42,95.17,94.22,30.3,37.34
17.7021,0.57,0.17,-0,0.42,95.52,95.61,30.3,37.34
17.7367,0.57,0.17,0,0.42,96.77,94.68,30.24,37.34
17.7715,0.57,0.17,-0,0.42,95.87,97.05,30.3,37.34
17.8064,0.57,0.17,0,0.42,96.05,99.42,30.31,37.34
17.8401,0.57,0.17,-0,0.42,96.22,97.34,30.31,37.34
17.8749,0.57,0.17,-0,0.42,96.4,98.73,30.31,37.34
17.9095,0.57,0.17,0,0.42,96.57,99.95,30.31,37.34
17.9433,0.57,0.17,-0,0.42,97.64,104.27,30.31,37.34
17.978,0.57,0.17,-0,0.42,96.75,105.31,30.31,37.34
18.013,0.57,0.17,-0,0.42,94.77,106.52,30.31,37.34
18.0466,0.57,0.17,-0,0.42,94.95,107.73,30.31,37.34
18.0812,0.57,0.17,-0,0.42,95.12,108.77,30.31,37.34
18.116,0.57,0.16,-0,0.42,95.3,109.98,30.31,37.34
18.1498,0.57,0.17,-0,0.42,95.3,111.19,30.31,37.34
18.1845,0.57,0.16,-0.01,0.42,92.97,112.41,30.31,37.34
18.2193,0.57,0.16,-0,0.42,94.57,113.79,30.31,37.27
18.2542,0.57,0.16,-0,0.42,94.92,115.01,30.31,37.26
18.2888,0.57,0.16,0,0.42,95.1,116.22,30.31,37.33
18.3226,0.57,0.16,0,0.42,94.19,117.43,30.31,37.33
18.3573,0.57,0.16,-0,0.42,94.72,118.47,28.12,36.45
18.3922,0.57,0.16,0,0.42,94.89,119.68,25.08,34.6
18.4258,0.57,0.16,-0,0.42,93.99,120.72,25.08,34.6
18.4605,0.56,0.16,0,0.41,93.99,120.62,23.53,33.45
18.4951,0.57,0.16,0,0.42,95.07,122.63,22.38,32.66
18.5288,0.57,0.16,0,0.41,95.07,119.1,22.38,32.66
18.5635,0.57,0.16,0,0.4,95.07,118.02,22.22,32.58
18.5985,0.57,0.16,0,0.41,93.99,120.84,22.18,32.49
18.6332,0.57,0.16,-0,0.41,94.16,120.56,22.18,32.47
18.668,0.57,0.16,0,0.41,94.16,121.25,22.18,32.47
18.7016,0.57,0.16,0,0.41,95.24,122.12,22.18,32.47
18.7364,0.57,0.16,0,0.41,95.24,122.82,22.18,32.47
18.7712,0.57,0.16,0,0.4,95.24,122.71,22.11,31.83
18.8066,0.56,0.16,0,0.4,95.24,123.4,22.09,30
18.8402,0.57,0.15,0,0.4,91.82,119.82,22.09,30
18.8752,0.57,0.15,-0,0.4,91.82,118.36,22.09,29.63
18.91,0.57,0.15,0,0.4,92.91,120.05,22.09,29.56
18.9435,0.57,0.15,0,0.4,91.82,120.57,22.09,29.56
18.9781,0.57,0.15,0,0.4,90.57,121.09,22.09,29.54
19.0129,0.57,0.15,0,0.4,89.31,120.62,22.09,29.54
19.0465,0.57,0.15,0,0.4,89.31,121.15,22.09,29.54
19.0813,0.57,0.14,0,0.4,88.22,120.85,20.55,27.68
19.116,0.57,0.14,-0,0.4,88.22,120.02,17.72,24.45
19.1496,0.57,0.14,-0,0.4,88.22,120.37,17.72,24.45
19.1845,0.57,0.14,-0,0.4,88.22,121.89,16.44,23.31
19.2193,0.57,0.15,-0,0.4,89.31,122.07,16.12,22.93
19.2529,0.57,0.14,0,0.4,86.96,123.06,16.12,22.93
19.2876,0.57,0.15,0,0.39,90.57,120.24,16.05,22.93
19.3223,0.57,0.15,0,0.39,90.57,120.24,14.81,21.74
19.3573,0.57,0.15,0,0.39,90.57,120.24,12.51,19.39
19.3919,0.57,0.15,0,0.39,90.57,120.24,11.4,18.35
19.4255,0.57,0.15,0,0.39,89.31,119.06,11.4,18.35
19.4603,0.57,0.15,0,0.39,89.31,119.06,11.32,18.21
19.4949,0.57,0.15,-0,0.39,89.31,119.06,11.38,18.18
19.5285,0.57,0.15,0,0.39,89.31,119.06,11.38,18.18
19.5632,0.57,0.15,-0,0.39,89.31,118.06,11.39,16.8
19.5981,0.57,0.14,-0,0.39,88.22,119.06,11.17,13.7
19.633,0.57,0.15,-0,0.39,89.31,119.06,11.13,12.86
19.6666,0.57,0.15,0,0.39,89.31,118.06,11.13,12.86
19.7013,0.57,0.15,0,0.39,89.31,116.87,11.12,12.7
19.7362,0.57,0.15,0,0.39,89.31,116.87,11.12,12.59
19.7697,0.57,0.15,0,0.39,89.31,116.87,11.12,12.59
19.8045,0.57,0.15,-0.01,0.39,89.31,116.87,11.12,12.64
19.8393,0.57,0.14,0,0.39,88.22,116.87,11.12,12.58
19.8742,0.57,0.15,-0.01,0.39,89.31,113.65,11.19,12.64
19.909,0.57,0.15,-0,0.39,89.31,112.63,11.2,12.65
19.9426,0.57,0.15,-0,0.39,89.31,112.63,11.2,12.65
19.9774,0.57,0.15,0,0.39,89.31,112.63,11.13,12.58
20.0121,0.57,0.15,-0,0.38,89.31,111.43,11.19,12.57
20.0456,0.57,0.15,0,0.38,89.31,111.43,11.19,12.57
20.0805,0.57,0.15,0,0.38,89.31,111.43,11.21,12.64
20.1153,0.57,0.15,0,0.38,89.31,111.43,11.21,12.58
20.1487,0.57,0.15,0,0.38,89.31,111.43,11.21,12.58
20.1837,0.57,0.15,-0.01,0.38,89.31,111.43,11.21,12.56
20.2184,0.57,0.15,-0,0.38,89.31,110.41,11.14,12.49
20.2521,0.57,0.15,-0,0.38,89.31,110.41,11.14,12.49
20.2868,0.57,0.15,0,0.38,89.31,111.43,10.9,10.96
20.3182,0.57,0.15,0,0.38,89.31,110.73,10.49,8.63
20.3484,0.57,0.15,-0,0.38,89.31,89.92,10.49,8.63
20.3797,0.57,0.15,-0,0.39,89.31,67.63,10.41,7.87
20.4113,0.57,0.15,-0,0.39,90.57,41.58,10.4,7.72
20.4414,0.57,0.15,-0,0.39,89.31,19.9,10.4,7.72
20.473,0.57,0.15,-0,0.4,89.31,13.06,10.39,7.76
20.5044,0.57,0.15,0,0.41,89.31,12.68,10.32,7.62
20.5346,0.57,0.15,-0,0.41,89.31,6.78,10.32,7.62
20.5661,0.57,0.15,-0,0.41,89.31,2.95,10.38,7.6
20.5975,0.57,0.15,-0,0.42,89.31,8.82,10.61,8.31
20.6289,0.57,0.15,0,0.42,89.31,8.82,10.87,9.33
20.6591,0.57,0.15,-0,0.42,89.31,2.08,10.87,9.33
20.6937,0.57,0.15,-0,0.42,90.57,2.42,11.21,11.05
20.7273,0.57,0.15,-0,0.43,90.57,5.86,11.21,11.05
20.7621,0.57,0.15,-0,0.43,90.57,4.15,11.93,15.65
20.7969,0.57,0.15,-0,0.43,90.57,3.8,12.29,19.54
20.8317,0.56,0.15,0,0.43,90.57,6.9,12.58,22.34
20.8651,0.57,0.15,-0,0.43,90.57,7.94,12.58,22.34
20.8999,0.57,0.15,0,0.44,91.82,8.8,12.56,24.93
20.9347,0.57,0.15,-0,0.44,89.31,12.24,12.56,25.73
20.9682,0.57,0.15,-0.01,0.43,91.82,12.25,12.56,25.73
21.0029,0.57,0.15,0,0.43,90.57,13.28,12.63,28.5
21.0376,0.57,0.15,0,0.44,90.57,15.68,12.5,32.23
21.0722,0.57,0.15,-0,0.44,90.57,15.02,12.55,33.05
21.1072,0.57,0.15,-0,0.43,90.57,14.52,12.34,35.89
21.1408,0.56,0.15,0,0.43,90.57,14.88,12.34,35.89
21.1759,0.57,0.15,-0,0.43,91.82,16.43,12.23,38.7
21.2104,0.57,0.15,-0,0.43,90.57,18.34,12.13,39.62
21.2441,0.57,0.15,-0,0.43,90.57,19.89,12.13,39.62
21.2789,0.57,0.15,-0,0.43,91.82,17.51,12.11,39.88
21.3137,0.57,0.15,-0,0.43,91.82,19.42,12.18,39.85
21.3471,0.57,0.15,-0,0.43,91.82,21.16,12.18,39.85
21.3818,0.57,0.15,-0,0.42,91.82,21.86,12.27,39.92
21.4166,0.57,0.15,-0,0.42,91.82,23.6,12.21,39.86
21.4502,0.57,0.16,-0,0.42,92.91,25.33,12.21,39.86
21.4848,0.57,0.15,-0,0.42,91.82,26.9,12.2,39.85
21.5196,0.57,0.15,-0,0.42,91.82,28.8,12.27,39.92
21.5532,0.57,0.15,0,0.42,91.82,30.37,12.27,39.92
21.588,0.57,0.15,0,0.42,91.82,32.1,12.29,39.86
21.6227,0.57,0.15,-0.01,0.42,91.82,33.84,12.36,38.77
21.6575,0.57,0.15,-0,0.42,91.82,35.4,12.52,37.03
21.6911,0.57,0.15,-0,0.42,91.82,36.96,12.52,37.03
21.7259,0.57,0.15,-0,0.42,91.82,38.52,12.7,36.18
21.7606,0.57,0.15,-0,0.42,91.82,39.91,12.73,35.93
21.7954,0.57,0.15,0,0.42,91.82,41.3,12.74,35.89
21.829,0.57,0.15,-0,0.42,90.57,43.87,12.74,35.89
21.8639,0.57,0.15,-0,0.42,91.82,46.27,12.74,35.88
21.8986,0.57,0.15,-0,0.42,91.82,46.65,12.67,35.87
21.9333,0.57,0.16,-0,0.42,91.82,48.04,12.73,35.8
21.9669,0.57,0.15,0,0.42,91.82,49.25,12.73,35.8
22.0017,0.57,0.15,-0,0.42,91.82,50.46,12.74,35.79
22.0363,0.57,0.15,-0,0.42,91.82,52.86,12.81,35.78
22.0699,0.57,0.15,-0,0.42,91.82,54.07,12.81,35.78
22.1046,0.57,0.15,0,0.42,91.82,54.45,12.76,35.78
22.1393,0.57,0.15,-0.01,0.42,91.82,55.84,12.74,35.78
22.1728,0.57,0.15,-0,0.42,91.82,61.41,12.74,35.78
22.2076,0.57,0.15,0,0.42,91.82,63.78,12.81,35.78
22.2424,0.57,0.15,-0,0.42,91.82,63,12.76,35.86
22.277,0.57,0.15,-0,0.42,91.82,64.56,12.74,35.87
22.3119,0.57,0.15,-0,0.41,91.82,66.94,12.74,35.87
22.3454,0.57,0.15,-0,0.42,91.82,68.15,12.74,35.87
22.3802,0.57,0.15,-0,0.41,91.82,63.2,12.74,35.87
22.4149,0.57,0.15,0,0.4,91.82,59.18,12.81,36.02
22.4482,0.57,0.15,0,0.4,91.82,58.54,12.81,36.02
22.4832,0.57,0.15,-0,0.41,91.82,61.8,12.83,35.9
22.5178,0.57,0.15,-0,0.4,91.82,61.33,12.76,35.95
22.5514,0.57,0.15,0,0.4,91.82,63.74,12.76,35.95
22.586,0.57,0.15,-0,0.4,91.82,64.12,12.82,35.09
22.6208,0.57,0.15,-0,0.4,91.82,68.73,13.12,32.18
22.6542,0.57,0.15,0,0.4,91.82,69.77,13.12,32.18
22.689,0.57,0.15,0,0.4,91.82,68.62,13.47,25.45
22.7237,0.57,0.15,0,0.39,91.82,68.13,13.46,20.85
22.7584,0.56,0.15,0,0.4,90.57,72.03,13.46,19.86
22.7921,0.57,0.15,-0,0.39,91.82,69.17,13.46,19.86
22.8269,0.57,0.15,-0,0.4,90.57,71.54,13.39,19.08
22.8615,0.56,0.15,-0,0.4,90.57,72.07,13.38,18.49
22.8951,0.57,0.15,-0,0.4,90.57,72.41,13.38,18.49
22.9301,0.57,0.15,-0,0.4,90.57,75.12,13.37,18.37
22.9649,0.57,0.15,-0,0.39,90.57,71.26,13.16,16.54
22.9999,0.57,0.15,-0,0.39,91.82,71.61,12.97,14.51
23.0345,0.57,0.15,-0,0.39,91.82,71.78,12.93,14.25
23.068,0.57,0.15,-0,0.39,91.82,72.97,12.93,14.25
23.1027,0.57,0.15,-0,0.39,91.82,70.94,12.92,14.27
23.1374,0.57,0.15,-0,0.38,91.82,72.31,12.92,14.28
23.1708,0.57,0.15,-0,0.37,91.82,69.08,12.92,14.28
23.2057,0.57,0.15,-0,0.36,91.82,63.78,12.85,13.92
23.2404,0.57,0.15,-0,0.36,91.82,67.04,12.62,12.83
23.2739,0.57,0.15,-0,0.36,91.82,67.21,12.62,12.83
23.3086,0.57,0.15,0,0.36,91.82,67.21,12.5,12.33
23.3434,0.57,0.15,-0,0.36,91.82,67.21,12.48,12.3
23.3769,0.57,0.15,-0,0.36,91.82,67.21,12.48,12.3
23.4085,0.57,0.15,-0,0.36,91.82,65.67,11.89,9.47
23.44,0.57,0.15,0,0.36,91.82,46.07,10.33,5.58
23.4686,0.57,0.15,0,0.37,91.65,24.93,9.65,4.29
23.4961,0.56,0.15,0.01,0.38,76.11,10.11,9.65,4.29
23.5247,0.57,0.15,-0,0.39,48.66,4.18,9.3,3.97
23.5534,0.57,0.16,-0,0.39,31.12,2.09,9.16,4.04
23.5809,0.58,0.18,-0,0.39,22.06,0.87,9.16,4.04
23.6097,0.57,0.19,-0,0.39,16.11,0.17,9.13,4.06
23.6336,0.57,0.19,-0,0.39,5.95,0,9.13,4.06
23.6622,0.57,0.2,-0,0.39,3.33,0,9.05,4.06
23.6898,0.57,0.21,-0,0.39,7.53,0,9.05,4.06
23.7182,0.57,0.22,0,0.39,11.03,0,9.54,5.22
23.7456,0.57,0.22,-0,0.39,8.58,0,9.54,5.22
23.777,0.57,0.23,-0,0.4,8.57,1.04,11.55,8.75
23.8116,0.57,0.23,-0,0.39,9.8,0.17,15.84,13.64
23.8452,0.57,0.24,-0,0.39,11.54,0.7,15.84,13.64
23.88,0.57,0.24,-0,0.4,11.02,1.39,23.6,17.66
23.9147,0.57,0.24,-0,0.4,11.9,2.27,33.11,20.44
23.9481,0.57,0.24,0,0.4,13.29,3.14,33.11,20.44
23.983,0.57,0.24,-0,0.4,15.74,5.05,41.64,21.77
24.0176,0.57,0.24,-0,0.4,17.66,6.1,47.4,22.11
24.0511,0.57,0.24,-0,0.4,18.37,7.14,47.4,22.11
24.0858,0.57,0.23,-0,0.4,19.25,8.01,52.86,22.28
24.1208,0.57,0.24,-0,0.4,23.96,10.1,56.94,22.2
24.1542,0.57,0.23,-0,0.4,23.1,12.35,56.94,22.2
24.1891,0.57,0.23,-0,0.4,24.15,14.26,60.78,22.04
24.2238,0.57,0.23,-0,0.4,25.73,16.51,61.61,22
24.2586,0.57,0.22,-0,0.4,28.36,17.38,61.78,21.93
24.2934,0.57,0.22,-0,0.4,29.76,18.25,61.81,21.91
24.3269,0.57,0.22,-0,0.4,33.61,19.12,61.81,21.91
24.3616,0.57,0.22,-0.01,0.4,35.02,19.99,61.82,21.91
24.3964,0.57,0.22,-0,0.41,37.64,21.89,61.75,21.91
24.4317,0.57,0.22,-0,0.41,38.87,22.76,61.81,21.91
24.4653,0.57,0.22,-0,0.41,41.5,25.85,61.81,21.91
24.5001,0.57,0.22,-0,0.41,43.78,26.55,61.82,21.98
24.5349,0.57,0.22,-0,0.41,46.23,27.59,61.75,21.92
24.5685,0.57,0.22,0,0.41,48.85,29.48,61.75,21.92
24.6032,0.57,0.22,-0,0.41,51.3,31.2,61.81,21.91
24.6382,0.57,0.21,-0,0.41,50.26,32.24,61.82,21.91
24.6728,0.57,0.21,-0,0.41,53.94,31.91,61.75,21.84
24.7077,0.57,0.21,-0,0.42,56.39,34.99,61.74,21.83
24.7412,0.57,0.21,-0,0.41,57.8,31.42,61.74,21.83
24.776,0.57,0.21,-0,0.41,58.67,32.12,61.74,21.82
24.8108,0.57,0.2,0,0.41,58.85,32.99,61.67,21.82
24.8442,0.57,0.21,-0,0.41,63.4,33.86,61.67,21.82
24.879,0.57,0.2,-0,0.41,62.17,33.7,61.65,21.82
24.9137,0.57,0.2,-0,0.41,65.85,34.57,61.6,21.83
24.9472,0.57,0.2,0,0.41,66.9,35.26,61.6,21.83
24.982,0.57,0.2,-0,0.41,68.12,36.13,61.52,21.9
25.0167,0.57,0.2,-0,0.41,70.4,36.83,61.5,21.91
25.0503,0.57,0.2,-0,0.41,73.73,37.7,61.5,21.91
25.0849,0.57,0.2,-0,0.41,76.01,38.39,61.43,21.91
25.1197,0.57,0.19,-0,0.41,74.76,39.09,60.52,22
25.1534,0.57,0.19,-0,0.41,78.1,39.95,60.52,22
25.1881,0.57,0.19,-0,0.41,80.03,40.65,59.17,22.11
25.223,0.57,0.18,-0,0.41,78.77,41.52,58.37,22.21
25.2578,0.57,0.19,-0,0.41,82.99,42.21,58.14,22.23
25.2914,0.57,0.19,0,0.41,83.68,42.91,58.14,22.23
25.3262,0.57,0.19,-0.01,0.4,86.85,42.58,58.03,22.23
25.361,0.57,0.18,0,0.4,85.23,43.28,54.6,22.62
25.3957,0.57,0.18,-0,0.4,86.98,43.97,48.92,23.04
25.4294,0.57,0.18,-0,0.4,87.14,44.32,48.92,23.04
25.4641,0.57,0.18,-0,0.4,88.72,45.19,44.1,24.36
25.4988,0.57,0.18,-0,0.4,89.94,45.71,40.17,26.51
25.5337,0.57,0.18,-0,0.4,89.92,46.58,39.45,27.5
25.5673,0.57,0.18,-0,0.4,90.8,47.62,39.45,27.5
25.602,0.57,0.18,-0,0.4,91.67,48.32,38.58,27.58
25.6366,0.56,0.17,0,0.4,91.3,49.19,37.42,27.22
25.6702,0.57,0.17,-0,0.4,92,50.23,37.42,27.22
25.7049,0.57,0.17,-0,0.4,92.7,51.1,36.49,27.08
25.7397,0.57,0.17,-0,0.4,92.33,51.97,36.31,27.05
25.7732,0.57,0.17,-0,0.4,93.03,53.01,36.31,27.05
25.8079,0.57,0.17,-0,0.4,92.65,53.88,36.2,26.97
25.8427,0.57,0.17,-0,0.4,93.17,54.92,36.18,26.96
25.8774,0.57,0.17,0,0.4,94.05,55.62,34.4,26.53
25.9122,0.57,0.17,-0,0.41,93.32,57.5,29.73,25.34
25.9456,0.57,0.17,-0,0.41,93.49,58.37,29.73,25.34
25.9804,0.57,0.17,-0,0.4,95.27,58.23,27.88,24.54
26.0151,0.57,0.17,-0,0.4,94.37,58.92,27.37,24.1
26.0486,0.57,0.17,-0,0.4,94.72,59.62,27.37,24.1
26.0835,0.57,0.17,-0,0.4,96.32,60.14,27.19,24.01
26.1184,0.57,0.17,0,0.4,96.5,60.83,27.16,24.06
26.1521,0.57,0.17,-0,0.4,96.84,61.53,27.16,24.06
26.1868,0.57,0.17,-0,0.4,97.02,62.22,27.29,24.99
26.2214,0.57,0.17,-0.01,0.4,97.37,62.92,27.46,26.37
26.2565,0.57,0.17,-0,0.4,97.54,63.79,27.49,26.57
26.2901,0.57,0.17,-0,0.4,96.64,64.48,27.49,26.57
26.3249,0.57,0.17,-0,0.4,96.64,65.35,27.57,26.61
26.3597,0.57,0.17,-0,0.4,96.64,66.22,27.52,26.62
26.3933,0.57,0.17,-0,0.4,98.07,66.92,27.52,26.62
26.428,0.57,0.17,-0,0.4,96.82,67.79,27.51,26.62
26.4627,0.57,0.17,-0,0.4,96.82,68.48,27.5,26.62
26.4963,0.57,0.16,-0,0.4,95.73,69.35,27.5,26.62
26.5308,0.57,0.16,-0,0.4,95.91,70.04,27.64,26.69
26.566,0.57,0.16,-0,0.4,95.91,69.73,27.6,26.57
26.6007,0.57,0.16,-0,0.4,96.08,70.43,27.66,26.54
26.6355,0.57,0.16,-0,0.41,96.26,73.48,27.61,26.54
26.6689,0.57,0.16,-0,0.4,96.26,72.17,27.61,26.54
26.7037,0.57,0.16,-0,0.4,96.26,70.67,27.66,26.54
26.7385,0.57,0.16,-0,0.4,95,71.37,25,25.34
26.772,0.57,0.16,-0.01,0.4,96.26,71.06,25,25.34
26.8066,0.57,0.16,-0,0.4,96.26,70.91,21.25,23.24
26.8412,0.57,0.16,-0,0.4,95,71.44,20.36,22.82
26.8748,0.57,0.16,-0,0.4,96.26,71.96,20.36,22.82
26.9095,0.57,0.16,-0.01,0.4,96.26,73.49,20.12,22.67
26.9442,0.57,0.16,-0,0.4,95,73,20.07,22.56
26.9777,0.57,0.16,-0.01,0.4,96.26,73.53,20.07,22.56
27.0125,0.57,0.16,-0,0.4,95,74.05,20.06,22.61
27.0471,0.57,0.16,-0,0.4,95,74.57,20.13,22.77
27.082,0.57,0.16,-0,0.4,95,76.11,20.07,22.58
27.1167,0.57,0.16,-0,0.4,95,75.62,20.06,22.55
27.1501,0.57,0.16,-0,0.4,95,76.14,20.06,22.55
27.185,0.57,0.16,-0,0.4,95,76.66,20.19,22.61
27.2197,0.57,0.16,-0,0.4,95,76,20.15,22.55
27.2531,0.57,0.16,-0,0.4,95,76.35,20.15,22.55
27.2878,0.57,0.16,-0,0.4,95,76.7,20.14,22.54
27.3225,0.57,0.16,-0,0.4,95,77.22,20.14,22.47
27.3573,0.57,0.16,-0,0.4,95,76.9,20.14,22.45
27.3909,0.57,0.16,-0,0.39,95,79.62,20.14,22.45
27.4259,0.57,0.16,-0,0.39,95,80.15,20.14,22.45
27.4606,0.57,0.16,-0,0.39,93.92,79.49,20.21,22.45
27.4942,0.57,0.16,-0,0.39,93.92,80.01,20.21,22.45
27.5291,0.57,0.16,-0,0.39,92.66,80.53,20.16,22.38
27.5636,0.57,0.16,-0,0.39,92.66,81.05,20.15,22.36
27.5972,0.57,0.16,-0,0.39,92.66,81.58,20.15,22.36
27.6319,0.57,0.16,-0,0.39,92.66,81.09,20.07,21.94
27.6666,0.57,0.16,-0,0.39,92.66,81.61,19.92,20.86
27.7001,0.57,0.16,0,0.4,92.66,82.97,19.92,20.86
27.7349,0.57,0.16,-0,0.39,92.66,82.48,19.88,20.29
27.7695,0.57,0.16,-0,0.39,92.66,82.83,19.88,20.1
27.8043,0.57,0.16,0,0.39,93.92,84.37,19.88,19.99
27.839,0.57,0.16,-0,0.39,92.66,84.54,19.88,19.97
27.8724,0.57,0.16,-0,0.4,92.66,84.89,19.88,19.97
27.9072,0.57,0.16,-0,0.39,92.66,86.25,19.88,19.97
27.9417,0.57,0.16,0,0.39,92.66,86.59,19.95,20.11
27.9754,0.57,0.16,-0,0.39,92.66,86.94,19.95,20.11
28.0102,0.57,0.16,-0,0.39,92.66,87.29,19.89,20.14
28.045,0.57,0.16,-0,0.39,92.66,87.64,19.88,20
28.0783,0.57,0.16,-0,0.4,92.66,88.99,19.88,20
28.1132,0.57,0.16,0,0.4,93.92,89.17,19.88,20.04
28.1479,0.57,0.16,-0,0.39,92.66,87.33,19.88,20.12
28.1825,0.57,0.16,-0,0.4,92.66,90.04,19.88,20.14
28.2163,0.57,0.15,-0,0.39,91.4,89.38,19.88,20.14
28.2511,0.57,0.15,-0,0.4,91.4,90.91,19.88,20.07
28.2859,0.57,0.15,-0,0.4,90.31,91.08,19.88,19.99
28.3207,0.57,0.15,-0,0.4,90.31,91.43,19.95,20.18
28.3541,0.57,0.15,-0,0.39,91.4,90.78,19.95,20.18
28.3889,0.57,0.15,0,0.4,91.4,92.13,19.89,20.29
28.4237,0.57,0.15,-0,0.4,91.4,92.48,19.95,20.39
28.4581,0.57,0.15,-0,0.4,91.4,92.82,18,19.01
28.4917,0.56,0.15,-0,0.4,91.4,93,18,19.01
28.5265,0.57,0.15,-0,0.4,91.4,93.17,15.49,17.42
28.5613,0.57,0.15,-0,0.4,91.4,93.17,14.64,17.17
28.5947,0.57,0.15,0,0.4,91.4,93.35,14.64,17.17
28.6295,0.57,0.15,-0,0.4,91.4,93.52,14.46,17.05
28.6643,0.57,0.15,0,0.39,91.4,92.52,14.43,17.17
28.6979,0.57,0.15,0,0.39,90.31,92.52,14.43,17.17
28.7325,0.57,0.15,0,0.39,91.4,92.69,14.49,17.26
28.7673,0.57,0.15,-0,0.39,91.4,92.87,14.51,17.21
28.8009,0.57,0.16,-0,0.39,92.66,92.87,14.51,17.21
28.8355,0.56,0.15,-0,0.39,91.4,93.04,14.51,17.27
28.8703,0.57,0.16,-0,0.39,92.66,93.04,14.51,17.28
28.9037,0.57,0.16,-0,0.39,92.66,93.22,14.51,17.28
28.9385,0.57,0.16,-0,0.39,92.66,92.04,14.51,17.22
28.9733,0.57,0.16,0.01,0.39,92.66,93.39,14.44,16.84
29.008,0.57,0.16,-0,0.39,92.66,93.56,14.42,16.55
29.0428,0.57,0.16,-0,0.39,92.66,93.56,14.56,16.64
29.0763,0.57,0.15,0,0.39,91.4,93.74,14.56,16.64
29.111,0.57,0.15,-0,0.39,91.4,93.74,14.59,16.65
29.1456,0.57,0.15,0,0.39,91.4,93.91,14.52,16.65
29.1817,0.57,0.15,-0,0.39,91.4,94.09,14.65,16.65
29.2152,0.57,0.15,-0,0.39,91.4,92.91,14.65,16.65
29.2502,0.57,0.15,-0,0.39,92.66,93.08,14.6,16.65
29.2848,0.57,0.15,-0,0.39,92.66,94.43,14.6,16.73
29.3184,0.57,0.15,-0,0.39,91.4,92.42,14.6,16.73
29.353,0.57,0.15,-0,0.39,90.31,92.6,14.6,16.67
29.3878,0.57,0.15,-0,0.39,89.05,90.57,14.52,16.66
29.4212,0.57,0.14,-0,0.34,86.69,82.04,14.52,16.66
29.456,0.57,0.14,-0,0.33,85.43,79.98,14.51,16.59
29.4909,0.57,0.13,-0,0.32,83.06,81.36,14.44,16.57
29.5257,0.57,0.13,-0,0.31,81.97,75.99,14.42,16.57
29.5603,0.57,0.12,-0,0.3,79.43,71.63,14.49,16.57
29.5939,0.57,0.12,-0,0.28,78.33,66.19,14.49,16.57
29.6285,0.56,0.12,0,0.25,77.06,64.25,14.51,16.64
29.66,0.57,0.11,-0,0.24,74.69,61.78,12.12,9.09
29.6902,0.57,0.11,-0,0.23,74.69,40.6,12.12,9.09
29.7189,0.57,0.09,-0,0.22,68.51,15.92,7.59,3.35
29.7463,0.57,0.1,0,0.21,58.05,9.81,7.59,3.35
29.775,0.58,0.1,-0,0.18,35.62,6.3,2.83,1.33
29.8002,0.58,0.11,0,0.16,13.14,0,0.93,0.85
29.8244,0.58,0.11,-0.01,0.15,5.02,0,0.93,0.85
29.853,0.58,0.11,-0,0.13,0.86,4.73,0.41,0.61
29.8771,0.58,0.11,-0,0.11,1.9,0,0.41,0.61
29.9025,0.58,0.15,-0,0.07,22.9,0,0.01,0.57
29.9266,0.58,0.11,0,0.05,4.69,0,0.01,0.57
29.952,0.58,0.13,0,0.04,4.36,0,0.08,0.57
29.9762,0.59,0.15,0,0.02,11.71,0,0.08,0.57
29.9982,0.59,0.11,-0,0.01,0,0,0.02,0.41
30.019,0.59,0.12,0,0,0,0,0.02,0.41
30.0396,0.6,0.11,0,0,0,0,0.02,0.41
30.0617,0.59,0.11,0,0,0,0,0,0.46
30.0825,0.59,0.1,0,0,0,0,0,0.46
30.1047,0.6,0.11,-0,0,0,0,-0.07,0.46
30.1256,0.6,0.11,-0,0,0,0,-0.07,0.46
30.1478,0.6,0.1,-0,0,0,0,-0.09,0.39
30.1697,0.6,0.1,0,0,0,0,-0.09,0.44
30.1905,0.6,0.1,-0,0,0,0,-0.09,0.44
30.2112,0.6,0.1,0,0,0,0,-0.09,0.44
30.2332,0.6,0.1,0,0,0,0,-0.16,0.46
30.2538,0.6,0.09,0,0,0,0,-0.16,0.46
30.2758,0.6,0.07,0,0,0,0,-0.18,0.46
30.2966,0.6,0.08,0,0,0,0,-0.18,0.46
30.3191,0.6,0.08,0,0,0,0,-0.19,0.47
30.3398,0.6,0.07,0,0,0,0,-0.19,0.47
30.3606,0.6,0.07,0,0,0,0,-0.19,0.47
30.3858,0.6,0.08,0,0,1.9,0,-0.19,0.47
30.413,0.6,0.09,0,0,3.98,0.17,-0.19,0.47
30.4417,0.6,0.09,0,0,5.89,0,-0.26,0.39
30.4622,0.6,0.05,0,0,0,0,-0.26,0.39
30.4876,0.59,0.05,0,0,0,0,-0.2,0.46
30.5115,0.6,0.06,0,0,0,0,-0.2,0.46
30.5367,0.6,0.05,0,0,0,0,-0.35,0.4
30.5606,0.6,0.05,0,0,0,0,-0.35,0.4
30.5858,0.6,0.05,0,0,0,0,-0.3,0.46
30.6097,0.6,0.05,0,0,0,0,-0.3,0.46
30.635,0.6,0.05,0,0,0,0,-0.29,0.47
30.6601,0.6,0.05,0,0,0,0,-0.37,0.41
30.6842,0.6,0.05,0,0,0,0,-0.37,0.41
30.7129,0.6,0.05,0,0,0.85,1.21,-0.39,0.39
30.7401,0.6,0.05,0,0,2.04,0,-0.39,0.39
30.7653,0.6,0.05,0,0,0.17,0,-0.39,0.39
30.7861,0.6,0.05,0,0,0,0,-0.39,0.39
30.8114,0.6,0.05,0,0,0,0,-0.39,0.39
30.8352,0.6,0.05,0,0,0,0,-0.39,0.39
30.8605,0.6,0.05,0,0,0,0,-0.39,0.31
30.8843,0.6,0.05,0,0,0,0,-0.39,0.31
30.9097,0.6,0.05,0,0,0,0,-0.39,0.38
30.9336,0.6,0.05,0,0,0,0,-0.39,0.38
30.9589,0.6,0.05,0,0,0,0,-0.39,0.31
30.9829,0.6,0.05,0,0,0,0,-0.39,0.31
31.0081,0.6,0.05,0,0,0,0,-0.39,0.3
31.0322,0.6,0.05,0,0,0,0,-0.39,0.3
31.0574,0.6,0.05,0,0,0,0,-0.47,0.3
31.0814,0.6,0.05,0,0,0,0,-0.47,0.3
31.1065,0.6,0.05,0,0,0,0,-0.41,0.3
31.1338,0.6,0.05,0,0,1.02,0,-0.41,0.3
31.1592,0.6,0.05,0,0,0,0,-0.4,0.3
31.1832,0.6,0.05,0,0,0,0,-0.4,0.3
31.2117,0.6,0.05,0,0,1.02,0,-0.39,0.37
31.239,0.6,0.06,0,0,2.22,0,-0.39,0.37
31.2675,0.6,0.06,0,0,1.54,0,-0.39,0.31
31.2947,0.6,0.06,0,0,0.68,0,-0.39,0.31
31.3202,0.6,0.05,0,0,0,0,-0.39,0.38
31.3442,0.6,0.05,0,0,0,0,-0.39,0.38
31.3694,0.6,0.05,0,0,0,0,-0.39,0.39
31.3946,0.6,0.05,0,0,0,0,-0.47,0.31
31.4219,0.6,0.06,0,0,1.36,0,-0.47,0.31
31.4505,0.6,0.06,0,0,1.02,0,-0.41,0.3
31.4791,0.6,0.06,0,0,1.37,1.21,-0.39,0.29
31.5065,0.6,0.06,0,0,-0.17,1.21,-0.39,0.29
31.535,0.6,0.06,0,0,0.17,0.52,-0.39,0.29
31.5591,0.6,0.06,0,0,0.51,0,-0.39,0.29
31.5875,0.6,0.06,0,0,0.17,0,-0.39,0.29
31.6116,0.6,0.06,0,0,2.23,0,-0.39,0.29
31.6368,0.6,0.06,0,0,2.23,0,-0.39,0.29
31.6609,0.6,0.06,0,0,1.2,0,-0.39,0.29
31.6861,0.6,0.07,0,0,1.37,0,-0.39,0.29
31.7103,0.6,0.06,0,0,0,0.17,-0.39,0.29
31.7355,0.6,0.06,0,0,0,0,-0.39,0.29
31.7594,0.6,0.06,0,0,0,0,-0.39,0.29
31.7881,0.6,0.06,0,0,0.51,0,-0.39,0.37
31.8166,0.6,0.07,0,0,1.03,0,-0.39,0.31
31.8407,0.6,0.06,0,0,0,0,-0.39,0.31
31.8659,0.6,0.06,0,0,0,0,-0.39,0.3
31.8897,0.6,0.06,0,0,0,0,-0.39,0.3
31.915,0.6,0.06,0,0,0,0,-0.47,0.29
31.939,0.6,0.06,0,0,0,0,-0.47,0.29
31.9642,0.6,0.06,0,0,0,0,-0.48,0.29
31.9883,0.6,0.06,0,0,0,0,-0.48,0.29
32.0168,0.6,0.06,0,0,1.03,0,-0.49,0.29
32.0408,0.6,0.06,0,0,0,0,-0.49,0.29
32.0692,0.6,0.07,0,0,1.54,0,-0.49,0.29
32.0965,0.6,0.06,0,0,0.86,0,-0.49,0.29
32.1252,0.6,0.07,0,0,2.06,0,-0.49,0.29
32.1537,0.6,0.07,0,0,2.06,0,-0.49,0.29
32.181,0.6,0.07,0,0,2.06,0,-0.49,0.29
32.2094,0.6,0.07,0,0,1.2,0,-0.49,0.29
32.2367,0.6,0.07,0,0,1.55,0,-0.49,0.29
32.2651,0.6,0.07,0,0,1.03,0,-0.49,0.29
32.2923,0.6,0.08,0,0,0.34,0,-0.49,0.29
32.3177,0.6,0.08,0,0,0,0,-0.49,0.29
32.3449,0.6,0.08,0,0,1.03,0,-0.49,0.29
32.3733,0.6,0.08,0,0,2.07,0,-0.48,0.29
32.402,0.6,0.08,0,0,1.55,0,-0.48,0.29
32.4291,0.6,0.08,0,0,0.69,0,-0.48,0.29
32.4576,0.6,0.08,0,0,1.21,0,-0.48,0.29
32.4816,0.6,0.08,0,0,0,0,-0.48,0.29
32.5067,0.6,0.08,0,0,0,0,-0.48,0.29
32.534,0.6,0.09,0,0,2.24,0,-0.48,0.29
32.5626,0.6,0.08,0,0,0.86,0,-0.48,0.29
32.5911,0.6,0.09,0,0,1.04,0,-0.48,0.29
32.6183,0.6,0.09,0,0,1.04,0,-0.48,0.29
32.6454,0.6,0.09,0,0,0.52,0,-0.48,0.29
32.6727,0.6,0.09,0,0,1.04,0,-0.48,0.29
32.7,0.6,0.09,0,0,0.69,0,-0.48,0.29
