t,aa0,fe0,aa1,fe1,ctq0,ctq1,dtq0,dtq1
1.30364,0.63,0.07,0.01,0.01,0.82,0,-0.27,-0
1.30371,7,0,0,0,0,0,7.42688e-44,0
1.30374,0,0,0,0,6.33693e-10,4.73078e-42,5.1848e-44,0
1.30389,0,4.5772e-41,0,0,0,0,7.42688e-44,0
1.32609,0.05,0.06,-0.01,0.07,0,0,0,0
1.35336,0.04,0.06,-0.01,0.07,0,0,0,0
1.38045,0.04,0.06,-0.01,0.07,0,0,0,0
1.40778,0.04,0.06,-0.01,0.07,0,0,0,0
1.43486,0.05,0.06,-0.01,0.07,0,0,0,0
1.46214,0.04,0.06,-0.01,0.07,0,0,0,0
1.4893,0.04,0.06,-0.01,0.07,0,0,0,0
1.51653,0.05,0.06,-0.01,0.07,0,0,0,0
1.54367,0.04,0.06,-0.01,0.07,0,0,0,0
1.57093,0.04,0.06,-0.01,0.07,0,0,0,0
1.59821,0.04,0.06,-0.01,0.07,0,0,0,0
1.6255,0.04,0.07,-0.01,0.07,1.01,0,0,0
1.65259,0.04,0.06,-0.01,0.07,1.01,0,0,0
1.67989,0.05,0.07,-0.01,0.07,0.5,0,0,0
1.70719,0.04,0.06,-0.01,0.07,-0.17,0,0,0
1.73119,0.05,0.07,-0.01,0.07,0,0,0,0
1.7551,0.05,0.07,-0.01,0.07,0,0,0,0
1.77914,0.04,0.07,-0.01,0.07,0,0,0,0
1.80319,0.05,0.06,-0.01,0.07,0,0,0,0
1.8272,0.04,0.07,-0.01,0.07,0,0,0,0
1.8513,0.04,0.07,-0.01,0.07,0.17,0,0,0
1.87509,0.05,0.07,-0.01,0.07,0,0,0,0
1.89915,0.04,0.07,-0.01,0.07,0,0.35,0,0
1.92319,0.05,0.07,-0.01,0.07,0,0.18,0,0
1.94394,0.04,0.07,-0.01,0.06,0,0,0,0
1.96799,0.05,0.07,-0.01,0.07,0,0,0,0
1.99185,0.04,0.07,-0.01,0.07,0,0,0,0
2.0159,0.04,0.07,-0.01,0.07,0,0,0,0
2.03976,0.04,0.06,-0.01,0.07,0,0,0,0
2.06381,0.05,0.06,-0.01,0.07,0,0,0,0
2.08465,0.05,0.07,-0.01,0.07,0,0,0,0
2.10867,0.04,0.07,-0.01,0.07,0,0,0,0
2.13271,0.04,0.06,-0.01,0.07,0,0.53,0,0
2.15657,0.05,0.06,-0.01,0.07,0,0.88,0,0
2.18076,0.04,0.06,-0.01,0.07,0,0.53,0,0
2.20467,0.04,0.07,-0.01,0.07,0,0,0,0
2.22545,0.05,0.06,-0.01,0.07,0,0,0,0
2.24633,0.04,0.07,-0.01,0.07,0,0,0,0
2.26686,0.04,0.06,-0.01,0.07,0,0,0,0
2.28767,0.04,0.07,-0.01,0.07,0,0,0,0
2.31154,0.04,0.06,-0.01,0.07,0,0,0,0
2.33558,0.04,0.07,-0.01,0.07,0,0,0,0
2.35965,0.04,0.07,-0.01,0.07,0,0,0,0
2.38351,0.04,0.07,-0.01,0.07,0,0,0,0
2.40757,0.04,0.06,-0.01,0.07,0,0,0,0
2.43152,0.05,0.07,-0.01,0.07,0,0,0,0
2.4589,0.05,0.07,-0.01,0.07,0.17,0,0,0
2.48273,0.04,0.07,-0.01,0.07,0,0,0,0
2.50676,0.04,0.07,-0.01,0.07,0,0,0,0
2.53086,0.05,0.07,-0.01,0.07,0,0,0,0
2.55469,0.04,0.07,-0.01,0.07,0,0,0,0
2.57873,0.04,0.07,-0.01,0.07,0,0,0,0
2.60261,0.04,0.07,-0.01,0.07,0,0,0,0
2.62672,0.04,0.06,-0.01,0.07,0,0,0,0
2.65055,0.05,0.07,-0.01,0.07,0,0,0,0
2.67783,0.04,0.07,-0.01,0.07,0.17,0,0,0
2.70187,0.05,0.07,-0.01,0.07,0,0,0,0
2.72574,0.05,0.07,-0.01,0.07,0,0,0,0
2.74977,0.05,0.07,-0.01,0.07,0,0,0,0
2.77385,0.04,0.06,-0.01,0.07,0,0,0,0
2.79768,0.05,0.06,-0.01,0.07,0,0,0,0
2.82172,0.05,0.07,-0.01,0.07,0,0,0,0
2.84577,0.04,0.06,-0.01,0.07,0,0,0,0
2.86977,0.04,0.06,-0.01,0.07,0,0,0,0
2.89382,0.04,0.06,-0.01,0.07,0,0,0,0
2.91767,0.04,0.06,-0.01,0.07,0,0,0,0
2.94173,0.04,0.06,-0.01,0.07,0,0,0,0
2.96559,0.04,0.07,-0.01,0.07,0,0,0,0
2.98945,0.04,0.07,-0.01,0.07,0,0,0,0
3.0135,0.04,0.07,-0.01,0.07,0,0,0,0
3.03755,0.05,0.07,-0.01,0.07,0,0,0,0
3.06144,0.04,0.07,-0.01,0.07,0,0,0,0
3.08547,0.04,0.07,-0.01,0.07,0,0,0,0
3.10953,0.04,0.07,-0.01,0.07,0,0,0,0
3.13357,0.04,0.07,-0.01,0.07,0,0,0,0
3.15742,0.04,0.07,-0.01,0.07,0,0,0,0
3.18148,0.04,0.07,-0.01,0.07,0,0,0,0
3.20548,0.04,0.07,-0.01,0.07,0,0,0,0
3.22953,0.04,0.07,-0.01,0.07,0,0,0,0
3.25358,0.04,0.07,-0.01,0.07,0,0,0,0
3.27748,0.04,0.07,-0.01,0.07,0,0,0,0
3.30147,0.04,0.07,-0.01,0.07,0,0,0,0
3.32552,0.04,0.07,-0.01,0.07,0,0,0,0
3.3494,0.04,0.07,-0.01,0.07,0,0,0,0
3.37342,0.04,0.07,-0.01,0.07,0,0,0,0
3.39747,0.04,0.07,-0.01,0.07,0,0,0,0
3.42148,0.04,0.07,-0.01,0.07,0,0,0,0
3.44537,0.04,0.07,-0.01,0.06,0,0,0,0
3.46942,0.04,0.07,-0.01,0.06,0,0,0,0
3.49347,0.04,0.07,-0.01,0.07,0,0,0,0
3.51756,0.04,0.07,-0.01,0.06,0,0,0,0
3.54142,0.04,0.07,-0.01,0.06,0,0,0,0
3.56546,0.04,0.07,-0.01,0.06,0,0,0,0
3.58951,0.04,0.07,-0.01,0.06,0,1.05,0,0
3.61354,0.04,0.07,-0.01,0.06,0,1.05,0,0
3.63764,0.05,0.07,-0.01,0.06,0,0.7,0,0
3.66165,0.04,0.07,-0.01,0.06,0,0.18,0,0
3.68241,0.04,0.07,-0.01,0.06,0,0,0,0
3.70646,0.04,0.07,-0.01,0.06,0,0,0,0
3.72713,0.04,0.07,-0.01,0.06,0,0,0,0
3.74787,0.04,0.07,-0.01,0.06,0,0,0,0
3.77203,0.04,0.07,-0.01,0.07,0,0.53,0,0
3.79602,0.04,0.07,-0.01,0.06,0,0.88,0,0
3.82007,0.04,0.07,-0.01,0.06,0,1.75,0,0
3.84394,0.04,0.07,-0.01,0.06,0,0,0,0
3.86475,0.04,0.07,-0.01,0.06,0,0,0,0
3.88865,0.04,0.07,-0.01,0.06,0,1.05,0,0
3.91276,0.04,0.07,-0.01,0.06,0,0,0,0
3.93356,0.04,0.07,-0.01,0.06,0,0,0,0
3.95421,0.04,0.07,-0.01,0.06,0,0,0,0
3.97825,0.04,0.07,-0.01,0.06,0,0,0,0
4.00229,0.04,0.07,-0.01,0.06,0,0.18,0,0
4.02632,0.04,0.07,-0.01,0.06,0,0,0,0
4.04693,0.04,0.07,-0.01,0.06,0,0,0,0
4.06774,0.04,0.07,-0.01,0.06,0,0,0,0
4.0918,0.05,0.07,-0.01,0.06,0,0.35,0,0
4.11579,0.04,0.07,-0.01,0.06,0,0.7,0,0
4.13973,0.04,0.07,-0.01,0.06,0,0.53,0,0
4.16375,0.04,0.07,-0.01,0.06,0,0,0,0
4.18774,0.04,0.07,-0.01,0.06,0,0,0,0
4.21166,0.04,0.07,-0.01,0.06,0,0,0,0
4.23566,0.05,0.07,-0.01,0.06,0,0,0,0
4.25957,0.04,0.07,-0.01,0.06,0,0,0,0
4.28361,0.04,0.07,-0.01,0.06,0,0,0,0
4.30766,0.04,0.07,-0.01,0.06,0,0,0,0
4.32826,0.04,0.07,-0.01,0.06,0,0,0,0
4.34905,0.04,0.07,-0.01,0.06,0,0,0,0
4.37313,0.04,0.07,-0.01,0.06,0,0.35,0,0
4.39715,0.04,0.07,-0.03,0.06,0,0.7,0,0
4.42122,0.04,0.07,-0.01,0.06,0,0.35,0,0
4.44527,0.04,0.07,-0.01,0.06,0,0,0,0
4.46904,0.04,0.07,-0.01,0.06,0,0,0,0
4.49332,0.04,0.07,-0.01,0.06,0,-0.18,0,0
4.51399,0.04,0.07,-0.01,0.06,0,0,0,0
4.53803,0.04,0.07,-0.01,0.06,0,0,0,0
4.56189,0.04,0.07,-0.01,0.06,0,0,0,0
4.58594,0.04,0.07,-0.01,0.06,0,0,0,0
4.60994,0.04,0.07,-0.01,0.06,0,0,0,0
4.63384,0.04,0.07,-0.01,0.06,0,0,0,0
4.65784,0.04,0.07,-0.01,0.06,0,0,0,0
4.6819,0.04,0.07,-0.01,0.06,0,0,0,0
4.70595,0.04,0.07,-0.01,0.06,0,0,0,0
4.72973,0.04,0.07,-0.01,0.06,0,0,0,0
4.75377,0.04,0.07,-0.01,0.06,0,0,0,0
4.77777,0.04,0.07,-0.01,0.06,0,0,0,0
4.80181,0.04,0.07,-0.01,0.06,0,0,0,0
4.8257,0.04,0.07,-0.01,0.06,0,0,0,0
4.84972,0.04,0.07,-0.01,0.06,0,0,0,0
4.87377,0.04,0.07,-0.01,0.06,0,0,0,0
4.89763,0.04,0.07,-0.01,0.06,0,0,0,0
4.92169,0.04,0.07,-0.01,0.06,0,0,0,0
4.94572,0.04,0.07,-0.01,0.06,0,0,0,0
4.96978,0.04,0.07,-0.01,0.06,0,0,0,0
4.99382,0.04,0.07,-0.01,0.06,0,0,0,0
5.01773,0.04,0.07,-0.01,0.06,0,0,0,0
5.04174,0.04,0.07,-0.01,0.06,0,0,0,0
5.06579,0.04,0.07,-0.01,0.06,0,0,0,0
5.0897,0.04,0.06,-0.01,0.06,0,0,0,0
5.1137,0.04,0.07,-0.01,0.06,0,0,0,0
5.13452,0.04,0.07,-0.01,0.06,0,0,0,0
5.15514,0.04,0.07,-0.01,0.06,0,0,0,0
5.17592,0.04,0.07,-0.01,0.06,0,0,0,0
5.19654,0.04,0.07,-0.01,0.06,0,0,0,0
5.2206,0.04,0.07,-0.01,0.06,0,0,0,0
5.24464,0.04,0.07,-0.01,0.06,0,0,0,0
5.26868,0.04,0.06,-0.01,0.06,0,0,0,0
5.29273,0.05,0.06,-0.01,0.06,0,0,0,0
5.31659,0.04,0.06,-0.01,0.06,0,0,0,0
5.34064,0.04,0.06,-0.01,0.06,0,0,0,0
5.36469,0.04,0.06,-0.01,0.06,0,0,0,0
5.38874,0.04,0.06,-0.01,0.06,0,0,0,0
5.41276,0.04,0.06,-0.01,0.06,0,0,0,0
5.43665,0.04,0.06,-0.01,0.06,0,0,0,0
5.46068,0.04,0.06,-0.01,0.06,0,0,0,0
5.48454,0.05,0.06,-0.01,0.06,0,0,0,0
5.50864,0.04,0.06,-0.01,0.06,0,0,0,0
5.53265,0.04,0.06,-0.01,0.06,0,0,0,0
5.55669,0.04,0.06,-0.01,0.06,0,0,0,0
5.58054,0.04,0.06,-0.01,0.06,0,0,0,0
5.6046,0.04,0.06,-0.01,0.06,0,0,0,0
5.6286,0.04,0.06,-0.01,0.06,0,0,0,0
5.65251,0.04,0.06,-0.01,0.06,0,0,0,0
5.67651,0.04,0.06,-0.01,0.06,0,0,0,0
5.70055,0.04,0.06,-0.01,0.06,0,0,0,0
5.72462,0.04,0.06,-0.01,0.06,0,0,0,0
5.74864,0.04,0.06,-0.01,0.06,0,0,0,0
5.77255,0.04,0.06,-0.01,0.06,0,0,0,0
5.79659,0.04,0.06,-0.01,0.06,0,0,0,0
5.82064,0.04,0.06,-0.01,0.06,0,0,0,0
5.84451,0.04,0.06,-0.01,0.06,0,0,0,0
5.86855,0.04,0.06,-0.01,0.06,0,0,0,0
5.8926,0.05,0.06,-0.01,0.06,0,0,0,0
5.9166,0.04,0.06,-0.01,0.06,0,0,0,0
5.94064,0.04,0.06,-0.01,0.06,0,0,0,0
5.96451,0.04,0.06,-0.01,0.06,0,0,0,0
5.98856,0.05,0.06,-0.01,0.06,0,0,0,0
6.0126,0.04,0.06,-0.01,0.06,0,0,0,0
6.03664,0.05,0.06,-0.01,0.06,0,0,0,0
6.06052,0.04,0.06,-0.01,0.06,0,0,0,0
6.08455,0.04,0.06,-0.01,0.06,0,0,0,0
6.1086,0.04,0.07,-0.01,0.06,0,0,0,0
6.13245,0.04,0.07,-0.01,0.06,0,0,0,0
6.15651,0.04,0.07,-0.01,0.06,0,0,0,0
6.18056,0.04,0.06,-0.01,0.06,0,0,0,0
6.2046,0.04,0.07,-0.01,0.06,0,0,0,0
6.22847,0.04,0.07,-0.01,0.06,0,0,0,0
6.25252,0.04,0.07,-0.01,0.06,0,0,0,0
6.27656,0.04,0.07,-0.01,0.06,0,0,0,0
6.30061,0.04,0.06,-0.01,0.06,0,0,0,0
6.32447,0.04,0.07,-0.01,0.06,0,0,0,0
6.34855,0.04,0.07,-0.01,0.06,0,0,0,0
6.37251,0.04,0.07,-0.01,0.06,0,0,0,0
6.39657,0.04,0.07,-0.01,0.06,0,0,0,0
6.42063,0.05,0.07,-0.01,0.06,0,0,0,0
6.44447,0.04,0.07,-0.01,0.06,0,0,0,0
6.46852,0.04,0.07,-0.01,0.06,0,0,0,0
6.49257,0.04,0.07,-0.01,0.06,0,0,0,0
6.51661,0.04,0.07,-0.01,0.06,0,0,0,0
6.54049,0.05,0.07,-0.01,0.06,0,0,0,0
6.56452,0.04,0.07,-0.01,0.06,0,0,0,0
6.58857,0.04,0.07,-0.01,0.06,0,0,0,0
6.61248,0.04,0.07,-0.01,0.06,0,0,0,0
6.63653,0.04,0.07,-0.01,0.06,0,0,0,0
6.66057,0.04,0.07,-0.01,0.06,0,0,0,0
6.68459,0.04,0.07,-0.01,0.06,0,0,0,0
6.70847,0.04,0.07,-0.01,0.06,0,0,0,0
6.73253,0.04,0.07,-0.01,0.06,0,0,0,0
6.75653,0.04,0.07,-0.01,0.06,0,0,0,0
6.78058,0.04,0.07,-0.01,0.06,0,0,0,0
6.80449,0.05,0.07,-0.01,0.06,0,0,0,0
6.82853,0.04,0.07,-0.01,0.06,0,0,0,0
6.85255,0.05,0.07,-0.01,0.06,0,0,0,0
6.87643,0.04,0.07,-0.01,0.06,0,0,0,0
6.90048,0.04,0.07,-0.01,0.06,0,0,0,0
6.92453,0.04,0.07,-0.01,0.06,0,0,0,0
6.94852,0.04,0.07,-0.01,0.06,0,0,0,0
6.97242,0.04,0.07,-0.01,0.06,0,0,0,0
6.99649,0.04,0.07,-0.01,0.06,0,0,0,0
7.02048,0.05,0.07,-0.01,0.06,0,0,0,0
7.04453,0.04,0.06,-0.01,0.06,0,0,0,0
7.06857,0.04,0.07,-0.01,0.06,0,0,0,0
7.09247,0.04,0.06,-0.01,0.06,0,0,0,0
7.11649,0.04,0.07,-0.01,0.06,0,0,0,0
7.14053,0.04,0.07,-0.01,0.06,0,0,0,0
7.16457,0.04,0.07,-0.01,0.06,0,0,0,0
7.18845,0.04,0.07,-0.01,0.06,0,0,0,0
7.21251,0.04,0.07,-0.01,0.06,0,0,0,0
7.23655,0.04,0.07,-0.01,0.06,0,0,0,0
7.26054,0.04,0.07,-0.01,0.06,0,0,0,0
7.28443,0.04,0.07,-0.01,0.06,0,0,0,0
7.30843,0.04,0.07,-0.01,0.06,0,0,0,0
7.33251,0.04,0.07,-0.01,0.06,0,0,0,0
7.35654,0.04,0.07,-0.01,0.06,0,0,0,0
7.3806,0.04,0.07,-0.01,0.06,0,0,0,0
7.40447,0.04,0.07,-0.01,0.06,0,0,0,0
7.42524,0.04,0.06,-0.01,0.06,0,0,0,0
7.44586,0.04,0.06,-0.01,0.06,0,0,0,0
7.46667,0.04,0.07,-0.01,0.06,0,0,0,0
7.48729,0.04,0.06,-0.01,0.06,0,0,0,0
7.5115,0.04,0.06,-0.01,0.06,0,1.23,0,0
7.53554,0.05,0.07,-0.01,0.06,0,1.23,0,0
7.55959,0.04,0.07,-0.02,0.06,0,0.88,0,0
7.5836,0.04,0.06,-0.01,0.06,0,0.35,0,0
7.6075,0.04,0.07,-0.01,0.06,0,0,0,0
7.63155,0.05,0.07,-0.01,0.06,0,0,0,0
7.65542,0.04,0.06,-0.01,0.06,0,0,0,0
7.67946,0.04,0.06,-0.01,0.06,0,0,0,0
7.7034,0.05,0.07,-0.01,0.06,0,0,0,0
7.72414,0.05,0.06,-0.01,0.06,0,0,0,0
7.74491,0.04,0.06,-0.01,0.06,0,0,0,0
7.76554,0.04,0.06,-0.01,0.06,0,0,0,0
7.7864,0.04,0.07,-0.01,0.06,0,0,0,0
7.80701,0.04,0.06,-0.01,0.06,0,0,0,0
7.82782,0.04,0.06,-0.01,0.06,0,0,0,0
7.84859,0.04,0.06,-0.01,0.06,0,0,0,0
7.86943,0.04,0.06,-0.01,0.06,0,0,0,0
7.89233,0.04,0.06,-0.01,0.06,0,0,-0.03,-0.03
7.91631,0.04,0.06,-0.01,0.06,0,11.91,-0.03,-0.03
7.94052,0.04,0.06,-0.01,0.06,0,29.07,-0.03,-0.03
7.96661,0.04,0.06,-0.01,0.06,0,38.88,-0.03,-0.03
7.99082,0.04,0.06,-0.01,0.06,0,40.62,-0.03,-0.03
8.01502,0.04,0.06,-0.01,0.06,0,42.37,-0.03,-0.03
8.0411,0.04,0.06,-0.01,0.06,0,41.84,-0.03,-0.03
8.0653,0.04,0.06,-0,0.06,0,40.78,-0.03,-0.03
8.08943,0.04,0.06,-0.01,0.06,0,42.36,-0.03,-0.03
8.11578,0.05,0.06,-0.01,0.06,0,41.3,-0.03,-0.03
8.14001,0.04,0.06,-0.01,0.06,0,41.3,-0.03,-0.03
8.1642,0.04,0.06,-0.01,0.06,0,41.3,-0.03,-0.03
8.18824,0.04,0.06,-0.01,0.06,0,40.07,-0.03,-0.03
8.21464,0.04,0.06,-0.01,0.06,0,40.07,-0.03,-0.03
8.23887,0.04,0.06,-0.01,0.06,0,40.07,-0.03,-0.03
8.26309,0.04,0.06,-0.01,0.06,0,40.07,-0.03,-0.03
8.28951,0.04,0.06,-0.01,0.06,0,41.3,-0.02,-0.03
8.31356,0.04,0.06,-0.01,0.06,0,40.07,-0.02,-0.03
8.33791,0.04,0.06,-0.01,0.06,0,40.07,-0.02,-0.03
8.36418,0.04,0.06,-0.01,0.06,0,40.07,-0.02,-0.03
8.38836,0.04,0.06,-0.01,0.06,0,40.07,-0.02,-0.03
8.41257,0.04,0.06,-0.01,0.06,0,40.07,-0.02,-0.03
8.43899,0.04,0.07,-0.01,0.06,0,41.3,-0.02,-0.03
8.46318,0.04,0.06,-0.01,0.06,0,41.3,-0.02,-0.03
8.48722,0.04,0.06,-0.01,0.06,0,40.07,-0.02,-0.03
8.51367,0.04,0.06,-0.01,0.06,0,40.07,-0.02,-0.03
8.53785,0.05,0.06,-0.01,0.06,0,40.07,-0.02,-0.03
8.5619,0.04,0.06,-0.01,0.06,0,40.07,-0.02,-0.03
8.58614,0.05,0.06,-0.01,0.06,0,40.07,-0.02,-0.03
8.61257,0.04,0.06,-0.01,0.06,0,41.3,-0.02,-0.03
8.63677,0.04,0.06,-0.01,0.06,0,40.07,-0.02,-0.03
8.66073,0.04,0.06,-0.01,0.06,0,40.07,-0.02,-0.03
8.68718,0.04,0.06,-0.01,0.06,0,40.07,-0.02,-0.03
8.71141,0.04,0.06,-0.01,0.06,0,40.07,-0.02,-0.03
8.73563,0.04,0.06,-0.01,0.06,0,40.07,-0.02,-0.03
8.76186,0.04,0.06,-0.01,0.06,0,40.07,-0.02,-0.03
8.7861,0.04,0.06,-0.01,0.06,0,40.07,-0.02,-0.03
8.81028,0.04,0.06,-0.01,0.06,0,40.07,-0.02,-0.03
8.83658,0.04,0.06,-0.01,0.06,0,40.07,-0.02,-0.03
8.8607,0.04,0.06,-0.01,0.06,0,40.07,-0.02,-0.03
8.88495,0.04,0.06,-0.01,0.06,0,40.07,-0.02,-0.03
8.91137,0.04,0.06,-0.01,0.06,0,40.07,-0.02,-0.03
8.93559,0.04,0.06,-0.01,0.06,0,40.07,-0.02,-0.03
8.95979,0.04,0.06,-0.01,0.06,0,40.07,-0.02,-0.03
8.98381,0.04,0.06,-0.01,0.06,0,40.07,-0.02,-0.03
9.01025,0.04,0.06,-0.01,0.06,0,40.07,-0.02,-0.03
9.03448,0.05,0.06,-0.01,0.06,0,40.07,-0.02,-0.03
9.05869,0.04,0.06,-0.01,0.06,0,40.07,-0.02,-0.03
9.08498,0.04,0.06,-0.01,0.06,0,40.07,-0.02,-0.03
9.10921,0.04,0.06,-0.01,0.06,0,40.07,-0.02,-0.03
9.13359,0.04,0.06,-0.01,0.06,0,40.07,-0.02,-0.03
9.15978,0.04,0.06,-0.01,0.06,0,40.07,-0.02,-0.03
9.184,0.05,0.06,-0.01,0.06,0,40.07,-0.02,-0.03
9.2082,0.04,0.06,-0.01,0.06,0,40.07,-0.02,-0.03
9.23463,0.04,0.06,-0.01,0.06,0,40.07,-0.02,-0.03
9.2588,0.04,0.06,-0.01,0.06,0,40.07,-0.02,-0.03
9.2828,0.04,0.06,-0.01,0.06,0,40.07,-0.02,-0.03
9.30922,0.04,0.06,-0.01,0.06,0,40.07,-0.02,-0.03
9.33351,0.04,0.06,-0.01,0.06,0,40.07,-0.02,-0.03
9.35745,0.04,0.06,-0.01,0.06,0,40.07,-0.02,-0.03
9.38164,0.04,0.06,-0.01,0.06,0,40.07,-0.02,-0.03
9.4082,0.04,0.06,-0.01,0.06,0,40.07,-0.02,-0.03
9.43238,0.04,0.06,-0.01,0.06,0,40.07,-0.02,-0.03
9.4566,0.04,0.06,-0.01,0.06,0,40.07,-0.02,-0.03
9.48301,0.04,0.06,-0.01,0.06,0,40.07,-0.02,-0.03
9.50705,0.04,0.06,-0.01,0.06,0,41.3,-0.02,-0.03
9.53125,0.04,0.06,-0.01,0.06,0,40.07,-0.02,-0.03
9.55787,0.04,0.06,-0.01,0.06,0,40.07,-0.02,-0.03
9.58198,0.04,0.06,-0.01,0.06,0,40.07,-0.02,-0.03
9.60606,0.05,0.06,-0.01,0.06,0,40.07,-0.02,-0.03
9.6326,0.04,0.06,-0.01,0.06,0,40.07,-0.02,-0.03
9.6566,0.04,0.06,-0.01,0.06,0,40.07,-0.02,-0.03
9.68084,0.04,0.06,-0.01,0.06,0,40.07,-0.02,-0.03
9.70725,0.04,0.06,-0.01,0.06,0,40.07,-0.02,-0.03
9.73148,0.04,0.06,-0.01,0.06,0,40.07,-0.02,-0.03
9.75543,0.04,0.06,-0.01,0.06,0,41.3,-0.02,-0.03
9.77962,0.04,0.06,-0.01,0.06,0,41.3,-0.02,-0.03
9.80366,0.04,0.06,-0.01,0.06,0,40.07,-0.02,-0.03
9.83027,0.05,0.06,-0.01,0.06,0,40.07,-0.02,-0.03
9.85439,0.04,0.06,-0.01,0.06,0,40.07,-0.02,-0.03
9.8786,0.04,0.06,-0.01,0.06,0,40.07,-0.02,-0.03
9.90489,0.04,0.06,-0.01,0.06,0,40.07,-0.02,-0.03
9.92903,0.04,0.06,-0.01,0.06,0,40.07,-0.02,-0.03
9.95303,0.04,0.06,-0.01,0.06,0,40.07,-0.02,-0.03
9.97949,0.04,0.06,-0.01,0.06,0,40.07,-0.02,-0.03
10.0035,0.04,0.06,-0.01,0.06,0,40.07,-0.02,-0.03
10.0277,0.04,0.06,-0.01,0.06,0,41.3,-0.02,-0.03
10.0541,0.04,0.07,-0.01,0.06,0,40.07,-0.02,-0.03
10.0781,0.04,0.06,-0.01,0.06,0,40.07,-0.02,-0.03
10.1023,0.04,0.06,-0.01,0.06,0,40.07,-0.02,-0.03
10.1286,0.05,0.06,-0.01,0.06,0,40.07,-0.02,-0.03
10.1528,0.04,0.06,-0.01,0.06,0,40.07,-0.02,-0.03
10.1769,0.04,0.06,-0.01,0.06,0,41.3,-0.02,-0.03
10.201,0.04,0.06,-0.01,0.06,0,40.07,-0.02,-0.03
10.2275,0.04,0.06,-0.01,0.06,0,37.78,-0.02,-0.03
10.2517,0.05,0.06,-0.01,0.06,0,37.78,-0.02,-0.03
10.2759,0.04,0.06,-0.01,0.06,0,35.49,-0.02,-0.03
10.3023,0.05,0.06,-0.01,0.06,0,37.78,-0.02,-0.03
10.3265,0.05,0.06,-0.01,0.06,0,37.78,-0.02,-0.03
10.3506,0.05,0.06,-0.01,0.06,0,36.72,-0.02,-0.03
10.3768,0.05,0.06,-0.01,0.06,0,34.25,-0.02,-0.03
10.4011,0.05,0.06,-0.01,0.06,0,31.96,-0.02,-0.03
10.4252,0.05,0.06,-0.01,0.06,0,31.96,-0.02,-0.03
10.4517,0.05,0.06,-0.01,0.06,0,30.9,-0.02,-0.03
10.4757,0.05,0.06,-0.01,0.06,0,30.9,-0.02,-0.03
10.5,0.05,0.06,-0.01,0.06,0,29.66,-0.02,-0.03
10.5264,0.04,0.06,-0.01,0.06,0,29.66,-0.02,-0.03
10.5506,0.07,0.06,-0.01,0.06,0,29.66,-0.02,-0.03
10.5746,0.06,0.05,-0.01,0.06,0,29.66,-0.02,-0.03
10.5988,0.08,0.05,-0.01,0.06,0,29.66,-0.02,-0.03
10.6253,0.09,0.05,-0.01,0.06,0,29.66,-0.02,-0.03
10.6493,0.1,0.05,-0.01,0.06,0,29.66,-0.02,-0.03
10.6735,0.12,0.05,-0.01,0.06,0,29.66,-0.02,-0.03
10.7001,0.14,0.05,-0.01,0.06,0,30.9,-0.02,-0.03
10.7242,0.15,0.05,-0.01,0.06,0,30.9,-0.02,-0.03
10.7486,0.16,0.05,-0.01,0.06,0,30.9,-0.02,-0.03
10.775,0.19,0.05,-0.01,0.06,0,30.9,-0.01,-0.03
10.799,0.2,0.05,-0.01,0.06,0,29.66,-0.01,-0.03
10.8232,0.21,0.05,-0.01,0.06,0,29.66,-0.01,-0.03
10.8497,0.25,0.04,-0.01,0.06,0,29.66,-0.01,-0.03
10.8739,0.26,0.05,-0.01,0.06,0,29.66,-0.01,-0.03
10.8979,0.27,0.05,-0.01,0.06,0,29.66,-0.01,-0.03
10.9244,0.29,0.05,-0.01,0.06,0,29.66,-0.01,-0.03
10.9486,0.29,0.05,-0.01,0.06,0,29.66,-0.01,-0.03
10.9726,0.3,0.05,-0.01,0.06,0,29.66,-0.01,-0.03
10.9969,0.31,0.05,-0.01,0.06,0,29.66,-0.01,-0.03
11.0233,0.33,0.05,-0.01,0.06,0,29.66,-0.02,-0.03
11.0475,0.34,0.05,-0.01,0.06,0,29.66,-0.02,-0.03
11.0718,0.35,0.05,-0.01,0.06,0,29.66,-0.02,-0.03
11.0983,0.35,0.05,-0.01,0.06,0,29.66,-0.02,-0.03
11.1223,0.36,0.05,-0.01,0.06,0,29.66,-0.02,-0.03
11.1465,0.36,0.06,-0.01,0.06,0,29.66,-0.02,-0.03
11.173,0.39,0.06,-0.01,0.06,0,29.66,-0.02,-0.03
11.1972,0.39,0.06,-0.01,0.06,0,29.66,-0.02,-0.03
11.2214,0.4,0.07,-0.01,0.06,0,29.66,-0.02,-0.03
11.2478,0.41,0.07,-0.01,0.06,0,29.66,-0.03,-0.03
11.272,0.42,0.07,-0.01,0.06,0,28.43,-0.03,-0.03
11.2962,0.43,0.07,-0.01,0.06,0,29.66,-0.03,-0.03
11.3226,0.45,0.08,-0.01,0.06,0,29.66,-0.03,-0.03
11.3467,0.45,0.08,-0.01,0.06,0,29.66,-0.03,-0.03
11.3708,0.45,0.08,-0.01,0.06,0,29.66,-0.03,-0.03
11.3948,0.45,0.08,-0.01,0.06,0,29.66,-0.03,-0.03
11.4212,0.47,0.09,-0.01,0.06,0,29.66,-0.03,-0.03
11.4455,0.48,0.09,-0.01,0.06,0,29.66,-0.03,-0.03
11.4697,0.48,0.08,-0.01,0.06,0,29.66,-0.03,-0.03
11.4961,0.49,0.08,-0.01,0.06,0,29.66,-0.03,-0.03
11.5203,0.48,0.09,-0.01,0.06,0,29.66,-0.03,-0.03
11.5445,0.49,0.09,-0.01,0.06,0,29.66,-0.03,-0.03
11.5707,0.5,0.1,-0.01,0.06,0,28.43,-0.04,-0.03
11.595,0.5,0.11,-0.01,0.06,0,29.66,-0.04,-0.03
11.6192,0.5,0.11,-0.01,0.06,0,29.66,-0.04,-0.03
11.6456,0.5,0.11,-0.01,0.06,0,29.66,-0.05,-0.03
11.6696,0.5,0.11,-0.01,0.06,0,29.66,-0.05,-0.03
11.6938,0.5,0.11,-0.01,0.06,0,29.66,-0.05,-0.03
11.7203,0.5,0.11,-0.01,0.06,0,29.66,-0.05,-0.03
11.7445,0.5,0.11,-0.01,0.06,0,29.66,-0.05,-0.03
11.7687,0.5,0.11,-0.01,0.06,0,29.66,-0.05,-0.03
11.7929,0.5,0.11,-0.01,0.06,0,29.66,-0.05,-0.03
11.8194,0.51,0.11,-0.01,0.06,0,29.66,-0.05,-0.03
11.8434,0.51,0.11,-0.01,0.06,0,29.66,-0.05,-0.03
11.8676,0.52,0.11,-0.01,0.06,0,29.66,-0.05,-0.03
11.894,0.52,0.14,-0.01,0.06,0,27.37,-0.05,-0.03
11.9182,0.52,0.13,-0.01,0.06,0,27.37,-0.05,-0.03
11.9424,0.53,0.13,-0.01,0.06,0,27.37,-0.05,-0.03
11.9687,0.53,0.15,-0.01,0.06,0,27.37,-0.06,-0.03
11.9929,0.53,0.15,-0.01,0.06,0,27.37,-0.06,-0.03
12.0171,0.54,0.15,-0.01,0.06,0,27.37,-0.06,-0.03
12.0435,0.54,0.14,-0.01,0.06,0,27.37,-0.07,-0.03
12.0677,0.54,0.16,-0.01,0.06,0,27.37,-0.07,-0.03
12.0919,0.54,0.16,-0.01,0.06,0,27.37,-0.07,-0.03
12.1184,0.55,0.16,-0.01,0.06,0,27.37,-0.07,-0.03
12.1426,0.55,0.16,-0.01,0.06,0,27.37,-0.07,-0.03
12.1666,0.55,0.16,-0.01,0.06,0,27.37,-0.07,-0.03
12.191,0.55,0.16,-0.01,0.06,0,27.37,-0.07,-0.03
12.2175,0.55,0.18,-0.01,0.06,0,27.37,-0.07,-0.03
12.2416,0.56,0.18,-0.01,0.06,0,27.37,-0.07,-0.03
12.2657,0.56,0.19,-0.01,0.06,0,27.37,-0.07,-0.03
12.2921,0.57,0.19,-0.01,0.06,0,27.37,-0.09,-0.03
12.3163,0.56,0.19,-0.01,0.06,0,27.37,-0.09,-0.03
12.3405,0.56,0.19,-0.01,0.06,0,27.37,-0.09,-0.03
12.3669,0.56,0.18,-0.01,0.06,0,27.37,-0.09,-0.03
12.3911,0.56,0.18,-0.01,0.06,0,27.37,-0.09,-0.03
12.4152,0.56,0.18,-0.01,0.06,0,27.37,-0.09,-0.03
12.4416,0.56,0.18,-0.01,0.06,0,27.37,-0.08,-0.03
12.4658,0.56,0.18,-0.01,0.06,0,27.37,-0.08,-0.03
12.4899,0.56,0.18,-0.01,0.06,0,27.37,-0.08,-0.03
12.5163,0.56,0.18,-0.01,0.06,0,27.37,-0.08,-0.03
12.5407,0.57,0.18,-0.01,0.06,0,27.37,-0.08,-0.03
12.5649,0.56,0.18,-0.01,0.06,0,27.37,-0.08,-0.03
12.5889,0.56,0.19,-0.01,0.06,0,27.37,-0.08,-0.03
12.6154,0.56,0.18,-0.01,0.06,0,26.14,-0.08,-0.03
12.6394,0.57,0.18,-0.01,0.06,0,26.14,-0.08,-0.03
12.6636,0.56,0.19,-0.01,0.06,0,26.14,-0.08,-0.03
12.69,0.56,0.18,-0.01,0.06,0,26.14,-0.08,-0.03
12.7142,0.57,0.18,-0.01,0.06,0,26.14,-0.08,-0.03
12.7385,0.56,0.19,-0.01,0.06,0,26.14,-0.08,-0.03
12.7649,0.57,0.19,-0.01,0.06,0,26.14,-0.08,-0.03
12.7891,0.56,0.19,-0.01,0.06,0,26.14,-0.08,-0.03
12.8131,0.56,0.18,-0.01,0.06,0,26.14,-0.08,-0.03
12.8395,0.56,0.19,-0.01,0.06,0,26.14,-0.08,-0.03
12.8639,0.56,0.19,-0.01,0.06,0,26.14,-0.08,-0.03
12.8879,0.56,0.19,-0.01,0.06,0,26.14,-0.08,-0.03
12.9146,0.56,0.19,-0.01,0.06,0,25.08,-0.08,-0.03
12.9386,0.56,0.19,-0.01,0.06,0,29.66,-0.08,-0.03
12.9628,0.56,0.19,-0.01,0.06,0,29.66,-0.08,-0.03
12.987,0.56,0.18,-0.01,0.06,0,29.66,-0.08,-0.03
13.0136,0.56,0.18,-0.01,0.06,0,28.43,-0.08,-0.03
13.0375,0.56,0.17,-0.01,0.06,0,27.37,-0.08,-0.03
13.0617,0.57,0.18,-0.01,0.05,0,26.14,-0.08,-0.03
13.0881,0.56,0.17,-0.01,0.05,0,26.14,-0.07,-0.03
13.1122,0.57,0.17,-0.01,0.05,0,23.85,-0.07,-0.03
13.1364,0.57,0.18,-0.01,0.05,0,23.85,-0.07,-0.03
13.1629,0.57,0.18,-0.01,0.06,0,26.14,-0.07,-0.03
13.1871,0.57,0.18,-0.01,0.06,0,26.14,-0.07,-0.03
13.2113,0.57,0.18,-0.01,0.06,0,27.37,-0.07,-0.03
13.2378,0.56,0.18,-0.01,0.06,0,27.37,-0.07,-0.03
13.2619,0.57,0.18,-0.01,0.07,0,27.37,-0.07,-0.03
13.286,0.57,0.18,-0.01,0.07,0,26.14,-0.07,-0.03
13.3124,0.57,0.18,-0.01,0.07,0,27.37,-0.07,-0.04
13.3366,0.57,0.18,-0.01,0.07,0,26.14,-0.07,-0.04
13.3609,0.57,0.19,-0.01,0.07,0,25.08,-0.07,-0.04
13.3851,0.56,0.18,-0.01,0.07,0,26.14,-0.07,-0.04
13.4115,0.57,0.19,-0.01,0.07,0,27.37,-0.07,-0.04
13.4357,0.57,0.18,-0.01,0.07,0,26.14,-0.07,-0.04
13.4599,0.57,0.19,-0.01,0.07,0,26.14,-0.07,-0.04
13.4863,0.56,0.19,-0.01,0.07,0,25.08,-0.07,-0.04
13.5106,0.57,0.19,-0.01,0.07,0,26.14,-0.07,-0.04
13.5348,0.57,0.19,-0.01,0.07,0,28.43,-0.07,-0.04
13.5612,0.57,0.2,-0.01,0.08,0,28.43,-0.08,-0.04
13.5853,0.57,0.2,-0.01,0.08,0,27.37,-0.08,-0.04
13.6097,0.57,0.21,-0.01,0.08,0,28.43,-0.08,-0.04
13.636,0.57,0.21,-0.01,0.09,0,29.66,-0.08,-0.04
13.6601,0.57,0.2,-0.01,0.09,0,26.14,-0.08,-0.04
13.6843,0.57,0.22,-0.01,0.1,0,29.66,-0.08,-0.04
13.7108,0.57,0.22,-0.01,0.12,0,27.37,-0.09,-0.05
13.7348,0.57,0.21,-0.01,0.13,0,27.37,-0.09,-0.05
13.7591,0.57,0.21,-0.01,0.14,0,30.9,-0.09,-0.05
13.7833,0.57,0.22,-0.01,0.15,0,28.43,-0.09,-0.05
13.8097,0.57,0.23,-0.01,0.16,0,28.43,-0.09,-0.08
13.834,0.57,0.22,-0.01,0.16,0,29.66,-0.09,-0.08
13.8582,0.57,0.23,-0.01,0.16,0,28.43,-0.09,-0.08
13.8843,0.57,0.23,-0.01,0.17,0,28.43,-0.1,-0.08
13.912,0.57,0.25,-0.01,0.18,0.53,27.37,-0.1,-0.08
13.9394,0.57,0.26,-0.01,0.19,2.8,26.14,-0.1,-0.08
13.9657,0.57,0.23,-0.01,0.21,0,26.14,-0.11,-0.1
13.9898,0.57,0.25,-0.01,0.22,0,28.43,-0.11,-0.1
14.014,0.57,0.25,-0.01,0.23,0,28.43,-0.11,-0.1
14.0437,0.57,0.27,-0.01,0.25,6.13,30.9,-0.1,-0.12
14.0712,0.57,0.28,-0.01,0.26,8.41,33.19,-0.1,-0.12
14.0986,0.57,0.28,-0.01,0.27,8.41,35.49,-0.1,-0.12
14.1285,0.57,0.28,-0.01,0.28,9.63,37.78,-0.12,-0.14
14.1561,0.57,0.28,-0.01,0.28,10.86,37.78,-0.12,-0.14
14.1835,0.57,0.28,-0.01,0.28,9.63,39.01,-0.12,-0.14
14.2135,0.57,0.28,-0.01,0.28,9.63,40.07,-0.12,-0.14
14.241,0.57,0.28,-0.01,0.28,10.86,41.3,-0.12,-0.14
14.265,0.57,0.25,-0.01,0.28,0,40.07,-0.12,-0.14
14.2948,0.57,0.27,-0.01,0.28,2.8,41.3,-0.1,-0.14
14.3223,0.57,0.29,-0.01,0.29,13.13,41.3,-0.1,-0.14
14.3499,0.57,0.29,-0.01,0.29,14.18,42.54,-0.1,-0.14
14.3797,0.57,0.29,-0.01,0.3,13.13,43.59,-0.12,-0.15
14.4072,0.57,0.29,-0.01,0.3,15.41,43.42,-0.12,-0.15
14.437,0.57,0.3,-0.01,0.31,15.41,45.88,-0.13,-0.15
14.4647,0.57,0.3,-0.01,0.32,16.46,48.16,-0.13,-0.15
14.4923,0.57,0.3,-0.01,0.32,15.41,45.88,-0.13,-0.15
14.5221,0.57,0.29,-0.01,0.32,13.13,48.16,-0.13,-0.16
14.5498,0.57,0.3,-0.01,0.33,16.46,51.67,-0.13,-0.16
14.577,0.57,0.27,-0.01,0.33,3.85,50.44,-0.13,-0.16
14.6012,0.57,0.24,-0.01,0.33,0,50.44,-0.13,-0.16
14.6314,0.57,0.27,-0.01,0.33,0.53,51.49,-0.1,-0.17
14.6555,0.57,0.24,-0.01,0.33,0,48.86,-0.1,-0.17
14.6861,0.57,0.32,-0.01,0.33,23.25,49.92,-0.1,-0.16
14.7136,0.57,0.32,-0.01,0.33,24.47,49.39,-0.1,-0.16
14.7412,0.57,0.32,-0.01,0.33,22.21,49.39,-0.1,-0.16
14.7713,0.57,0.32,-0.01,0.34,23.25,51.67,-0.14,-0.16
14.7988,0.58,0.32,-0.01,0.33,24.47,49.74,-0.14,-0.16
14.8263,0.57,0.31,-0.01,0.33,19.95,49.22,-0.14,-0.16
14.8565,0.57,0.31,-0.01,0.33,18.73,49.04,-0.13,-0.16
14.8841,0.57,0.31,-0.01,0.34,19.95,47.29,-0.13,-0.16
14.9141,0.57,0.31,0,0.34,18.73,48.16,-0.13,-0.16
14.9415,0.57,0.31,-0.01,0.34,18.73,47.81,-0.13,-0.16
14.9692,0.57,0.32,-0.01,0.34,24.47,47.99,-0.13,-0.16
14.9968,0.57,0.32,-0.01,0.34,25.51,47.99,-0.13,-0.16
15.0268,0.57,0.32,-0.01,0.34,25.51,46.59,-0.14,-0.16
15.0542,0.57,0.32,-0.01,0.33,25.51,47.29,-0.14,-0.16
15.0819,0.57,0.32,-0.01,0.33,25.51,47.46,-0.14,-0.16
15.112,0.58,0.32,-0.01,0.34,25.51,47.11,-0.14,-0.15
15.1397,0.57,0.32,-0.01,0.34,25.69,45.71,-0.14,-0.15
15.1698,0.57,0.32,-0.01,0.34,25.69,44.31,-0.14,-0.13
15.1974,0.57,0.32,-0.01,0.34,25.69,38.88,-0.14,-0.13
15.2249,0.57,0.32,-0.01,0.34,25.69,36.96,-0.14,-0.13
15.2548,0.57,0.32,-0.01,0.34,25.69,37.83,-0.14,-0.11
15.2824,0.57,0.32,-0.01,0.34,25.86,34.33,-0.14,-0.11
15.3124,0.58,0.32,-0.01,0.34,25.86,33.62,-0.13,-0.09
15.34,0.57,0.32,-0.01,0.34,25,28.37,-0.13,-0.09
15.3674,0.58,0.32,-0.01,0.35,25,26.96,-0.13,-0.09
15.3949,0.57,0.31,-0.01,0.34,20.47,26.09,-0.13,-0.09
15.4249,0.57,0.31,-0.01,0.35,19.25,25.21,-0.12,-0.08
15.4525,0.58,0.31,-0.01,0.35,18.2,22.24,-0.12,-0.08
15.48,0.58,0.31,-0.01,0.35,18.2,20.66,-0.12,-0.08
15.51,0.58,0.31,-0.01,0.35,18.2,19.61,-0.11,-0.07
15.5376,0.58,0.31,-0.01,0.35,18.03,17.86,-0.11,-0.07
15.5676,0.58,0.32,-0.01,0.34,23.6,18.03,-0.11,-0.07
15.5952,0.58,0.31,-0.01,0.35,19.77,19.25,-0.11,-0.07
15.6227,0.58,0.3,-0.01,0.35,16.46,17.68,-0.11,-0.07
15.6527,0.58,0.31,-0.01,0.35,17.68,18.55,-0.1,-0.07
15.6801,0.58,0.31,-0.01,0.36,17.15,19.77,-0.1,-0.07
15.7108,0.58,0.3,-0.01,0.36,15.76,19.77,-0.09,-0.07
15.7384,0.58,0.31,-0.01,0.36,16.28,19.77,-0.09,-0.07
15.7659,0.58,0.3,-0.01,0.36,14.53,19.77,-0.09,-0.07
15.7933,0.58,0.32,-0.01,0.36,20.29,19.77,-0.09,-0.07
15.8233,0.58,0.32,-0.01,0.36,23.42,19.6,-0.08,-0.07
15.8508,0.58,0.32,-0.01,0.36,21.85,19.07,-0.08,-0.07
15.8784,0.58,0.32,-0.01,0.36,20.11,18.9,-0.08,-0.07
15.9084,0.58,0.32,-0.01,0.36,21.33,19.77,-0.08,-0.07
15.9358,0.58,0.32,-0.01,0.37,19.41,19.76,-0.08,-0.07
15.9659,0.58,0.32,-0.02,0.37,19.23,17.32,-0.08,-0.06
15.9933,0.58,0.32,-0.01,0.38,18.01,18.7,-0.08,-0.06
16.0207,0.58,0.32,-0.01,0.38,19.06,18.52,-0.08,-0.06
16.0507,0.58,0.32,-0.01,0.39,18.01,18.69,-0.08,-0.06
16.0782,0.58,0.32,-0.01,0.4,16.62,21.63,-0.08,-0.06
16.1056,0.58,0.31,-0.01,0.41,12.08,24.22,-0.08,-0.06
16.1356,0.58,0.3,-0.01,0.43,7.53,24.73,-0.07,-0.07
16.1597,0.58,0.28,-0.01,0.43,0,26.45,-0.07,-0.07
16.1839,0.58,0.28,-0.01,0.44,0,28.33,-0.07,-0.07
16.2105,0.58,0.28,-0.01,0.44,0,26.95,-0.06,-0.09
16.2347,0.58,0.28,-0.01,0.45,0,32.43,-0.06,-0.09
16.2591,0.58,0.28,-0.01,0.45,0,26.95,-0.06,-0.09
16.2858,0.58,0.28,-0.01,0.45,0,29.18,-0.06,-0.09
16.31,0.58,0.28,-0.01,0.45,0,31.41,-0.06,-0.09
16.3341,0.58,0.28,-0.01,0.45,0,30.21,-0.06,-0.09
16.3607,0.58,0.28,-0.01,0.45,0,30.04,-0.06,-0.09
16.3849,0.58,0.28,-0.01,0.45,0,31.41,-0.06,-0.09
16.4124,0.58,0.3,-0.01,0.45,7.53,31.41,-0.06,-0.09
16.4424,0.58,0.29,-0.01,0.46,2.98,30.21,-0.07,-0.09
16.4699,0.58,0.29,-0.01,0.46,0.7,30.21,-0.07,-0.09
16.4973,0.58,0.3,-0.01,0.46,7.53,31.41,-0.07,-0.09
16.5239,0.58,0.28,-0.01,0.46,0,31.41,-0.07,-0.1
16.5481,0.58,0.28,-0.01,0.46,0,30.21,-0.07,-0.1
16.5756,0.58,0.29,-0.01,0.46,0.7,32.43,-0.07,-0.1
16.5996,0.58,0.28,-0.01,0.46,0,33.45,-0.07,-0.1
16.6296,0.58,0.32,-0.01,0.46,17.84,33.45,-0.06,-0.1
16.6573,0.58,0.33,-0.01,0.46,21.14,33.45,-0.06,-0.1
16.6871,0.58,0.31,-0.01,0.47,9.81,33.45,-0.08,-0.1
16.7113,0.58,0.28,-0.01,0.47,0,33.28,-0.08,-0.1
16.7389,0.58,0.31,-0.01,0.47,11.03,33.28,-0.08,-0.1
16.7688,0.58,0.32,-0.01,0.47,17.84,33.45,-0.07,-0.1
16.7962,0.58,0.32,-0.01,0.47,17.84,33.28,-0.07,-0.1
16.8238,0.58,0.31,-0.01,0.48,12.08,32.43,-0.07,-0.1
16.8537,0.58,0.33,-0.01,0.48,17.84,34.64,-0.07,-0.11
16.8813,0.58,0.31,-0.01,0.48,12.08,35.66,-0.07,-0.11
16.9113,0.58,0.31,-0.01,0.48,13.3,35.48,-0.07,-0.11
16.9387,0.58,0.32,-0.01,0.48,14.35,35.48,-0.07,-0.11
16.9662,0.58,0.31,-0.01,0.48,13.3,36.67,-0.07,-0.11
16.9938,0.58,0.32,-0.01,0.48,14.35,36.67,-0.07,-0.11
17.0237,0.58,0.32,-0.01,0.49,14.35,37.86,-0.08,-0.11
17.0511,0.58,0.31,-0.01,0.48,9.81,36.5,-0.08,-0.11
17.0787,0.58,0.31,-0.01,0.48,11.03,36.5,-0.08,-0.11
17.1089,0.58,0.32,-0.01,0.48,16.62,36.5,-0.07,-0.11
17.1365,0.58,0.32,-0.01,0.48,16.62,36.5,-0.07,-0.11
17.1665,0.58,0.33,-0.01,0.48,20.1,36.32,-0.08,-0.11
17.1939,0.58,0.33,-0.01,0.48,20.1,36.15,-0.08,-0.11
17.2216,0.58,0.33,-0.01,0.48,20.1,36.15,-0.08,-0.11
17.2515,0.58,0.33,-0.01,0.48,21.14,35.98,-0.08,-0.1
17.279,0.58,0.35,-0.01,0.48,28.94,35.46,-0.08,-0.1
17.3066,0.58,0.33,-0.01,0.48,17.84,35.63,-0.08,-0.1
17.3364,0.58,0.33,-0.01,0.48,21.14,35.46,-0.08,-0.1
17.364,0.58,0.33,-0.01,0.48,20.97,34.94,-0.08,-0.1
17.3914,0.58,0.34,-0.01,0.48,24.27,34.59,-0.08,-0.1
17.4214,0.58,0.36,-0.01,0.48,29.97,34.59,-0.09,-0.1
17.449,0.58,0.36,-0.01,0.48,29.97,33.38,-0.09,-0.1
17.4767,0.58,0.34,-0.01,0.49,25.48,34.72,-0.09,-0.1
17.5067,0.58,0.35,-0.01,0.49,27.73,35.21,-0.09,-0.09
17.534,0.58,0.3,-0.01,0.49,5.08,31.96,-0.09,-0.09
17.564,0.58,0.3,-0.01,0.49,7.36,32.6,-0.07,-0.08
17.5915,0.58,0.29,-0.01,0.49,3.85,27.62,-0.07,-0.08
17.619,0.58,0.29,-0.01,0.49,2.8,25.72,-0.07,-0.08
17.6489,0.58,0.32,-0.01,0.49,16.44,26.05,-0.06,-0.07
17.6764,0.58,0.33,-0.01,0.5,18.71,29.23,-0.06,-0.07
17.7041,0.58,0.31,-0,0.5,11.9,28.55,-0.06,-0.07
17.7339,0.58,0.33,-0.01,0.5,17.66,28.2,-0.07,-0.07
17.7615,0.58,0.32,-0.01,0.5,16.44,27.86,-0.07,-0.07
17.789,0.58,0.31,-0.01,0.5,11.9,28.03,-0.07,-0.07
17.8188,0.58,0.31,-0.01,0.5,8.58,27.86,-0.07,-0.08
17.8464,0.58,0.31,-0.01,0.5,11.9,27.86,-0.07,-0.08
17.8739,0.58,0.31,-0.01,0.5,9.63,27.86,-0.07,-0.08
17.9039,0.58,0.31,-0.01,0.51,9.63,28.87,-0.07,-0.08
17.9313,0.58,0.32,-0.01,0.51,13.13,28.87,-0.07,-0.08
17.9615,0.58,0.32,-0.01,0.51,15.4,27.86,-0.08,-0.08
17.9888,0.58,0.32,-0.01,0.5,14.35,25.66,-0.08,-0.08
18.0164,0.58,0.33,-0.01,0.5,17.84,24.65,-0.08,-0.08
18.0464,0.58,0.33,-0.01,0.51,20.1,24.65,-0.08,-0.08
18.0739,0.58,0.33,-0.01,0.52,18.71,28.87,-0.08,-0.08
18.1015,0.58,0.33,-0.01,0.52,18.71,28.87,-0.08,-0.08
18.1313,0.58,0.33,-0.01,0.52,18.71,30.88,-0.08,-0.08
18.1588,0.58,0.33,-0.01,0.54,16.44,32.05,-0.08,-0.08
18.1864,0.58,0.34,-0.01,0.54,23.23,33.05,-0.08,-0.08
18.2164,0.58,0.34,-0.01,0.55,23.23,34.87,-0.09,-0.09
18.2438,0.58,0.34,-0.01,0.55,23.23,36.03,-0.09,-0.09
18.2715,0.58,0.34,-0.01,0.55,22.01,33.7,-0.09,-0.09
18.3013,0.58,0.34,-0.01,0.55,22.01,34.7,-0.09,-0.1
18.3289,0.58,0.34,-0.01,0.55,22.19,34.7,-0.09,-0.1
18.3563,0.58,0.34,-0.01,0.55,22.19,34.7,-0.09,-0.1
18.3863,0.58,0.34,-0.01,0.55,22.19,34.7,-0.09,-0.1
18.4138,0.58,0.34,-0.01,0.55,22.19,33.7,-0.09,-0.1
18.4438,0.58,0.34,-0.01,0.55,22.19,31.54,-0.09,-0.1
18.4714,0.58,0.34,-0.01,0.55,22.19,34.53,-0.09,-0.1
18.4989,0.58,0.34,-0.01,0.55,22.19,33.53,-0.09,-0.1
18.5289,0.58,0.34,-0.01,0.55,22.19,34.53,-0.09,-0.1
18.5563,0.58,0.34,-0.01,0.55,22.19,33.53,-0.09,-0.1
18.584,0.58,0.34,-0.01,0.55,22.19,33.53,-0.09,-0.1
18.6138,0.58,0.34,-0.01,0.55,22.19,34.53,-0.09,-0.1
18.6414,0.58,0.34,-0.01,0.55,22.19,34.53,-0.09,-0.1
18.6689,0.58,0.34,-0.01,0.55,22.19,34.53,-0.09,-0.1
18.6989,0.58,0.34,-0.01,0.55,22.01,34.36,-0.09,-0.1
18.7263,0.58,0.34,-0.01,0.56,22.01,34.36,-0.09,-0.1
18.7538,0.58,0.34,-0.01,0.55,22.01,34.36,-0.09,-0.1
18.7838,0.58,0.33,-0.01,0.55,18.71,34.19,-0.09,-0.1
18.8114,0.58,0.33,-0.01,0.55,18.88,32.19,-0.09,-0.1
18.8414,0.58,0.33,-0.01,0.55,18.71,34.19,-0.08,-0.1
18.8689,0.58,0.33,-0.01,0.55,18.71,34.19,-0.08,-0.1
18.8963,0.58,0.33,-0.01,0.56,18.71,34.19,-0.08,-0.1
18.9263,0.58,0.33,-0.01,0.56,18.71,34.02,-0.08,-0.1
18.9537,0.58,0.33,-0.01,0.55,20.1,34.02,-0.08,-0.1
18.9813,0.58,0.33,-0.01,0.55,18.88,34.02,-0.08,-0.1
19.0113,0.58,0.34,-0.01,0.56,23.4,34.02,-0.08,-0.1
19.0388,0.58,0.34,-0.01,0.56,22.19,34.02,-0.08,-0.1
19.0662,0.58,0.34,-0.01,0.56,22.19,34.02,-0.08,-0.1
19.0964,0.58,0.34,-0.01,0.56,22.01,33.85,-0.09,-0.1
19.1238,0.58,0.34,-0.01,0.56,22.01,33.33,-0.09,-0.1
19.1513,0.58,0.34,-0.01,0.56,22.01,33.33,-0.09,-0.1
19.1813,0.58,0.34,-0.01,0.56,22.01,33.33,-0.09,-0.1
19.2089,0.58,0.34,-0.01,0.56,22.19,33.33,-0.09,-0.1
19.2388,0.58,0.34,-0.01,0.56,22.19,33.33,-0.09,-0.1
19.2664,0.58,0.34,-0.01,0.56,22.01,33.16,-0.09,-0.1
19.2939,0.58,0.34,-0.01,0.56,21.14,32.99,-0.09,-0.1
19.3239,0.58,0.34,-0.01,0.56,22.19,33.16,-0.09,-0.1
19.3513,0.58,0.34,-0.01,0.56,21.14,33.16,-0.09,-0.1
19.3789,0.58,0.34,-0.01,0.56,22.19,33.16,-0.09,-0.1
19.4064,0.58,0.34,-0.01,0.56,23.4,33.16,-0.09,-0.1
19.4364,0.58,0.34,-0.01,0.55,22.01,33.16,-0.09,-0.1
19.4638,0.58,0.34,-0.01,0.56,22.19,33.16,-0.09,-0.1
19.4938,0.58,0.34,-0.01,0.56,23.4,32.99,-0.09,-0.1
19.5212,0.58,0.34,-0.01,0.55,22.01,29.99,-0.09,-0.1
19.549,0.58,0.34,-0.01,0.56,22.19,34.16,-0.09,-0.1
19.5789,0.58,0.34,-0.01,0.56,22.01,33.98,-0.09,-0.1
19.6063,0.58,0.34,-0.01,0.56,22.19,34.98,-0.09,-0.1
19.6364,0.58,0.34,-0.01,0.56,22.19,34.98,-0.09,-0.1
19.6639,0.58,0.34,-0.01,0.56,23.23,34.81,-0.09,-0.1
19.6913,0.58,0.34,-0.01,0.56,23.4,34.81,-0.09,-0.1
19.7213,0.58,0.34,-0.01,0.56,23.4,34.81,-0.09,-0.1
19.7488,0.58,0.34,-0.01,0.56,23.4,34.81,-0.09,-0.1
19.7762,0.58,0.34,-0.01,0.56,23.4,34.81,-0.09,-0.1
19.8038,0.58,0.35,-0.01,0.56,24.44,33.81,-0.09,-0.1
19.8338,0.58,0.34,-0.01,0.56,23.4,34.64,-0.09,-0.1
19.8612,0.58,0.34,-0.01,0.56,23.4,34.81,-0.09,-0.1
19.8912,0.58,0.34,-0.01,0.56,23.4,34.81,-0.09,-0.1
19.9189,0.58,0.34,-0.01,0.56,23.4,34.81,-0.09,-0.1
19.9463,0.58,0.34,-0.01,0.56,23.4,34.81,-0.09,-0.1
19.9762,0.58,0.34,-0.01,0.56,23.4,34.81,-0.09,-0.1
20.0037,0.58,0.34,-0.01,0.56,23.4,34.81,-0.09,-0.1
20.0313,0.58,0.34,-0.01,0.56,23.4,34.81,-0.09,-0.1
20.0613,0.58,0.34,-0.01,0.56,23.23,34.81,-0.09,-0.1
20.0888,0.58,0.34,-0.01,0.56,23.4,34.81,-0.09,-0.1
20.1187,0.58,0.34,-0.01,0.56,23.4,34.81,-0.09,-0.1
20.1463,0.58,0.34,-0.01,0.56,23.23,34.81,-0.09,-0.1
20.1737,0.58,0.34,-0.01,0.56,23.4,34.81,-0.09,-0.1
20.2013,0.58,0.34,-0.01,0.56,23.4,34.81,-0.09,-0.1
20.2313,0.58,0.34,-0.01,0.56,23.4,34.81,-0.09,-0.1
20.2589,0.58,0.34,-0.01,0.56,23.4,34.81,-0.09,-0.1
20.2887,0.58,0.34,-0.01,0.56,23.4,34.81,-0.09,-0.1
20.3163,0.58,0.35,-0.01,0.56,24.44,34.81,-0.09,-0.1
20.3438,0.58,0.35,-0.01,0.56,24.44,34.81,-0.09,-0.1
20.3738,0.58,0.35,-0.01,0.56,24.44,34.81,-0.09,-0.1
20.4012,0.58,0.34,-0.01,0.56,23.4,34.81,-0.09,-0.1
20.4288,0.58,0.35,-0.01,0.56,24.44,34.81,-0.09,-0.1
20.4586,0.58,0.35,-0.01,0.56,24.44,34.81,-0.09,-0.1
20.4862,0.58,0.35,-0.01,0.56,24.44,34.81,-0.09,-0.1
20.5162,0.58,0.35,-0.01,0.56,24.27,34.81,-0.09,-0.1
20.5437,0.58,0.34,-0.01,0.56,23.4,34.81,-0.09,-0.1
20.5713,0.58,0.34,-0.01,0.56,23.4,34.81,-0.09,-0.1
20.5987,0.58,0.35,-0.01,0.56,24.44,34.81,-0.09,-0.1
20.6287,0.58,0.35,-0.01,0.56,24.44,34.81,-0.09,-0.1
20.6561,0.58,0.35,-0.01,0.56,24.44,34.81,-0.09,-0.1
20.6861,0.58,0.34,-0.01,0.56,23.23,34.81,-0.09,-0.1
20.7138,0.58,0.35,-0.01,0.56,24.27,34.81,-0.09,-0.1
20.7412,0.58,0.35,-0.01,0.56,24.27,34.81,-0.09,-0.1
20.7712,0.58,0.35,-0.01,0.56,24.27,34.81,-0.09,-0.1
20.7986,0.58,0.35,-0.01,0.56,24.44,34.81,-0.09,-0.1
20.8262,0.58,0.35,-0.01,0.56,24.44,34.81,-0.09,-0.1
20.8561,0.58,0.35,-0.01,0.56,24.44,34.81,-0.09,-0.1
20.8837,0.58,0.35,-0.01,0.56,24.44,34.81,-0.09,-0.1
20.9137,0.58,0.35,-0.01,0.56,24.44,34.81,-0.09,-0.1
20.9411,0.58,0.35,-0.01,0.56,24.44,34.81,-0.09,-0.1
20.9687,0.58,0.34,-0.01,0.56,23.4,34.81,-0.09,-0.1
20.9961,0.58,0.34,-0.01,0.56,23.4,34.81,-0.09,-0.1
21.0261,0.58,0.34,-0.01,0.56,23.4,34.81,-0.09,-0.1
21.0536,0.58,0.34,-0.01,0.56,23.4,34.81,-0.09,-0.1
21.0812,0.58,0.34,-0.01,0.56,23.4,34.81,-0.09,-0.1
21.1112,0.58,0.34,-0.01,0.56,23.4,34.81,-0.09,-0.1
21.1387,0.58,0.35,-0.01,0.56,24.44,34.81,-0.09,-0.1
21.1687,0.58,0.34,-0.01,0.56,23.4,34.81,-0.09,-0.1
21.1961,0.58,0.34,-0.01,0.56,23.4,34.81,-0.09,-0.1
21.2237,0.58,0.34,-0.01,0.56,23.4,34.81,-0.09,-0.1
21.2536,0.58,0.34,-0.01,0.56,23.4,34.81,-0.09,-0.1
21.2811,0.58,0.34,-0.01,0.56,23.4,34.81,-0.09,-0.1
21.3111,0.58,0.34,-0.01,0.56,23.4,34.64,-0.09,-0.1
21.3387,0.58,0.34,-0.01,0.56,23.4,34.64,-0.09,-0.1
21.3662,0.58,0.34,-0.01,0.56,23.4,34.64,-0.09,-0.1
21.3936,0.58,0.34,-0.01,0.56,23.4,34.64,-0.09,-0.1
21.4236,0.58,0.34,-0.01,0.56,23.4,34.64,-0.09,-0.1
21.451,0.58,0.34,-0.01,0.56,23.4,34.64,-0.09,-0.1
21.4787,0.58,0.34,-0.01,0.56,23.4,34.64,-0.09,-0.1
21.5085,0.58,0.34,-0.01,0.56,23.4,34.64,-0.09,-0.1
21.5362,0.58,0.34,-0.01,0.56,23.4,34.64,-0.09,-0.1
21.5662,0.58,0.34,-0.01,0.56,23.4,34.64,-0.09,-0.1
21.5936,0.58,0.34,-0.01,0.56,23.4,34.64,-0.09,-0.1
21.621,0.58,0.34,-0.01,0.56,23.23,34.64,-0.09,-0.1
21.6512,0.58,0.34,-0.01,0.56,23.4,34.64,-0.09,-0.1
21.6786,0.58,0.34,-0.01,0.57,23.4,35.63,-0.09,-0.1
21.7061,0.58,0.34,-0.01,0.56,23.23,35.63,-0.09,-0.1
21.7361,0.58,0.34,-0.01,0.57,23.4,35.63,-0.09,-0.1
21.7635,0.58,0.34,-0.01,0.56,23.23,34.64,-0.09,-0.1
21.7912,0.58,0.34,-0.01,0.56,23.4,34.64,-0.09,-0.1
21.821,0.58,0.35,-0.01,0.56,23.23,34.64,-0.09,-0.1
21.8486,0.58,0.34,-0.01,0.57,23.4,35.63,-0.09,-0.1
21.876,0.58,0.34,-0.01,0.57,22.01,35.63,-0.09,-0.1
21.9061,0.58,0.34,-0.01,0.57,23.4,35.63,-0.09,-0.1
21.9337,0.58,0.34,-0.01,0.57,22.19,35.63,-0.09,-0.1
21.9637,0.58,0.32,-0.01,0.57,13.3,35.63,-0.09,-0.1
21.9911,0.58,0.32,-0.01,0.57,13.3,35.63,-0.09,-0.1
22.0186,0.58,0.32,-0.01,0.57,13.3,35.63,-0.09,-0.1
22.0486,0.58,0.33,-0.01,0.57,17.84,35.63,-0.08,-0.1
22.0761,0.58,0.33,-0.01,0.57,15.57,35.63,-0.08,-0.1
22.1035,0.58,0.34,-0.01,0.57,21.14,35.63,-0.08,-0.1
22.1335,0.58,0.35,-0.01,0.58,23.4,35.63,-0.09,-0.1
22.1612,0.58,0.35,-0.01,0.58,23.4,36.61,-0.09,-0.1
22.1886,0.58,0.35,-0.01,0.59,23.4,35.63,-0.09,-0.1
22.2186,0.58,0.35,-0.01,0.58,23.4,34.64,-0.09,-0.11
22.2461,0.58,0.35,-0.01,0.58,23.4,34.64,-0.09,-0.11
22.2735,0.58,0.35,-0.01,0.58,24.44,34.64,-0.09,-0.11
22.3036,0.58,0.35,-0.01,0.58,23.4,34.64,-0.09,-0.11
22.331,0.58,0.35,-0.01,0.58,23.4,34.64,-0.09,-0.11
22.3613,0.58,0.35,-0.01,0.58,23.4,34.64,-0.09,-0.11
22.3887,0.58,0.35,-0.01,0.58,25.48,34.64,-0.09,-0.11
22.4161,0.58,0.35,-0.01,0.58,26.69,34.64,-0.09,-0.11
22.4462,0.58,0.35,-0.01,0.58,25.65,34.64,-0.1,-0.11
22.4736,0.58,0.35,-0.01,0.59,25.48,35.63,-0.1,-0.11
22.5011,0.58,0.35,-0.01,0.59,25.65,37.6,-0.1,-0.11
22.5311,0.58,0.35,-0.01,0.59,25.48,35.63,-0.09,-0.11
22.5585,0.58,0.35,-0.01,0.58,25.48,34.64,-0.09,-0.11
22.5862,0.58,0.35,-0.01,0.59,25.48,36.61,-0.09,-0.11
22.616,0.58,0.35,-0.01,0.59,24.44,35.63,-0.09,-0.11
22.6436,0.58,0.35,-0.01,0.59,24.44,35.63,-0.09,-0.11
22.6711,0.58,0.35,-0.01,0.59,24.44,38.75,-0.09,-0.11
22.7011,0.58,0.35,-0.01,0.59,24.27,38.75,-0.09,-0.12
22.7285,0.58,0.35,-0.01,0.6,24.44,39.73,-0.09,-0.12
22.7562,0.58,0.35,-0.01,0.6,24.44,39.73,-0.09,-0.12
22.786,0.58,0.35,-0.01,0.6,24.44,39.73,-0.09,-0.12
22.8137,0.58,0.34,-0.01,0.6,20.97,38.75,-0.09,-0.12
22.8436,0.58,0.35,-0.01,0.6,24.27,38.75,-0.09,-0.12
22.8711,0.58,0.35,-0.01,0.6,24.44,38.75,-0.09,-0.12
22.8985,0.58,0.35,-0.01,0.6,26.69,37.6,-0.09,-0.12
22.9285,0.58,0.34,-0.01,0.6,22.19,37.6,-0.1,-0.12
22.956,0.58,0.35,-0.01,0.6,26.69,38.75,-0.1,-0.12
22.9837,0.58,0.35,-0.01,0.6,26.69,38.75,-0.1,-0.12
23.0137,0.58,0.35,-0.01,0.6,26.52,39.73,-0.1,-0.12
23.0411,0.58,0.35,-0.01,0.61,26.52,40.71,-0.1,-0.12
23.0687,0.58,0.35,-0.01,0.61,25.65,40.71,-0.1,-0.12
23.0987,0.58,0.35,-0.01,0.61,25.48,40.71,-0.09,-0.12
23.1262,0.58,0.36,-0.01,0.61,27.9,39.73,-0.09,-0.12
23.1537,0.58,0.36,-0.01,0.62,27.9,42.65,-0.09,-0.12
23.1837,0.58,0.36,-0.01,0.62,27.73,43.62,-0.1,-0.13
23.2111,0.58,0.36,-0.01,0.62,27.9,43.62,-0.1,-0.13
23.2411,0.58,0.36,-0.01,0.63,27.9,44.59,-0.1,-0.13
23.2686,0.58,0.36,-0.01,0.63,27.73,47.64,-0.1,-0.13
23.296,0.58,0.36,-0.01,0.63,27.9,47.64,-0.1,-0.13
23.326,0.58,0.36,-0.01,0.63,28.94,46.51,-0.1,-0.13
23.3537,0.58,0.36,-0.01,0.63,28.94,47.64,-0.1,-0.13
23.3811,0.58,0.36,-0.01,0.63,28.76,46.51,-0.1,-0.13
23.4111,0.58,0.4,-0.01,0.63,43.1,46.51,-0.1,-0.13
23.4388,0.58,0.38,-0.01,0.63,37.68,46.51,-0.1,-0.13
23.4662,0.58,0.38,-0.01,0.64,37.68,48.59,-0.1,-0.13
23.496,0.58,0.37,-0.01,0.64,34.43,48.59,-0.11,-0.14
23.5237,0.58,0.36,-0.01,0.65,30.14,55.18,-0.11,-0.14
23.5512,0.58,0.37,-0.01,0.65,31.17,55.18,-0.11,-0.14
23.5812,0.58,0.37,-0.01,0.65,32.2,54.25,-0.1,-0.14
23.6088,0.58,0.36,-0.01,0.65,28.76,54.25,-0.1,-0.14
23.6388,0.58,0.37,-0.01,0.64,33.41,53.32,-0.1,-0.14
23.6662,0.58,0.37,-0.01,0.64,32.2,53.32,-0.1,-0.14
23.6937,0.58,0.37,-0.01,0.64,33.41,53.32,-0.1,-0.14
23.7237,0.58,0.37,-0.01,0.65,33.23,53.32,-0.11,-0.14
23.7511,0.58,0.36,-0.01,0.65,28.76,53.32,-0.11,-0.14
23.7786,0.58,0.36,-0.01,0.65,30.14,54.25,-0.11,-0.14
23.806,0.58,0.36,-0.01,0.65,27.73,53.32,-0.11,-0.14
23.836,0.58,0.36,-0.01,0.65,28.76,54.25,-0.1,-0.14
23.8635,0.58,0.37,-0.01,0.65,32.2,54.25,-0.1,-0.14
23.8935,0.58,0.36,-0.01,0.65,28.94,54.25,-0.1,-0.15
23.9211,0.58,0.36,-0.01,0.65,25.65,54.25,-0.1,-0.15
23.9486,0.58,0.36,-0.01,0.65,25.65,54.25,-0.1,-0.15
23.9786,0.58,0.36,-0.01,0.65,25.48,54.25,-0.1,-0.15
24.006,0.58,0.36,-0.01,0.65,26.69,54.25,-0.1,-0.15
24.036,0.58,0.36,-0.01,0.65,25.65,54.25,-0.1,-0.15
24.0635,0.58,0.36,-0.01,0.65,25.65,54.25,-0.1,-0.15
24.0911,0.58,0.35,-0.01,0.65,24.44,54.25,-0.1,-0.15
24.1211,0.58,0.35,-0.01,0.65,24.44,54.25,-0.1,-0.15
24.1486,0.58,0.35,-0.01,0.65,24.44,54.25,-0.1,-0.15
24.176,0.58,0.35,-0.01,0.65,24.27,54.25,-0.1,-0.15
24.2037,0.58,0.35,-0.01,0.65,24.44,54.25,-0.1,-0.15
24.2335,0.58,0.35,-0.01,0.65,24.44,54.25,-0.1,-0.15
24.2611,0.58,0.36,-0.01,0.65,27.9,54.25,-0.1,-0.15
24.2911,0.58,0.37,-0.01,0.66,31.17,55.18,-0.1,-0.15
24.3185,0.58,0.37,-0.01,0.65,31,54.25,-0.1,-0.15
24.3461,0.58,0.37,-0.01,0.66,33.41,55.18,-0.1,-0.15
24.3761,0.58,0.39,-0.01,0.66,37.68,55.18,-0.11,-0.15
24.4037,0.58,0.39,-0.01,0.66,40.9,55.18,-0.11,-0.15
24.431,0.58,0.42,-0.01,0.66,49.47,55.18,-0.11,-0.15
24.461,0.58,0.39,-0.01,0.65,40.73,54.25,-0.13,-0.15
24.4887,0.58,0.39,-0.01,0.65,40.9,54.25,-0.13,-0.15
24.5187,0.58,0.39,-0.01,0.66,40.9,55.18,-0.12,-0.15
24.5461,0.58,0.42,-0.01,0.66,50.29,55.18,-0.12,-0.15
24.5738,0.58,0.4,-0.01,0.66,44.11,55.18,-0.12,-0.15
24.6012,0.58,0.4,-0.01,0.66,43.1,55.18,-0.12,-0.15
24.6312,0.58,0.4,-0.01,0.66,43.1,55.18,-0.12,-0.15
24.6588,0.58,0.42,-0.01,0.66,51.46,55.18,-0.12,-0.15
24.6889,0.58,0.39,-0.01,0.66,37.68,55.18,-0.13,-0.15
24.7165,0.58,0.38,-0.01,0.66,34.26,55.18,-0.13,-0.15
24.744,0.58,0.38,-0.01,0.66,36.65,55.18,-0.13,-0.15
24.774,0.58,0.38,-0.01,0.66,35.63,55.18,-0.11,-0.15
24.8016,0.58,0.38,-0.01,0.66,35.46,55.18,-0.11,-0.15
24.8291,0.58,0.38,-0.01,0.66,34.43,55.18,-0.11,-0.15
24.8591,0.58,0.38,-0.01,0.66,35.63,55.18,-0.11,-0.15
24.8867,0.58,0.38,-0.01,0.66,35.63,55.18,-0.11,-0.15
24.9165,0.58,0.37,-0.01,0.66,33.23,55.18,-0.11,-0.15
24.9441,0.58,0.39,-0.01,0.66,37.5,55.18,-0.11,-0.15
24.9717,0.58,0.38,-0.01,0.66,35.63,55.18,-0.11,-0.15
24.9992,0.58,0.38,-0.01,0.66,35.63,55.18,-0.11,-0.15
25.0293,0.58,0.38,-0.01,0.66,34.26,55.18,-0.11,-0.15
25.0569,0.58,0.38,-0.01,0.66,34.26,55.18,-0.11,-0.15
25.0869,0.58,0.38,-0.01,0.66,34.43,55.18,-0.11,-0.15
25.1145,0.58,0.38,-0.01,0.66,36.65,55.18,-0.11,-0.15
25.1422,0.58,0.39,-0.01,0.66,37.68,55.18,-0.11,-0.15
25.1722,0.58,0.39,-0.01,0.66,37.68,55.18,-0.11,-0.15
25.1996,0.58,0.39,-0.01,0.66,37.5,55.18,-0.11,-0.15
25.2271,0.58,0.38,-0.01,0.66,36.65,55.18,-0.11,-0.15
25.2571,0.58,0.38,-0.01,0.66,36.48,55.18,-0.11,-0.15
25.2847,0.58,0.38,-0.01,0.66,36.65,55.18,-0.11,-0.15
25.3147,0.58,0.38,-0.01,0.66,35.63,55.18,-0.11,-0.15
25.3421,0.58,0.38,-0.01,0.66,34.43,55.18,-0.11,-0.15
25.3698,0.58,0.38,-0.01,0.66,35.63,55.18,-0.11,-0.15
25.3972,0.58,0.38,-0.01,0.66,36.65,55.18,-0.11,-0.15
25.4272,0.58,0.38,-0.01,0.65,34.26,54.25,-0.11,-0.15
25.4547,0.58,0.38,-0.01,0.66,34.43,55.18,-0.11,-0.15
25.4823,0.58,0.38,-0.01,0.66,34.43,55.18,-0.11,-0.15
25.5123,0.58,0.38,-0.01,0.65,34.43,54.25,-0.11,-0.15
25.5399,0.58,0.38,-0.01,0.65,36.65,54.25,-0.11,-0.15
25.5699,0.58,0.38,-0.01,0.66,35.63,55.18,-0.11,-0.15
25.5976,0.58,0.38,-0.01,0.65,36.65,54.25,-0.11,-0.15
25.6252,0.58,0.38,-0.01,0.66,36.48,55.18,-0.11,-0.15
25.6552,0.58,0.38,-0.01,0.65,36.48,54.25,-0.11,-0.15
25.6828,0.58,0.38,-0.01,0.66,35.46,55.18,-0.11,-0.15
25.7127,0.58,0.38,-0.01,0.66,36.48,55.18,-0.11,-0.15
25.7403,0.58,0.39,-0.01,0.66,37.5,55.18,-0.11,-0.15
25.7678,0.58,0.38,-0.01,0.66,35.63,55.18,-0.11,-0.15
25.7954,0.58,0.38,-0.01,0.66,35.63,55.18,-0.11,-0.15
25.8252,0.58,0.38,-0.01,0.66,34.43,55.18,-0.11,-0.15
25.8528,0.58,0.38,-0.01,0.66,35.63,55.18,-0.11,-0.15
25.8803,0.58,0.38,-0.01,0.66,36.65,55.18,-0.11,-0.15
25.9103,0.58,0.38,-0.01,0.66,35.63,54.25,-0.11,-0.15
25.9379,0.58,0.38,-0.01,0.66,35.63,55.18,-0.11,-0.15
25.9679,0.58,0.38,-0.01,0.66,35.63,55.18,-0.11,-0.15
25.9954,0.58,0.38,-0.01,0.66,35.46,55.18,-0.11,-0.15
26.023,0.58,0.38,-0.01,0.66,35.63,55.18,-0.11,-0.15
26.053,0.58,0.38,-0.01,0.66,36.48,55.18,-0.11,-0.15
26.0805,0.58,0.38,-0.01,0.66,35.46,55.18,-0.11,-0.15
26.111,0.58,0.38,-0.01,0.66,35.63,55.18,-0.11,-0.15
26.1386,0.58,0.38,-0.01,0.66,36.65,55.18,-0.11,-0.15
26.1663,0.58,0.38,-0.01,0.66,35.63,55.18,-0.11,-0.15
26.1937,0.58,0.38,-0.01,0.66,35.46,55.18,-0.11,-0.15
26.2238,0.58,0.39,-0.01,0.66,37.68,55.18,-0.11,-0.15
26.2513,0.58,0.39,-0.01,0.66,37.68,55.18,-0.11,-0.15
26.2787,0.58,0.38,-0.01,0.66,36.65,55.18,-0.11,-0.15
26.3087,0.58,0.38,-0.01,0.66,35.63,55.18,-0.11,-0.15
26.3363,0.58,0.38,-0.01,0.66,36.65,55.18,-0.11,-0.15
26.3664,0.58,0.38,-0.01,0.66,35.63,55.18,-0.11,-0.15
26.3939,0.58,0.38,-0.01,0.66,35.46,55.18,-0.11,-0.15
26.4215,0.58,0.38,-0.01,0.66,35.63,55.18,-0.11,-0.15
26.4515,0.58,0.38,-0.01,0.66,35.46,55.18,-0.11,-0.15
26.4789,0.58,0.38,-0.01,0.66,35.63,55.18,-0.11,-0.15
26.5063,0.58,0.38,-0.01,0.66,35.63,55.18,-0.11,-0.15
26.5363,0.58,0.38,-0.01,0.66,35.46,55.18,-0.11,-0.15
26.5639,0.58,0.38,-0.01,0.66,35.63,55.18,-0.11,-0.15
26.5914,0.58,0.38,-0.01,0.66,36.48,55.18,-0.11,-0.15
26.6214,0.58,0.38,-0.01,0.66,34.43,55.18,-0.11,-0.15
26.6488,0.58,0.38,-0.01,0.66,34.43,55.18,-0.11,-0.15
26.6764,0.58,0.38,-0.01,0.66,34.43,55.18,-0.11,-0.15
26.7062,0.58,0.38,-0.01,0.66,34.26,55.18,-0.11,-0.15
26.7339,0.58,0.38,-0.01,0.66,35.46,55.18,-0.11,-0.15
26.7639,0.58,0.38,-0.01,0.66,34.43,55.18,-0.11,-0.15
26.7913,0.58,0.38,-0.01,0.66,35.63,55.18,-0.11,-0.15
26.8189,0.58,0.38,-0.01,0.66,35.46,55.18,-0.11,-0.15
26.8488,0.58,0.38,-0.01,0.66,35.46,55.18,-0.11,-0.15
26.8765,0.58,0.38,-0.01,0.66,35.63,55.18,-0.11,-0.15
26.9039,0.58,0.38,-0.01,0.66,35.63,55.18,-0.11,-0.15
26.9339,0.58,0.38,-0.01,0.66,35.46,55.18,-0.11,-0.15
26.9613,0.58,0.38,-0.01,0.66,35.63,55.18,-0.11,-0.15
26.9889,0.58,0.38,-0.01,0.66,35.63,55.18,-0.11,-0.15
27.0189,0.58,0.38,-0.01,0.66,35.63,55.18,-0.11,-0.15
27.0464,0.58,0.38,-0.01,0.66,35.63,55.18,-0.11,-0.15
27.074,0.58,0.38,-0.01,0.66,35.63,55.18,-0.11,-0.15
27.104,0.58,0.38,-0.01,0.66,35.63,55.18,-0.11,-0.15
27.1316,0.58,0.38,-0.01,0.66,35.63,55.18,-0.11,-0.15
27.1616,0.58,0.38,-0.01,0.66,35.63,55.18,-0.11,-0.15
27.1891,0.58,0.38,-0.01,0.66,35.63,55.18,-0.11,-0.15
27.2167,0.58,0.38,-0.01,0.66,35.63,55.18,-0.11,-0.15
27.2467,0.58,0.38,-0.01,0.66,35.63,55.18,-0.11,-0.15
27.2743,0.58,0.38,-0.01,0.66,35.63,55.18,-0.11,-0.15
27.3018,0.58,0.38,-0.01,0.66,35.46,56.11,-0.11,-0.15
27.3318,0.58,0.38,-0.01,0.66,35.63,56.11,-0.11,-0.15
27.3594,0.58,0.38,-0.01,0.66,34.26,56.11,-0.11,-0.15
27.3869,0.58,0.38,-0.01,0.66,35.46,56.11,-0.11,-0.15
27.4169,0.58,0.38,-0.01,0.66,35.46,55.18,-0.11,-0.15
27.4445,0.58,0.38,-0.01,0.66,35.63,55.18,-0.11,-0.15
27.472,0.58,0.38,-0.01,0.66,35.46,55.18,-0.11,-0.15
27.502,0.58,0.38,-0.01,0.66,35.63,55.18,-0.11,-0.15
27.5296,0.58,0.38,-0.01,0.66,35.63,55.18,-0.11,-0.15
27.5573,0.58,0.38,-0.01,0.66,35.63,55.18,-0.11,-0.15
27.5873,0.58,0.38,-0.01,0.66,35.63,55.18,-0.11,-0.15
27.6147,0.58,0.38,-0.01,0.66,35.63,55.18,-0.11,-0.15
27.6447,0.58,0.38,-0.01,0.66,35.63,55.18,-0.11,-0.15
27.6721,0.58,0.38,-0.01,0.66,35.63,55.18,-0.11,-0.15
27.6998,0.58,0.38,-0.01,0.66,34.26,55.18,-0.11,-0.15
27.7298,0.58,0.38,-0.01,0.66,34.43,55.18,-0.11,-0.15
27.7573,0.58,0.38,-0.01,0.66,35.63,55.18,-0.11,-0.15
27.7848,0.58,0.38,-0.01,0.66,35.63,55.18,-0.11,-0.15
27.8149,0.58,0.38,-0.01,0.66,35.46,55.18,-0.11,-0.15
27.8425,0.58,0.38,-0.01,0.66,36.48,55.18,-0.11,-0.15
27.8699,0.58,0.38,-0.01,0.66,36.65,55.18,-0.11,-0.15
27.9,0.58,0.38,-0.01,0.66,36.65,55.18,-0.11,-0.15
27.9274,0.58,0.38,-0.01,0.66,35.63,56.11,-0.11,-0.15
27.955,0.58,0.38,-0.01,0.66,34.43,55.18,-0.11,-0.15
27.985,0.58,0.38,-0.01,0.66,34.43,55.18,-0.11,-0.15
28.0124,0.58,0.37,-0.01,0.66,33.23,55.18,-0.11,-0.15
28.0425,0.58,0.37,-0.01,0.66,33.41,55.18,-0.11,-0.15
28.07,0.58,0.37,-0.01,0.66,33.41,55.18,-0.11,-0.15
28.0976,0.58,0.37,-0.01,0.66,32.2,56.11,-0.11,-0.15
28.1275,0.58,0.37,-0.01,0.66,32.2,55.18,-0.1,-0.15
28.1551,0.58,0.37,-0.01,0.66,33.41,55.18,-0.1,-0.15
28.1827,0.58,0.37,-0.01,0.66,33.41,55.18,-0.1,-0.15
28.2127,0.58,0.37,-0.01,0.66,33.23,55.18,-0.11,-0.15
28.2401,0.58,0.39,-0.01,0.66,38.87,55.18,-0.11,-0.15
28.2677,0.58,0.37,-0.01,0.66,31.17,55.18,-0.11,-0.15
28.2978,0.58,0.37,-0.01,0.66,32.2,55.18,-0.1,-0.15
28.3254,0.58,0.37,-0.01,0.66,32.2,55.18,-0.1,-0.15
28.3529,0.58,0.37,-0.01,0.66,31.17,55.18,-0.1,-0.15
28.3827,0.58,0.37,-0.01,0.66,31.17,55.18,-0.1,-0.15
28.4103,0.58,0.39,-0.01,0.66,38.87,55.18,-0.1,-0.15
28.4404,0.58,0.39,-0.01,0.66,40.9,55.18,-0.11,-0.15
28.468,0.58,0.39,-0.01,0.66,40.73,55.18,-0.11,-0.15
28.4954,0.58,0.39,-0.01,0.66,40.9,55.18,-0.11,-0.15
28.5254,0.58,0.4,-0.01,0.66,41.91,55.18,-0.12,-0.15
28.5531,0.58,0.4,-0.01,0.66,41.91,55.18,-0.12,-0.15
28.5805,0.58,0.39,-0.01,0.66,38.69,55.18,-0.12,-0.15
28.6111,0.58,0.39,-0.01,0.66,40.9,55.18,-0.11,-0.15
28.6385,0.58,0.39,-0.01,0.66,37.5,55.18,-0.11,-0.15
28.666,0.58,0.39,-0.01,0.66,37.68,55.18,-0.11,-0.15
28.696,0.58,0.4,-0.01,0.66,40.73,55.18,-0.11,-0.15
28.7237,0.58,0.4,-0.01,0.66,40.9,55.18,-0.11,-0.15
28.7513,0.58,0.4,-0.01,0.66,40.9,55.18,-0.11,-0.15
28.7811,0.58,0.4,-0.01,0.66,40.9,55.18,-0.12,-0.15
28.8087,0.58,0.4,-0.01,0.66,42.09,55.18,-0.12,-0.15
28.8387,0.58,0.4,-0.01,0.66,43.1,55.18,-0.12,-0.15
28.8664,0.58,0.4,-0.01,0.66,43.1,55.18,-0.12,-0.15
28.8939,0.58,0.4,-0.01,0.66,44.11,55.18,-0.12,-0.15
28.9239,0.58,0.4,-0.01,0.66,44.11,55.18,-0.12,-0.15
28.9513,0.58,0.4,-0.01,0.66,43.94,54.25,-0.12,-0.15
28.9788,0.58,0.4,-0.01,0.66,41.91,54.25,-0.12,-0.15
29.0064,0.58,0.41,-0.01,0.66,46.29,54.25,-0.12,-0.15
29.0364,0.58,0.39,-0.01,0.66,39.89,54.25,-0.12,-0.15
29.0639,0.58,0.39,-0.01,0.66,40.9,54.25,-0.12,-0.15
29.0939,0.58,0.4,-0.01,0.66,40.9,54.25,-0.12,-0.15
29.1213,0.58,0.4,-0.01,0.66,43.1,54.25,-0.12,-0.15
29.1487,0.58,0.39,-0.01,0.66,37.68,54.25,-0.12,-0.15
29.1788,0.58,0.4,-0.01,0.66,43.1,54.25,-0.11,-0.15
29.2062,0.58,0.41,-0.01,0.66,45.29,55.18,-0.11,-0.15
29.2364,0.58,0.4,-0.01,0.66,43.1,54.25,-0.12,-0.15
29.2639,0.58,0.4,-0.01,0.66,42.09,54.25,-0.12,-0.15
29.2914,0.58,0.39,-0.01,0.66,40.9,54.25,-0.12,-0.15
29.3213,0.58,0.39,-0.01,0.66,40.9,54.25,-0.12,-0.15
29.3489,0.58,0.4,-0.01,0.66,41.91,54.25,-0.12,-0.15
29.3763,0.58,0.4,-0.01,0.66,43.1,55.18,-0.12,-0.15
29.4039,0.58,0.4,-0.01,0.66,41.91,55.18,-0.12,-0.15
29.4338,0.58,0.4,-0.01,0.66,43.94,55.18,-0.12,-0.15
29.4614,0.58,0.4,-0.01,0.66,43.1,55.18,-0.12,-0.15
29.4914,0.58,0.4,-0.01,0.66,42.93,55.18,-0.12,-0.15
29.5189,0.58,0.4,-0.01,0.66,43.1,55.18,-0.12,-0.15
29.5464,0.58,0.4,-0.01,0.66,43.1,54.25,-0.12,-0.15
29.5764,0.58,0.4,-0.01,0.66,43.94,54.25,-0.12,-0.15
29.6039,0.58,0.4,-0.01,0.66,44.11,54.25,-0.12,-0.15
29.6315,0.58,0.4,-0.01,0.66,44.11,54.25,-0.12,-0.15
29.6615,0.58,0.4,-0.01,0.66,43.94,54.25,-0.12,-0.15
29.689,0.58,0.4,-0.01,0.66,44.11,55.18,-0.12,-0.15
29.719,0.58,0.4,-0.01,0.66,42.93,54.25,-0.12,-0.15
29.7464,0.58,0.4,-0.01,0.66,44.11,55.18,-0.12,-0.15
29.774,0.58,0.4,-0.01,0.66,44.11,54.25,-0.12,-0.15
29.8017,0.58,0.4,-0.01,0.66,43.1,54.25,-0.12,-0.15
29.8317,0.58,0.4,-0.01,0.66,43.1,54.25,-0.12,-0.15
29.8593,0.58,0.4,-0.01,0.66,43.1,54.25,-0.12,-0.15
29.8893,0.58,0.4,-0.01,0.66,42.93,55.18,-0.12,-0.15
29.917,0.58,0.4,-0.01,0.66,43.1,55.18,-0.12,-0.15
29.9443,0.58,0.4,-0.01,0.66,43.1,55.18,-0.12,-0.15
29.9744,0.58,0.4,-0.01,0.66,44.11,55.18,-0.12,-0.15
30.0019,0.58,0.4,-0.01,0.66,42.93,55.18,-0.12,-0.15
30.0294,0.58,0.4,-0.01,0.66,43.1,55.18,-0.12,-0.15
30.0594,0.58,0.4,-0.01,0.66,43.94,55.18,-0.12,-0.15
30.0869,0.58,0.4,-0.01,0.66,44.11,55.18,-0.12,-0.15
30.1169,0.58,0.4,-0.01,0.66,42.93,54.25,-0.12,-0.15
30.1444,0.58,0.39,-0.01,0.66,38.87,55.18,-0.12,-0.15
30.172,0.58,0.39,-0.01,0.66,37.68,54.25,-0.12,-0.15
30.1995,0.58,0.39,-0.01,0.66,38.87,55.18,-0.12,-0.15
30.2295,0.58,0.39,-0.01,0.66,38.87,55.18,-0.11,-0.15
30.2571,0.58,0.39,-0.01,0.66,38.87,54.25,-0.11,-0.15
30.2871,0.58,0.39,-0.01,0.66,38.87,55.18,-0.11,-0.15
30.3148,0.58,0.39,-0.01,0.66,38.87,54.25,-0.11,-0.15
30.3424,0.58,0.39,-0.01,0.66,38.69,54.25,-0.11,-0.15
30.3722,0.58,0.41,-0.01,0.66,45.12,54.25,-0.11,-0.15
30.3999,0.58,0.4,-0.01,0.66,44.11,54.25,-0.11,-0.15
30.4273,0.58,0.41,-0.01,0.66,45.29,54.25,-0.11,-0.15
30.4573,0.58,0.41,-0.01,0.66,45.29,54.25,-0.12,-0.15
30.4849,0.58,0.4,-0.01,0.66,43.94,54.25,-0.12,-0.15
30.5149,0.58,0.4,-0.01,0.66,43.1,54.25,-0.12,-0.15
30.5424,0.58,0.4,-0.01,0.66,43.1,55.18,-0.12,-0.15
30.5701,0.58,0.4,-0.01,0.66,43.1,55.18,-0.12,-0.15
30.5975,0.58,0.4,-0.01,0.66,43.1,56.11,-0.12,-0.15
30.6275,0.58,0.4,-0.01,0.67,42.93,57.04,-0.12,-0.15
30.6549,0.58,0.4,-0.01,0.66,42.93,57.04,-0.12,-0.15
30.6825,0.58,0.4,-0.01,0.66,43.1,57.04,-0.12,-0.15
30.7124,0.58,0.4,-0.01,0.66,43.1,57.04,-0.12,-0.15
30.7399,0.58,0.4,-0.01,0.66,42.09,56.11,-0.12,-0.15
30.7699,0.58,0.4,-0.01,0.66,43.1,56.11,-0.12,-0.15
30.7975,0.58,0.4,-0.01,0.67,42.93,57.04,-0.12,-0.15
30.8252,0.58,0.4,-0.01,0.67,42.93,56.11,-0.12,-0.15
30.8552,0.58,0.4,-0.01,0.67,42.09,57.04,-0.12,-0.15
30.8828,0.58,0.4,-0.01,0.67,42.09,57.04,-0.12,-0.15
30.9126,0.58,0.4,-0.01,0.67,43.1,57.04,-0.12,-0.15
30.9402,0.58,0.4,-0.01,0.67,42.09,56.11,-0.12,-0.15
30.968,0.58,0.4,-0.01,0.67,43.1,57.04,-0.12,-0.15
30.9954,0.58,0.4,-0.01,0.67,41.91,57.04,-0.12,-0.15
31.0254,0.58,0.4,-0.01,0.67,40.9,57.04,-0.12,-0.15
31.0529,0.58,0.4,-0.01,0.67,40.73,57.04,-0.12,-0.15
31.0805,0.58,0.4,-0.01,0.67,41.91,57.04,-0.12,-0.15
31.1103,0.58,0.4,-0.01,0.67,42.09,57.04,-0.12,-0.15
31.138,0.58,0.4,-0.01,0.67,42.09,57.04,-0.12,-0.15
31.1679,0.58,0.4,-0.01,0.67,41.91,57.04,-0.12,-0.15
31.1957,0.58,0.4,-0.01,0.67,42.09,57.04,-0.12,-0.15
31.223,0.58,0.4,-0.01,0.67,40.9,57.04,-0.12,-0.15
31.253,0.58,0.4,-0.01,0.67,40.73,57.04,-0.12,-0.15
31.2806,0.58,0.4,-0.01,0.67,40.9,57.04,-0.12,-0.15
31.311,0.58,0.4,-0.01,0.67,42.09,57.04,-0.12,-0.15
31.3386,0.58,0.4,-0.01,0.67,40.9,57.04,-0.12,-0.15
31.366,0.58,0.39,-0.01,0.67,39.89,57.04,-0.12,-0.15
31.3936,0.58,0.4,-0.01,0.67,40.9,57.04,-0.12,-0.15
31.4237,0.58,0.4,-0.01,0.67,40.73,57.04,-0.12,-0.15
31.4511,0.58,0.4,-0.01,0.67,40.9,57.04,-0.12,-0.15
31.4787,0.58,0.4,-0.01,0.67,40.73,57.04,-0.12,-0.15
31.5087,0.58,0.4,-0.01,0.67,42.93,57.04,-0.12,-0.15
31.5364,0.58,0.4,-0.01,0.67,42.93,57.04,-0.12,-0.15
31.5664,0.58,0.4,-0.01,0.67,43.1,57.04,-0.12,-0.15
31.5938,0.58,0.4,-0.01,0.67,41.91,57.04,-0.12,-0.15
31.6213,0.58,0.4,-0.01,0.67,41.91,57.04,-0.12,-0.15
31.6513,0.58,0.4,-0.01,0.67,43.1,57.04,-0.12,-0.15
31.6789,0.58,0.4,-0.01,0.67,41.91,57.04,-0.12,-0.15
31.7064,0.58,0.4,-0.01,0.67,42.93,57.04,-0.12,-0.15
31.7364,0.58,0.4,-0.01,0.67,42.09,57.04,-0.12,-0.15
31.7638,0.58,0.4,-0.01,0.67,43.1,57.04,-0.12,-0.15
31.7914,0.58,0.4,-0.01,0.67,44.11,57.04,-0.12,-0.15
31.8214,0.58,0.4,-0.01,0.67,44.11,57.96,-0.12,-0.15
31.8488,0.58,0.4,-0.01,0.67,44.11,57.96,-0.12,-0.15
31.8764,0.58,0.4,-0.01,0.67,44.11,57.96,-0.12,-0.15
31.9064,0.58,0.4,-0.01,0.67,42.09,57.96,-0.12,-0.15
31.934,0.58,0.4,-0.01,0.67,43.1,57.96,-0.12,-0.15
31.964,0.58,0.4,-0.01,0.67,40.9,57.96,-0.12,-0.15
31.9916,0.58,0.4,-0.01,0.67,40.9,57.96,-0.12,-0.15
32.0191,0.58,0.4,-0.01,0.67,42.09,57.96,-0.12,-0.15
32.0491,0.58,0.4,-0.01,0.67,41.91,57.96,-0.12,-0.15
32.0767,0.58,0.4,-0.01,0.67,42.09,57.96,-0.12,-0.15
32.1041,0.58,0.4,-0.01,0.67,42.09,57.96,-0.12,-0.15
32.1342,0.58,0.4,-0.01,0.67,42.09,57.96,-0.12,-0.15
32.1616,0.58,0.4,-0.01,0.67,43.1,57.96,-0.12,-0.15
32.1892,0.58,0.4,-0.01,0.67,40.9,57.96,-0.12,-0.15
32.2193,0.58,0.4,-0.01,0.67,40.9,57.96,-0.12,-0.15
32.2467,0.58,0.41,-0.01,0.67,44.11,57.96,-0.12,-0.15
32.2743,0.58,0.39,-0.01,0.67,39.89,57.96,-0.12,-0.15
32.3043,0.58,0.4,-0.01,0.67,40.9,57.96,-0.12,-0.15
32.332,0.58,0.4,-0.01,0.67,40.9,57.96,-0.12,-0.15
32.362,0.58,0.4,-0.01,0.67,42.93,57.96,-0.12,-0.16
32.3894,0.58,0.4,-0.01,0.67,40.9,57.96,-0.12,-0.16
32.417,0.58,0.4,-0.01,0.67,42.09,57.96,-0.12,-0.16
32.4471,0.58,0.4,-0.01,0.67,42.09,57.96,-0.12,-0.16
32.4745,0.58,0.4,-0.01,0.67,42.93,57.96,-0.12,-0.16
32.5021,0.58,0.4,-0.01,0.67,43.1,57.96,-0.12,-0.16
32.532,0.58,0.4,-0.01,0.67,43.1,58.88,-0.12,-0.16
32.5596,0.58,0.4,-0.01,0.67,42.93,57.96,-0.12,-0.16
32.587,0.58,0.4,-0.01,0.67,42.93,58.88,-0.12,-0.16
32.617,0.58,0.4,-0.01,0.67,42.93,58.88,-0.12,-0.16
32.6446,0.58,0.4,-0.01,0.67,42.93,58.88,-0.12,-0.16
32.672,0.58,0.4,-0.01,0.67,42.93,57.96,-0.12,-0.16
32.7021,0.58,0.4,-0.01,0.67,42.93,57.96,-0.12,-0.16
32.7296,0.58,0.4,-0.01,0.68,43.1,57.96,-0.12,-0.16
32.7572,0.58,0.41,-0.01,0.68,43.94,57.96,-0.12,-0.16
32.7872,0.58,0.41,-0.01,0.68,43.94,57.96,-0.12,-0.16
32.8148,0.58,0.41,-0.01,0.68,44.11,57.96,-0.12,-0.16
32.8448,0.58,0.4,-0.01,0.68,43.1,57.96,-0.12,-0.16
32.8722,0.58,0.4,-0.01,0.68,43.1,57.96,-0.12,-0.16
32.9001,0.58,0.4,-0.01,0.68,43.1,57.96,-0.12,-0.16
32.9301,0.58,0.4,-0.01,0.69,42.09,58.88,-0.12,-0.16
32.9575,0.58,0.4,-0.01,0.69,42.09,58.88,-0.12,-0.16
32.9851,0.58,0.41,-0.01,0.69,43.94,58.88,-0.12,-0.16
33.0154,0.58,0.41,-0.01,0.69,45.29,58.88,-0.12,-0.16
33.0428,0.58,0.41,-0.01,0.69,45.29,58.88,-0.12,-0.16
33.0703,0.58,0.41,-0.01,0.69,45.12,58.88,-0.12,-0.16
33.1002,0.58,0.41,-0.01,0.69,45.29,58.88,-0.12,-0.16
33.1279,0.58,0.41,-0.01,0.69,45.29,58.88,-0.12,-0.16
33.1553,0.58,0.41,-0.01,0.69,45.29,58.88,-0.12,-0.16
33.1853,0.58,0.41,-0.01,0.69,45.12,58.88,-0.12,-0.16
33.2128,0.58,0.41,-0.01,0.69,45.12,58.88,-0.12,-0.16
33.2429,0.58,0.41,-0.01,0.69,45.29,58.88,-0.12,-0.16
33.2703,0.58,0.41,-0.01,0.69,45.29,58.88,-0.12,-0.16
33.2979,0.58,0.41,-0.01,0.69,45.29,58.88,-0.12,-0.16
33.3277,0.58,0.41,-0.01,0.69,45.12,58.88,-0.12,-0.16
33.3554,0.58,0.41,-0.01,0.69,45.29,59.8,-0.12,-0.16
33.383,0.58,0.41,-0.01,0.69,45.29,59.8,-0.12,-0.16
33.413,0.58,0.41,-0.01,0.69,45.29,59.8,-0.12,-0.16
33.4404,0.58,0.41,-0.01,0.69,45.29,59.8,-0.12,-0.16
33.4682,0.58,0.41,-0.01,0.69,45.29,59.8,-0.12,-0.16
33.4981,0.58,0.41,-0.01,0.69,45.29,59.8,-0.12,-0.16
33.5255,0.58,0.4,-0.01,0.69,42.93,59.8,-0.12,-0.16
33.5533,0.58,0.41,-0.01,0.69,43.94,59.8,-0.12,-0.16
33.5833,0.58,0.41,-0.01,0.69,46.29,59.8,-0.12,-0.16
33.6109,0.58,0.41,-0.01,0.69,46.12,58.88,-0.12,-0.16
33.6409,0.58,0.41,-0.01,0.69,46.29,58.88,-0.13,-0.16
33.6682,0.58,0.43,-0.01,0.69,53.61,58.88,-0.13,-0.16
33.6959,0.58,0.41,-0.01,0.68,45.29,58.88,-0.13,-0.16
33.7256,0.58,0.44,-0.01,0.68,57.54,59.8,-0.12,-0.16
33.7531,0.58,0.44,-0.01,0.67,57.71,59.8,-0.12,-0.16
33.7807,0.58,0.44,-0.01,0.67,57.54,57.96,-0.12,-0.16
33.8108,0.58,0.41,-0.01,0.66,45.29,57.04,-0.14,-0.15
33.8385,0.58,0.41,-0.01,0.66,46.29,57.04,-0.14,-0.15
33.8661,0.58,0.43,-0.01,0.66,52.45,57.04,-0.14,-0.15
33.8961,0.58,0.44,-0.01,0.65,57.71,51.44,-0.13,-0.15
33.9237,0.58,0.43,-0.01,0.64,55.41,47.64,-0.13,-0.15
33.9512,0.58,0.43,-0.01,0.63,54.59,47.64,-0.13,-0.15
33.9812,0.58,0.39,-0.01,0.61,40.9,35.63,-0.14,-0.14
34.0089,0.59,0.41,-0.01,0.6,45.29,33.64,-0.14,-0.14
34.0391,0.59,0.41,-0.01,0.59,47.3,33.64,-0.12,-0.12
34.0665,0.59,0.4,-0.01,0.59,43.1,33.64,-0.12,-0.12
34.094,0.59,0.38,-0.01,0.58,36.48,30.48,-0.12,-0.12
34.124,0.59,0.37,-0.01,0.57,33.41,28.3,-0.11,-0.11
34.1514,0.59,0.37,-0.01,0.56,30.14,26.29,-0.11,-0.11
34.1788,0.59,0.35,-0.01,0.55,25.48,30.48,-0.11,-0.11
34.2064,0.59,0.39,-0.01,0.53,38.87,23.08,-0.11,-0.11
34.2365,0.59,0.41,-0.01,0.51,46.12,25.28,-0.11,-0.08
34.264,0.59,0.4,-0.01,0.49,45.12,19.85,-0.11,-0.08
34.294,0.59,0.41,-0.01,0.48,45.29,16.61,-0.12,-0.06
34.3215,0.59,0.41,-0.01,0.47,45.29,12.31,-0.12,-0.06
34.349,0.59,0.4,-0.01,0.46,44.11,11.28,-0.12,-0.06
34.379,0.6,0.38,-0.01,0.44,35.63,10.07,-0.12,-0.05
34.4064,0.6,0.37,-0.01,0.39,31.17,3.48,-0.12,-0.05
34.4332,0.59,0.44,-0.01,0.36,58.68,0,-0.1,-0.01
34.454,0.59,0.28,-0.01,0.33,0,0,-0.1,-0.01
34.4782,0.6,0.68,-0.01,0.29,125.24,0,-0.1,-0.01
34.5024,0.6,0.89,-0.01,0.28,145.47,0,-0.1,-0.01
34.5291,0.6,1.15,-0.01,0.22,142.59,0,-0.37,0.05
34.5533,0.6,1.62,-0.01,0.19,126.05,0,-0.37,0.05
34.5774,0.6,2.94,-0.01,0.16,107.19,0,-0.37,0.05
34.6014,0.6,0,-0.01,0.11,89.04,0,-0.37,0.05
34.6279,0.6,0,-0.01,0.07,75.83,0,0.08,0.13
34.6518,0.6,0,-0,0.06,62.63,0,0.08,0.13
34.6758,0.6,0,-0,0.04,54.02,0,0.08,0.13
34.7023,0.6,0,-0.01,0.03,46.11,0,0.08,0.17
34.7263,0.6,0,-0,0.01,40.78,0,0.08,0.17
34.7501,0.6,0,-0,0,35.36,0,0.08,0.17
34.7767,0.6,0,-0,0,32.64,0,0.08,0.19
34.8006,0.6,0,-0,0,29,0,0.08,0.19
34.8246,0.6,0,-0,0,27.16,0,0.08,0.19
34.8511,0.6,0,-0,0,25.33,0,0.08,0.19
34.8751,0.6,0,-0,0,24.4,0,0.08,0.19
34.8993,0.6,0,-0,0,21.64,0,0.08,0.19
34.9257,0.6,0,-0,0,22.56,0,0.08,0.19
34.9496,0.6,0,-0,0,20.72,0,0.08,0.19
34.9736,0.6,0,-0,0,19.79,0,0.08,0.19
34.9977,0.6,0,-0.01,0,18.87,0,0.08,0.19
35.0243,0.6,0,-0.01,0,19.79,0,0.08,0.19
35.0483,0.6,0,-0,0,17.94,0,0.08,0.19
35.0724,0.6,0,-0,0,17.94,0,0.08,0.19
35.0989,0.6,0,-0,0,17.02,0,0.08,0.19
35.1229,0.6,0,-0,0,17.94,0,0.08,0.19
35.1469,0.6,0,-0,0,17.02,0,0.08,0.19
35.1733,0.6,0,-0,0,17.94,0,0.08,0.19
35.1973,0.6,0,-0,0,16.09,0,0.08,0.19
35.2216,0.6,0,-0,0,17.02,0,0.08,0.19
35.248,0.6,0,-0,0,16.09,0,0.08,0.19
35.272,0.6,0,-0,0,16.09,0,0.08,0.19
35.2961,0.6,0,-0.01,0,16.09,0,0.08,0.19
35.3225,0.6,0,-0.01,0,16.09,0,0.08,0.19
35.3466,0.6,0,-0.01,0,15.16,0,0.08,0.19
35.3706,0.6,0,-0.01,0,15.16,0,0.08,0.19
35.3946,0.6,0,-0,0,15.16,0,0.08,0.19
35.421,0.6,0,-0,0,15.16,0,0.08,0.19
35.4451,0.6,0,-0,0,15.16,0,0.08,0.19
35.4692,0.6,0,-0,0,14.24,0,0.08,0.19
35.4956,0.6,0,-0,0,15.16,0,0.08,0.19
35.5196,0.6,0,-0,0,14.24,0,0.08,0.19
35.5436,0.6,0,-0,0,15.16,0,0.08,0.19
35.5703,0.6,0,-0,0,14.24,0,0.08,0.19
35.5943,0.6,0,-0,0,15.16,0,0.08,0.19
35.6184,0.6,0,-0,0,14.24,0,0.08,0.19
35.6449,0.6,0,-0,0,15.16,0,0.08,0.19
35.6689,0.6,0,-0,0,14.24,0,0.08,0.19
35.6929,0.6,0,-0,0,15.16,0,0.08,0.19
35.7193,0.6,0,-0,0,14.24,0,0.08,0.19
35.7433,0.6,0,-0,0,15.16,0,0.08,0.19
35.7674,0.6,0,-0,0,13.31,0,0.08,0.19
35.7915,0.6,0,-0,0,14.24,0,0.08,0.19
35.818,0.6,0,-0,0,13.31,0,0.08,0.19
35.8422,0.6,0,-0,0,14.24,0,0.08,0.19
35.8662,0.6,0,-0,0,13.31,0,0.08,0.19
35.8926,0.6,0,-0,0,14.24,0,0.08,0.18
35.9166,0.61,0,-0,0,13.31,0,0.08,0.18
35.9407,0.6,0,-0,0,14.24,0,0.08,0.18
35.9671,0.6,0,-0,0,13.31,0,0.08,0.15
35.9912,0.6,0,-0,0,14.26,0,0.08,0.15
36.0152,0.6,0,-0,0,11.48,0,0.08,0.15
36.0416,0.6,0,-0,0,11.48,0,0.06,0.12
36.0657,0.6,0,-0,0,9.65,0,0.06,0.12
36.0896,0.6,0,-0,0,9.68,0,0.06,0.12
36.1161,0.6,0,-0,0,8.76,0,0.03,0.07
36.1401,0.6,0,-0,0,7.83,0,0.03,0.07
36.1641,0.6,0,-0,0,6.9,0,0.03,0.07
36.1881,0.6,0,-0,0,7.85,0,0.03,0.07
36.2148,0.6,0,-0,0,8.79,0,0.01,0.03
36.2387,0.6,0,-0,0,9.7,0,0.01,0.03
36.2626,0.6,0,-0,0,9.67,0,0.01,0.03
36.2892,0.6,0,-0.01,0,10.58,0,0,0.01
36.3133,0.6,0,-0,0,9.63,0,0,0.01
36.3406,0.6,0,-0,0,9.61,2.93,0,0.01
36.3704,0.6,0,-0,0,10.52,4.48,0,0
36.3978,0.6,0,-0,0,13.31,5.86,0,0
36.4253,0.61,0,-0,0,13.31,6.55,0,0
36.4553,0.6,0,-0,0,13.31,7.24,0,0
36.4828,0.6,0,-0,0,13.32,7.41,0,0
36.5128,0.6,0,-0,0,14.26,7.58,0,0
36.5401,0.6,0,-0,0,14.26,7.58,0,0
36.5674,0.6,0,-0,0,14.26,7.58,0,0
36.5946,0.6,0,-0,0,16.11,8.79,0,0
36.6246,0.6,0,-0,0,15.18,8.79,0,0
36.652,0.6,0,-0,0,15.19,8.79,0,0
36.6793,0.6,0,-0,0,16.12,8.79,0,0
36.7091,0.6,0,-0,0,16.12,8.79,0,0
36.7364,0.6,0,-0,0,15.19,8.79,0,0
36.7662,0.6,0,-0,0,16.12,8.79,0,0
36.7937,0.6,0,-0,0,17.05,8.79,0,0
36.821,0.6,0,-0,0,16.12,8.79,0,0
36.851,0.6,0,-0,0,16.12,8.79,0,0
36.8782,0.6,0,-0,0,17.05,8.79,0,0
36.9056,0.6,0,-0,0,16.12,7.58,0,0
36.9354,0.6,0,-0,0,17.05,8.79,0,0
36.9627,0.6,0,-0,0,17.97,8.79,0,0
36.9902,0.6,0,-0,0,17.05,8.79,0,0
37.02,0.6,0,-0,0,17.05,8.79,0,0
37.0472,0.6,0,-0,0,17.97,8.79,0,0
37.0747,0.6,0,-0,0,17.05,8.79,0,0
37.1045,0.6,0,-0,0,16.12,8.79,0,0
37.132,0.6,0,-0,0,17.05,8.79,0,0
37.1619,0.6,0,-0,0,17.97,8.79,0,0
37.1892,0.6,0,-0,0,16.12,8.79,0,0
37.2165,0.6,0,-0,0,17.05,8.79,0,0
37.2465,0.6,1.12,-0,0,125.81,8.79,0,0
37.2741,0.6,0.75,-0,0,146.81,8.79,0,0
37.3016,0.6,0.95,-0,0,137.66,8.79,0,0
37.3317,0.6,0.59,-0,0,128.37,8.79,-0.48,0
37.3593,0.6,0.59,-0,0,127.75,8.79,-0.48,0
37.3867,0.6,0.59,-0,0,127.28,8.79,-0.48,0
37.4167,0.6,0.62,-0,0,133.5,8.79,-0.3,0
37.4442,0.6,0.81,-0,0,147.14,8.79,-0.3,0
37.4717,0.6,0.98,-0,0,134.7,8.79,-0.3,0
37.5017,0.6,2.23,-0,0,117.23,8.79,-0.5,0
37.5292,0.6,0,-0,0,106.11,8.79,-0.5,0
37.5564,0.6,1.21,-0,0,123.25,8.79,-0.5,0
37.5866,0.6,0.92,-0,0,140.26,8.79,-0.61,0
37.6141,0.6,0.92,-0,0,140.26,8.79,-0.61,0
37.6441,0.6,0.88,-0,0,143.1,8.79,-0.47,0
37.6715,0.6,0.98,-0,0,134.7,8.79,-0.47,0
37.699,0.6,1.44,-0,0,120.07,8.79,-0.47,0
37.729,0.6,0,-0,0,102.07,8.79,-0.73,0
37.7563,0.6,0,-0,0,86.91,8.79,-0.73,0
37.7838,0.6,0,-0,0,75.14,8.79,-0.73,0
37.8136,0.6,0,-0,0,69.44,8.79,0,0
37.8411,0.6,0.67,-0,0,141.13,8.79,0,0
37.8685,0.6,0.73,-0,0,146.13,8.79,0,0
37.8985,0.6,0.74,-0,0,146.55,8.79,-0.37,0
37.9259,0.6,0.78,-0,0,147.4,8.79,-0.37,0
37.9533,0.6,0.76,-0,0,147.19,8.79,-0.37,0
37.9833,0.6,0.91,-0,0,141.31,8.79,-0.39,0
38.011,0.6,1.04,-0,0,130.04,8.79,-0.39,0
38.041,0.6,3.13,-0,0,115.5,8.79,-0.53,0
38.0682,0.6,0,-0,0,101.38,8.79,-0.53,0
38.0957,0.6,2.55,-0,0,116.61,7.58,-0.53,0
38.1255,0.6,0,-0,0,95.78,7.58,-1.3,0
38.153,0.6,0,-0,0,77.58,8.79,-1.3,0
38.1803,0.6,0,-0,0,65.27,8.79,-1.3,0
38.211,0.6,0,-0,0,56.73,7.58,0,0
38.2382,0.6,0,-0,0,64.42,7.58,0,0
38.2655,0.6,0,-0,0,75.14,7.58,0,0
38.2955,0.6,0,-0,0,66.09,7.58,0,0
38.3229,0.6,0.75,-0,0,146.81,7.58,0,0
38.3506,0.6,0.94,-0,0,138.68,7.58,0,0
38.3806,0.6,1.33,-0,0,121.12,7.58,-0.48,0
38.4082,0.6,0,-0,0,101.38,7.58,-0.48,0
38.4379,0.6,0,-0,0,83.08,7.58,0,0
38.4652,0.6,0,-0,0,68.59,7.58,0,0
38.4926,0.6,0,-0,0,56.73,7.58,0,0
38.5226,0.6,0,-0,0,107.39,7.58,0,0
38.5499,0.6,0,-0,0,106.11,7.58,0,0
38.5772,0.6,0,-0,0,86.16,7.58,0,0
38.6044,0.6,0,-0,0,68.59,7.58,0,0
38.6344,0.6,0,-0,0,56.76,7.58,0.01,0
38.6617,0.61,0,-0,0,48.13,8.79,0.01,0
38.6917,0.6,0,-0,0,41.09,7.58,0.04,0
38.719,0.6,0,-0,0,34.88,7.58,0.04,0
38.7463,0.6,0,-0,0,37.71,8.79,0.04,0
38.7761,0.6,0,-0,0,33.16,8.79,0.07,0
38.8034,0.6,0,-0,0,28.44,8.79,0.07,0
38.8306,0.6,0,-0,0,26.52,8.79,0.07,0
38.8604,0.6,0,-0,0,26.46,8.79,0.1,0
38.8878,0.6,0,-0,0,22.56,8.79,0.1,0
38.9151,0.6,0,-0,0,22.44,8.79,0.1,0
38.9424,0.6,0,-0,0,22.39,8.79,0.1,0
38.9697,0.6,0,-0,0,20.54,8.79,0.1,0
38.9971,0.6,0,-0,0,20.55,8.79,0.1,0
