t,paa0,pfe0,paa1,pfe1,daa0,dfe0,daa1,dfe1,cft0,cft1,pee0,pee1
7.33275,-0,0,-0,0,-0,0,-0,0,0,0,102.723,102.723
7.41272,-0,0,-0,0,0.659612,0.0801583,-0.0874369,0,0.0199499,0.0207846,102.723,102.723
7.4927,-0,0,-0,0,0.659612,0.0798689,-0.079767,0,0.0193132,0.0173781,102.723,102.723
7.57272,0.0199418,0.00231504,-0,0,0.659612,0.0798689,-0.079767,0,0.0202731,0.0173781,102.519,102.723
7.6527,0.0552233,0.00897078,-0,0,0.659612,0.0798689,-0.079767,0,0.0202731,0.0197484,101.934,102.723
7.73274,0.0552233,0.0124433,-0,0,0.659612,0.0798689,-0.079767,0,0.0206398,0.0186011,101.629,102.723
7.81271,0.0552233,0.0124433,-0,0,0.659612,0.0879715,-0.079767,0,0.0196977,0.0192094,101.629,102.723
7.89276,0.0552233,0.0124433,-0,0,0.659612,0.0818945,-0.078233,0,0.0206155,0.0173781,101.629,102.723
7.97268,0.0552233,0.0124433,-0,0,0.659612,0.0801583,-0.079767,0,0.0193132,0.0186011,101.629,102.723
8.05267,0.0552233,0.0124433,-0,0,0.659612,0.0879715,-0.079767,0,0.019,0.0192094,101.629,102.723
8.13266,0.0552233,0.0124433,-0,0,0.659612,0.0899972,-0.079767,0,0.0193132,0.0164924,101.629,102.723
8.21266,0.0552233,0.0124433,-0,0,0.659612,0.0818945,-0.079767,0,0.0193391,0.0174929,101.629,102.723
8.29274,0.0552233,0.0124433,-0,0,0.659612,0.0801583,-0.079767,0,0.0193391,0.017,101.629,102.723
8.37269,0.0552233,0.0124433,-0,0,0.659612,0.0899972,-0.079767,0,0.0193132,0.0175499,101.629,102.723
8.45262,0.0552233,0.0124433,-0,0,0.659612,0.0899972,-0.079767,0,0.019799,0.0189737,101.629,102.723
8.53272,0.0552233,0.0124433,-0,0,0.659612,0.0899972,-0.079767,0,0.0193391,0.0156525,101.629,102.723
8.61271,0.0552233,0.0124433,-0,0,0.659612,0.0899972,-0.079767,0,0.0193132,0.0175499,101.629,102.723
8.69266,0.0552233,0.0124433,-0,0,0.659612,0.0899972,-0.079767,0,0.0194165,0.0182483,101.629,102.723
8.77264,0.0552233,0.0124433,-0,0,0.659612,0.0879715,-0.079767,0,0.019799,0.0162481,101.629,102.723
8.85264,0.0552233,0.0124433,-0,0,0.659612,0.0899972,-0.079767,0,0.0184932,0.0175499,101.629,102.723
8.93264,0.0552233,0.0124433,-0,0,0.659612,0.0980998,-0.079767,0,0.0197231,0.0172337,101.629,102.723
9.01263,0.0552233,0.0124433,-0,0,0.659612,0.127327,-0.079767,0,0.0199249,0.0164317,101.629,102.723
9.09265,0.0552233,0.0124433,-0,0,0.659612,0.147584,-0.079767,0,0.0186279,0.0178326,101.629,102.723
9.17258,0.0552233,0.016784,-0,0,0.659612,0.177679,-0.079767,0,0.018412,0.0164012,101.248,102.723
9.25256,0.0552233,0.0298061,-0,0,0.659612,0.187518,-0.079767,0,0.0184932,0.018412,100.103,102.723
9.33257,0.0552233,0.0515096,-0,0,0.659612,0.207775,-0.079767,0,0.0186279,0.0165529,98.1952,102.723
9.41262,0.0552233,0.0706087,-0,0,0.659612,0.227453,-0.079767,0,0.0188944,0.0165529,96.5165,102.723
9.4926,0.0552233,0.0804476,-0,0,0.659612,0.249446,-0.079767,0,0.0186279,0.01772,95.6516,102.723
9.57263,0.0552233,0.0818945,-0,0,0.659612,0.259574,-0.078233,0,0.0199249,0.015843,95.5245,102.723
9.65266,0.0552233,0.0818945,-0,0,0.648874,0.269702,-0.079767,0,0.0202237,0.0171172,95.5245,102.723
9.73261,0.0552233,0.0818945,-0,0,0.63967,0.28938,-0.079767,0,0.0195448,0.0178326,95.5245,102.723
9.81259,0.0552233,0.0818945,-0,0,0.63967,0.309637,-0.079767,0,0.0199249,0.0165529,95.5245,102.723
9.89257,0.0552233,0.0818945,-0,0,0.63967,0.339153,-0.0705631,0,0.019,0.0188149,95.5245,102.723
9.97263,0.0552233,0.0839202,-0,0,0.63967,0.349571,-0.078233,0,0.0181384,0.0165529,95.3464,102.723
10.0526,0.0552233,0.0911547,-0,0,0.63967,0.357963,-0.0705631,0,0.0188944,0.0161555,94.7105,102.723
10.1325,0.0552233,0.107649,-0,0,0.63967,0.351597,-0.0705631,0,0.0186279,0.0165529,93.2607,102.723
10.2125,0.0552233,0.131957,-0,0,0.63967,0.367802,-0.0705631,0,0.0179722,0.0164317,91.124,102.723
10.2925,0.0552233,0.162921,-0,0,0.63967,0.370117,-0.0705631,0,0.0184932,0.0171172,88.4024,102.723
10.3726,0.0552233,0.195042,-0,0,0.63967,0.379956,-0.0705631,0,0.0184662,0.0169115,85.579,102.723
10.4526,0.0552233,0.226874,-0,0,0.63967,0.389505,-0.0705631,0,0.0188149,0.0174642,82.781,102.723
10.5326,0.0552233,0.251182,-0,0,0.63967,0.390084,-0.0705631,0,0.0194422,0.0167332,80.6444,102.723
10.6125,0.0552233,0.26623,-0,0,0.63967,0.398187,-0.0705631,0,0.0190526,0.0173494,79.3217,102.723
10.6925,0.0552233,0.268834,-0,0,0.63967,0.399923,-0.0705631,0,0.0188149,0.0165529,79.0928,102.723
10.7725,0.0552233,0.268834,-0,0,0.63967,0.399923,-0.0705631,0,0.0194422,0.0160312,79.0928,102.723
10.8525,0.0552233,0.268834,-0,0,0.63967,0.39211,-0.0705631,0,0.0188149,0.0166733,79.0928,102.723
10.9325,0.0552233,0.268834,-0,0,0.638136,0.390084,-0.079767,0,0.0181659,0.0174642,79.0928,102.723
11.0125,0.0552233,0.268834,-0,0,0.63967,0.379956,-0.0705631,0,0.0194422,0.0147309,79.0928,102.723
11.0925,0.0552233,0.268834,-0,0,0.63967,0.323816,-0.0705631,0,0.0194422,0.01772,79.0928,102.723
11.1725,0.0552233,0.268834,-0,0,0.63967,0.310215,-0.079767,0,0.0194422,0.0182209,79.0928,102.723
11.2524,0.0552233,0.268834,-0,0,0.650408,0.284171,-0.078233,0,0.0184662,0.0173494,79.0928,102.723
11.3325,0.0552233,0.268834,-0,0,0.659612,0.564002,-0.0720971,0,0.0185742,0.0167332,79.0928,102.723
11.4125,0.0552233,0.268834,-0,0,0.659612,0.300955,-0.079767,0,0.0184662,0.0161555,79.0928,102.723
11.4925,0.0552233,0.274911,-0,0,0.659612,0.212116,-0.079767,0,0.0188149,0.0167332,78.5586,102.723
11.5725,0.0552233,0.278094,-0,0,0.667282,0.199383,-0.0720971,0,0.0188149,0.0167332,78.2789,102.723
11.6525,0.0552233,0.274622,-0,0,0.67035,0.182309,-0.079767,0,0.0190526,0.0180555,78.5841,102.723
11.7325,0.0552233,0.262178,-0,0,0.67035,0.170445,-0.079767,0,0.0184662,0.0171172,79.6778,102.723
11.8125,0.0552233,0.242211,-0,0,0.67035,0.162053,-0.079767,0,0.0186279,0.0178326,81.4329,102.723
11.8925,0.0552233,0.219639,-0,0,0.67035,0.140349,-0.0720971,0,0.0192094,0.01772,83.4169,102.723
11.9724,0.0552233,0.204013,-0,0,0.67035,0.125302,-0.0720971,0,0.0192094,0.0195192,84.7905,102.723
12.0524,0.0552233,0.198225,-0,0,0.67035,0.129932,-0.078233,0,0.0199499,0.0167929,85.2992,102.723
12.1324,0.0552233,0.193306,-0,0,0.67035,0.114016,-0.079767,0,0.0199249,0.0175499,85.7316,102.723
12.2124,0.0552233,0.183756,-0,0,0.67035,0.11662,-0.079767,0,0.0186279,0.0188149,86.571,102.723
12.2924,0.0552233,0.171602,-0,0,0.67035,0.120093,-0.079767,0,0.020025,0.0186011,87.6393,102.723
12.3724,0.0552233,0.160606,-0,0,0.67035,0.120093,-0.079767,0,0.0195448,0.0182483,88.6059,102.723
12.4524,0.0552233,0.157423,-0,0,0.67035,0.120093,-0.079767,0,0.0190788,0.017,88.8857,102.723
12.5324,0.0552233,0.157423,-0,0,0.67035,0.120093,-0.0720971,0,0.019,0.0181934,88.8857,102.723
12.6124,0.0552233,0.157133,-0,0,0.67035,0.120093,-0.079767,0,0.0194165,0.0173781,88.9111,102.723
12.6924,0.0552233,0.157133,-0,0,0.67035,0.120093,-0.079767,0,0.0197231,0.0184932,88.9111,102.723
12.7724,0.0552233,0.157133,-0,0,0.67035,0.120093,-0.079767,0,0.0201494,0.0196469,88.9111,102.723
12.8524,0.0552233,0.157423,-0,0,0.67035,0.129932,-0.079767,0,0.0199499,0.0199499,88.8857,102.723
12.9325,0.0552233,0.157133,-0,0,0.67035,0.129932,-0.0705631,0,0.0202731,0.0180278,88.9111,102.723
13.0124,0.0552233,0.157133,-0,0,0.67035,0.120382,-0.0705631,0,0.0202485,0.019105,88.9111,102.723
13.0924,0.0552233,0.157133,-0,0,0.661146,0.0926016,-0.0705631,0,0.0202485,0.0179722,88.9111,102.723
13.1725,0.0552233,0.157133,-0,0,0.659612,0.109675,-0.0705631,0,0.0187083,0.019105,88.9111,102.723
13.2524,0.0552233,0.156844,-0,0,0.659612,0.138613,-0.0705631,0,0.0206398,0.0202237,88.9365,102.723
13.3324,0.0552233,0.156555,-0,0,0.659612,0.129932,-0.078233,0,0.0211896,0.0183576,88.962,102.723
13.4124,0.0552233,0.156555,-0,0,0.659612,0.122118,-0.0705631,0,0.0211896,0.0190526,88.962,102.723
13.4924,0.0552233,0.156265,-0,0,0.659612,0.0960742,-0.0705631,0,0.0204695,0.0192094,88.9874,102.723
13.5724,0.0552233,0.156555,-0,0,0.659612,0.0642424,-0.0705631,0,0.0206155,0.019105,88.962,102.723
13.6524,0.0552233,0.156265,-0,0,0.659612,0.0772645,-0.0720971,0,0.0211896,0.0203224,88.9874,102.723
13.7323,0.0552233,0.14932,-0,0,0.659612,0.060191,-0.0705631,0,0.0206155,0.0203224,89.5979,102.723
13.8124,0.0552233,0.128195,-0,0,0.659612,0.0324106,-0.0705631,0,0.0212132,0.0194165,91.4547,102.723
13.8924,0.0552233,0.104466,-0,0,0.659612,0.0300955,-0.0705631,0,0.0212838,0.0208327,93.5405,102.723
13.9724,0.0552233,0.0839202,-0,0,0.659612,0.00086814,-0.0705631,0,0.0199499,0.0203224,95.3464,102.723
14.0524,0.0552233,0.0691618,-0,0,0.659612,0,-0.0705631,0,0.0202731,0.0187617,96.6436,102.723
14.1323,0.0552233,0.0593229,-0,0,0.659612,0,-0.0705631,0,0.0206155,0.0202237,97.5085,102.723
14.2123,0.0552233,0.0506415,-0,0,0.659612,0,-0.0705631,0,0.0202731,0.0196469,98.2715,102.723
14.2923,0.0552233,0.0454327,-0,0,0.659612,0,-0.0705631,0,0.0202731,0.0186011,98.7294,102.723
14.3723,0.0552233,0.0448539,-0,0,0.659612,0,-0.078233,0,0.0187083,0.0181384,98.7803,102.723
14.4523,0.0552233,0.0448539,-0,0,0.659612,0,-0.0705631,0,0.0211187,0.0196469,98.7803,102.723
14.5323,0.0552233,0.0445645,-0,0,0.667282,0,-0.0705631,0,0.0210238,0.0192614,98.8057,102.723
14.6123,0.0552233,0.0448539,-0,0,0.659612,0,-0.078233,0,0.0206155,0.0202731,98.7803,102.723
14.6923,0.0552233,0.0448539,-0,0,0.659612,0,-0.0720971,0,0.0202485,0.0190526,98.7803,102.723
14.7723,0.0552233,0.0448539,-0,0,0.659612,0,-0.0720971,0,0.0197231,0.0198494,98.7803,102.723
14.8523,0.0552233,0.0448539,-0,0,0.659612,0,-0.079767,0,0.0187083,0.0173781,98.7803,102.723
14.9323,0.0552233,0.0445645,-0,0,0.659612,0,-0.0720971,0,0.0194165,0.0173781,98.8057,102.723
15.0123,0.0552233,0.0448539,-0,0,0.659612,0.00983892,-0.079767,0,0.0206398,0.0185472,98.7803,102.723
15.0922,0.0552233,0.0448539,-0,0,0.659612,0.0292274,-0.079767,0,0.0193132,0.01772,98.7803,102.723
15.1722,0.0552233,0.0445645,-0,0,0.659612,0.0396451,-0.079767,0,0.0202237,0.0187083,98.8057,102.723
15.2523,0.0552233,0.0445645,-0,0,0.659612,0.0497734,-0.079767,0,0.0206398,0.0189737,98.8057,102.723
15.3323,0.0552233,0.0445645,-0,0,0.659612,0.0694512,-0.079767,0,0.0197231,0.0163095,98.8057,102.723
15.4123,0.0552233,0.0445645,-0,0,0.659612,0.0897078,-0.079767,0,0.0202731,0.0197484,98.8057,102.723
15.4923,0.0552233,0.0445645,-0,0,0.659612,0.0980998,-0.079767,0,0.0189737,0.0174929,98.8057,102.723
15.5723,0.0552233,0.0445645,-0,0,0.659612,0.100125,-0.079767,0,0.0187083,0.0181934,98.8057,102.723
15.6523,0.0552233,0.0445645,-0,0,0.659612,0.109964,-0.079767,0,0.0187883,0.0173781,98.8057,102.723
15.7323,0.0552233,0.0445645,-0,0,0.667282,0.119514,-0.079767,0,0.0186279,0.0162481,98.8057,102.723
15.8123,0.0552233,0.0448539,-0,0,0.661146,0.128195,-0.079767,0.0277805,0.0197231,0.01772,98.7803,102.723
15.8923,0.0552233,0.0448539,-0,0,0.659612,0.147873,-0.079767,0.0949166,0.0190788,0.0164924,98.7803,102.723
15.9723,0.0552233,0.0448539,-0,0,0.659612,0.169577,-0.079767,0.109675,0.0202237,0.0181384,98.7803,102.723
16.0522,0.0552233,0.0465902,-0,0.00607698,0.659612,0.169866,-0.079767,0.137455,0.0197231,0.018,98.6276,102.189
16.1323,0.0552233,0.0509309,-0,0.0295168,0.659612,0.179994,-0.078233,0.158001,0.0194165,0.017,98.2461,100.128
16.2122,0.0552233,0.0564291,-0,0.0671362,0.659612,0.189544,-0.079767,0.160027,0.0200998,0.0181384,97.7628,96.8217
16.2922,0.0552233,0.0613486,-0,0.108807,0.659612,0.18202,-0.0705631,0.169866,0.0195448,0.0174929,97.3304,93.1589
16.3722,0.0552233,0.063953,-0,0.136009,0.659612,0.197936,-0.0705631,0.162053,0.0202237,0.017,97.1015,90.7679
16.4522,0.0552233,0.063953,-0,0.147584,0.659612,0.199962,-0.0705631,0.160027,0.0179722,0.017,97.1015,89.7505
16.5322,0.0552233,0.063953,-0,0.148741,0.659612,0.191859,-0.0705631,0.160027,0.0181384,0.0164924,97.1015,89.6487
16.6122,0.0552233,0.063953,-0,0.148452,0.667282,0.197936,-0.0720971,0.16813,0.0199249,0.0175499,97.1015,89.6742
16.6922,0.0552233,0.063953,-0,0.148741,0.659612,0.199962,-0.081301,0.169866,0.0188149,0.0175499,97.1015,89.6487
16.7722,0.0552233,0.063953,-0,0.148741,0.659612,0.199962,-0.0720971,0.19591,0.0186279,0.0168819,97.1015,89.6487
16.8522,0.0552233,0.063953,-0,0.148741,0.659612,0.209511,-0.0705631,0.217614,0.0184932,0.017,97.1015,89.6487
16.9322,0.0552233,0.063953,-0,0.148452,0.659612,0.21009,-0.0859029,0.267387,0.0190263,0.017,97.1015,89.6742
17.0122,0.0552233,0.063953,-0,0.148741,0.659612,0.21009,-0.0720971,0.269992,0.0192614,0.017,97.1015,89.6487
17.0922,0.0552233,0.063953,-0,0.157133,0.659612,0.219639,-0.079767,0.28938,0.0181384,0.0182483,97.1015,88.9111
17.1722,0.0552233,0.063953,-0,0.18202,0.659612,0.219929,-0.0705631,0.299508,0.0184932,0.0160312,97.1015,86.7236
17.2522,0.0552233,0.063953,-0,0.213852,0.659612,0.226585,-0.0705631,0.318029,0.0188149,0.0175499,97.1015,83.9256
17.3321,0.0552233,0.0645317,-0,0.2425,0.659612,0.228321,-0.0705631,0.347545,0.0190263,0.0165529,97.0506,81.4075
17.4122,0.0552233,0.0682937,-0.00153398,0.255233,0.659612,0.228321,-0.0705631,0.357963,0.0186279,0.0188149,96.7199,80.2883
17.4922,0.0552233,0.0743707,-0,0.255812,0.659612,0.230057,-0.0705631,0.359989,0.0200998,0.0182483,96.1858,80.2374
17.5721,0.0552233,0.0801583,-0,0.258127,0.659612,0.228321,-0.0705631,0.351886,0.0192094,0.0160312,95.6771,80.0339
17.6521,0.0552233,0.0827627,-0,0.266808,0.659612,0.230057,-0.0705631,0.367802,0.0188944,0.0188149,95.4482,79.2709
17.7321,0.0552233,0.0827627,-0.00153398,0.275779,0.659612,0.239607,-0.0705631,0.379667,0.0181384,0.0175499,95.4482,78.4823
17.8121,0.0552233,0.0827627,-0.00153398,0.277805,0.659612,0.239896,-0.078233,0.397898,0.0192094,0.0163095,95.4482,78.3043
17.8921,0.0552233,0.0827627,-0,0.278094,0.659612,0.247999,-0.0705631,0.417575,0.019,0.0179722,95.4482,78.2789
17.9721,0.0552233,0.0827627,-0,0.282146,0.659612,0.250024,-0.0720971,0.427993,0.018412,0.0157797,95.4482,77.9227
18.0521,0.0552233,0.0827627,-0,0.29864,0.659612,0.258416,-0.0720971,0.430019,0.0188149,0.0175499,95.4482,76.4729
18.1322,0.0552233,0.0827627,-0.00153398,0.326999,0.659612,0.2425,-0.0705631,0.439568,0.0184932,0.0189737,95.4482,73.9802
18.2121,0.0552233,0.0827627,-0.00153398,0.355937,0.659612,0.249735,-0.0720971,0.449697,0.0181384,0.0164924,95.4482,71.4366
18.2921,0.0552233,0.0827627,-0.00153398,0.371275,0.658078,0.250024,-0.078233,0.449986,0.0193907,0.0174929,95.4482,70.0885
18.372,0.0552233,0.0827627,-0.00153398,0.372143,0.650408,0.250024,-0.0720971,0.469664,0.0178326,0.0174929,95.4482,70.0122
18.4521,0.0552233,0.0827627,-0,0.372143,0.658078,0.258127,-0.0705631,0.479792,0.0194165,0.0174929,95.4482,70.0122
18.5321,0.0552233,0.0827627,-0.00153398,0.374168,0.650408,0.259863,-0.0720971,0.487895,0.0187083,0.0187083,95.4482,69.8341
18.6121,0.0552233,0.0827627,-0,0.381113,0.650408,0.259863,-0.078233,0.48992,0.0193391,0.0180278,95.4482,69.2236
18.6921,0.0552233,0.0827627,-0,0.388348,0.650408,0.259863,-0.0705631,0.500049,0.0188944,0.0396232,95.4482,68.5877
18.772,0.0552233,0.0827627,-0.00153398,0.388927,0.651942,0.259863,-0.0705631,0.507862,0.019799,0.0372156,95.4482,68.5369
18.8521,0.0552233,0.0827627,-0.00153398,0.389216,0.650408,0.269702,-0.0705631,0.51799,0.0193391,0.0347707,95.4482,68.5114
18.9321,0.0552233,0.0830521,-0.00153398,0.389795,0.650408,0.278094,-0.0705631,0.537957,0.0188149,0.0544426,95.4227,68.4606
19.0121,0.0552233,0.0830521,-0,0.390084,0.650408,0.28012,-0.0705631,0.548086,0.0193391,0.0461411,95.4227,68.4351
19.0921,0.0552233,0.0830521,-0,0.391242,0.650408,0.28012,-0.0705631,0.549533,0.0193391,0.0461952,95.4227,68.3334
19.172,0.0552233,0.0830521,-0.00153398,0.393846,0.650408,0.28012,-0.0705631,0.557925,0.0194165,0.0359166,95.4227,68.1045
19.252,0.0552233,0.0833414,-0,0.393846,0.650408,0.289669,-0.0705631,0.558503,0.019,0.0503786,95.3973,68.1045
19.332,0.0552233,0.0853671,-0,0.393846,0.650408,0.289959,-0.0705631,0.559661,0.0190788,0.069383,95.2192,68.1045
19.412,0.0552233,0.0902866,-0.00153398,0.393846,0.650408,0.289959,-0.0705631,0.568053,0.0189737,0.0720625,94.7868,68.1045
19.492,0.0552233,0.0983892,-0.00153398,0.393846,0.650408,0.289959,-0.0705631,0.570079,0.0189737,0.0781153,94.0746,68.1045
19.572,0.0552233,0.109386,-0.00153398,0.393846,0.642738,0.299508,-0.0705631,0.577892,0.0201494,0.0907193,93.108,68.1045
19.652,0.0552233,0.115463,-0.00153398,0.394136,0.63967,0.309637,-0.0705631,0.579917,0.0424264,0.126198,92.5739,68.079
19.7321,0.0552233,0.115463,-0.00153398,0.394136,0.641204,0.309926,-0.0705631,0.579917,0.062426,0.143087,92.5739,68.079
19.812,0.0552233,0.115463,-0.00153398,0.394136,0.63967,0.309926,-0.0705631,0.579917,0.0618223,0.090233,92.5739,68.079
19.892,0.0552233,0.115463,-0.00153398,0.394136,0.63967,0.309926,-0.0705631,0.579917,0.0683667,0.112062,92.5739,68.079
19.972,0.0552233,0.115463,-0.00306796,0.394136,0.63967,0.309926,-0.0705631,0.579917,0.0662269,0.131837,92.5739,68.079
20.052,0.0552233,0.115463,-0.00460194,0.394136,0.63967,0.309926,-0.0720971,0.579917,0.0579137,0.132102,92.5739,68.079
20.132,0.0552233,0.115463,-0.00460194,0.394136,0.63967,0.309926,-0.0705631,0.579917,0.0362353,0.0952943,92.5739,68.079
20.212,0.0552233,0.115463,-0.00460194,0.394136,0.63967,0.318029,-0.0705631,0.581654,0.0517011,0.0802309,92.5739,68.079
20.292,0.0552233,0.115463,-0.00460194,0.394136,0.63967,0.319765,-0.0690291,0.590046,0.0703491,0.0813265,92.5739,68.079
20.372,0.0552233,0.115463,-0.00460194,0.394136,0.63967,0.320054,-0.0705631,0.591493,0.0267208,0.0504975,92.5739,68.079
20.452,0.0552233,0.115463,-0.00460194,0.396451,0.63967,0.327868,-0.0705631,0.607987,0.0534883,0.051049,92.5739,67.8755
20.532,0.0552233,0.115463,-0.00306796,0.399344,0.63967,0.329893,-0.0705631,0.610013,0.0690579,0.0491325,92.5739,67.6212
20.6119,0.0552233,0.115463,-0.00306796,0.402238,0.63967,0.329893,-0.0705631,0.610013,0.096421,0.0594727,92.5739,67.3668
20.692,0.0552233,0.115463,-0,0.402817,0.63967,0.329893,-0.0705631,0.610013,0.0879432,0.0604152,92.5739,67.3159
20.7719,0.0552233,0.115463,-0,0.402817,0.63967,0.329893,-0.0705631,0.610013,0.108301,0.0371214,92.5739,67.3159
20.8519,0.0552233,0.115463,-0,0.402817,0.63967,0.329893,-0.0705631,0.608277,0.110241,0.0351141,92.5739,67.3159
20.932,0.0552233,0.115463,-0,0.402817,0.63967,0.329893,-0.0705631,0.610013,0.110336,0.0364966,92.5739,67.3159
21.0119,0.0552233,0.115463,-0,0.402817,0.63967,0.329893,-0.0705631,0.610013,0.112579,0.0326497,92.5739,67.3159
21.0919,0.0552233,0.115463,-0,0.402817,0.63967,0.329893,-0.0705631,0.610013,0.114634,0.0335559,92.5739,67.3159
21.1719,0.0552233,0.115463,-0,0.402817,0.63967,0.329893,-0.0705631,0.610013,0.115737,0.0336155,92.5739,67.3159
21.252,0.0552233,0.115463,-0,0.402817,0.63967,0.329893,-0.0705631,0.610013,0.115135,0.0336155,92.5739,67.3159
21.3319,0.0552233,0.115463,-0,0.402817,0.63967,0.329893,-0.0705631,0.610013,0.118165,0.0358608,92.5739,67.3159
21.4119,0.0552233,0.115463,-0,0.402817,0.63967,0.329893,-0.0705631,0.610013,0.117597,0.0343657,92.5739,67.3159
21.4919,0.0552233,0.115463,-0,0.402817,0.63967,0.329893,-0.0705631,0.610013,0.111306,0.0357071,92.5739,67.3159
21.5719,0.0552233,0.115463,-0,0.402817,0.63967,0.329893,-0.0705631,0.610013,0.0899444,0.0413401,92.5739,67.3159
21.6519,0.0552233,0.115463,-0.00306796,0.402817,0.63967,0.329893,-0.0705631,0.610013,0.154768,0.0551181,92.5739,67.3159
21.7319,0.0552233,0.115463,-0.00460194,0.402817,0.63967,0.329893,-0.0720971,0.610013,0.237887,0.155042,92.5739,67.3159
21.8119,0.0552233,0.115463,-0.00460194,0.402817,0.63967,0.329893,-0.0705631,0.610013,0.16706,0.176411,92.5739,67.3159
21.8919,0.0552233,0.115463,-0.00460194,0.402817,0.63967,0.329893,-0.0705631,0.610013,0.0688622,0.247413,92.5739,67.3159
21.9719,0.0552233,0.115752,-0.00460194,0.402817,0.63967,0.329893,-0.0705631,0.611749,0.0274591,0.237409,92.5484,67.3159
22.052,0.0552233,0.115752,-0.00460194,0.402817,0.63967,0.329893,-0.0705631,0.610013,0.0409878,0.151714,92.5484,67.3159
22.1319,0.0552233,0.115752,-0.00460194,0.402817,0.63967,0.347835,-0.0705631,0.610013,0.0342637,0.091962,92.5484,67.3159
22.2118,0.0552233,0.115752,-0.00460194,0.403974,0.63967,0.34986,-0.0705631,0.618116,0.0681322,0.0487647,92.5484,67.2142
22.2919,0.0552233,0.115752,-0.00460194,0.41092,0.638136,0.34986,-0.0705631,0.619852,0.110313,0.0792717,92.5484,66.6037
22.3719,0.0552233,0.115752,-0.00460194,0.412367,0.63967,0.34986,-0.0705631,0.610302,0.145938,0.0796869,92.5484,66.4765
22.4519,0.0552233,0.115752,-0.00460194,0.412367,0.63967,0.34986,-0.0705631,0.610013,0.144174,0.0763348,92.5484,66.4765
22.5318,0.0552233,0.115752,-0.00460194,0.412367,0.63967,0.34986,-0.0705631,0.610013,0.144184,0.077479,92.5484,66.4765
22.6118,0.0552233,0.115752,-0.00460194,0.412077,0.63967,0.34986,-0.0705631,0.610013,0.111777,0.125,92.5484,66.502
22.6918,0.0552233,0.115752,-0.00460194,0.412367,0.63967,0.34986,-0.0705631,0.610013,0.138698,0.0771557,92.5484,66.4765
22.7719,0.0552233,0.115752,-0.00460194,0.412367,0.638136,0.359699,-0.0705631,0.610013,0.153379,0.068884,92.5484,66.4765
22.8519,0.0552233,0.115752,-0.00460194,0.412367,0.63967,0.359989,-0.0705631,0.610013,0.154797,0.0705195,92.5484,66.4765
22.9319,0.0552233,0.115752,-0.00460194,0.412077,0.63967,0.35015,-0.0705631,0.610013,0.155753,0.0685055,92.5484,66.502
23.0119,0.0552233,0.115752,-0.00460194,0.412367,0.638136,0.34986,-0.0705631,0.610013,0.155901,0.0685055,92.5484,66.4765
23.0919,0.0552233,0.115752,-0.00460194,0.412367,0.63967,0.34986,-0.0705631,0.610013,0.156029,0.0682202,92.5484,66.4765
23.1718,0.0552233,0.115752,-0.00460194,0.412367,0.63967,0.357963,-0.0705631,0.610013,0.154848,0.0679632,92.5484,66.4765
23.2518,0.0552233,0.115752,-0.00460194,0.412367,0.63967,0.359989,-0.0705631,0.610013,0.157372,0.0685493,92.5484,66.4765
23.3319,0.0552233,0.115752,-0.00460194,0.412367,0.63967,0.359989,-0.0705631,0.610013,0.157372,0.0679632,92.5484,66.4765
23.4118,0.0552233,0.115752,-0.00460194,0.412077,0.63967,0.359989,-0.0720971,0.610013,0.157461,0.0694262,92.5484,66.502
23.4918,0.0552233,0.115752,-0.00460194,0.412367,0.63967,0.359989,-0.0705631,0.610013,0.156541,0.0679485,92.5484,66.4765
23.5718,0.0552233,0.115752,-0.00460194,0.412367,0.63967,0.359989,-0.0705631,0.618116,0.15663,0.0667608,92.5484,66.4765
23.6518,0.0552233,0.115752,-0.00460194,0.412367,0.63967,0.359989,-0.0705631,0.610013,0.157927,0.0685493,92.5484,66.4765
23.7318,0.0552233,0.115752,-0.00460194,0.412367,0.63967,0.359989,-0.0705631,0.610013,0.156237,0.0691448,92.5484,66.4765
23.8118,0.0552233,0.115752,-0.00460194,0.412367,0.63967,0.359989,-0.0705631,0.619563,0.156506,0.0674463,92.5484,66.4765
23.8918,0.0552233,0.115752,-0.00460194,0.412367,0.63967,0.359989,-0.0705631,0.619563,0.157099,0.0680073,92.5484,66.4765
23.9718,0.0552233,0.115752,-0.00460194,0.412367,0.63967,0.359989,-0.0705631,0.619852,0.157035,0.0674463,92.5484,66.4765
24.0518,0.0552233,0.115752,-0.00460194,0.412367,0.63967,0.359989,-0.0705631,0.631427,0.156506,0.0682495,92.5484,66.4765
24.1318,0.0552233,0.115752,-0.00460194,0.412367,0.63967,0.359989,-0.0705631,0.62998,0.157337,0.0696922,92.5484,66.4765
24.2117,0.0552233,0.115752,-0.00460194,0.412367,0.63967,0.359989,-0.0705631,0.63953,0.156477,0.0694694,92.5484,66.4765
24.2917,0.0552233,0.115752,-0.00460194,0.412367,0.63967,0.359989,-0.0705631,0.640109,0.156541,0.0676905,92.5484,66.4765
24.3718,0.0552233,0.115752,-0.00460194,0.412367,0.63967,0.359989,-0.0705631,0.640109,0.158799,0.0691448,92.5484,66.4765
24.4518,0.0552233,0.115752,-0.00460194,0.412367,0.63967,0.359989,-0.0889709,0.649658,0.157099,0.0683667,92.5484,66.4765
24.5318,0.0552233,0.115752,-0.00460194,0.412367,0.63967,0.359989,-0.0705631,0.677439,0.157372,0.0695557,92.5484,66.4765
24.6118,0.0552233,0.115752,-0.00460194,0.412367,0.63967,0.359989,-0.0705631,0.680043,0.156272,0.0694262,92.5484,66.4765
24.6918,0.0552233,0.115752,-0.00460194,0.412367,0.63967,0.359989,-0.0705631,0.680332,0.157099,0.0691448,92.5484,66.4765
24.7717,0.0552233,0.115752,-0.00460194,0.412367,0.63967,0.359989,-0.0705631,0.689593,0.158723,0.0682202,92.5484,66.4765
24.8518,0.0552233,0.115752,-0.00460194,0.412367,0.630466,0.359989,-0.0705631,0.689882,0.158452,0.0696922,92.5484,66.4765
24.9317,0.0552233,0.115752,-0.00460194,0.412367,0.630466,0.359989,-0.0705631,0.689882,0.158758,0.0694262,92.5484,66.4765
25.0117,0.0552233,0.115752,-0.00460194,0.412367,0.630466,0.359989,-0.0705631,0.689882,0.157864,0.0698212,92.5484,66.4765
25.0918,0.0552233,0.115752,-0.00460194,0.412367,0.630466,0.359989,-0.0705631,0.689882,0.157864,0.0703349,92.5484,66.4765
25.1718,0.0552233,0.115752,-0.00460194,0.412367,0.630466,0.359989,-0.0705631,0.689882,0.157968,0.0691737,92.5484,66.4765
25.2517,0.0552233,0.115752,-0.00460194,0.412367,0.630466,0.359989,-0.0859029,0.689882,0.158846,0.0694262,92.5484,66.4765
25.3317,0.0552233,0.115752,-0.00460194,0.412367,0.630466,0.359989,-0.0705631,0.689882,0.158846,0.0691737,92.5484,66.4765
25.4116,0.0552233,0.115752,-0.00460194,0.412367,0.630466,0.359989,-0.0705631,0.689882,0.158695,0.0674314,92.5484,66.4765
25.4917,0.0552233,0.115752,-0.00460194,0.412367,0.630466,0.359989,-0.0705631,0.689882,0.157968,0.068775,92.5484,66.4765
25.5717,0.0552233,0.115752,-0.00460194,0.412367,0.630466,0.359989,-0.0720971,0.689882,0.157864,0.0680073,92.5484,66.4765
25.6517,0.0552233,0.115752,-0.00460194,0.412367,0.630466,0.359989,-0.0705631,0.689882,0.159556,0.0682202,92.5484,66.4765
25.7317,0.0552233,0.115752,-0.00460194,0.412367,0.630466,0.359989,-0.0705631,0.689882,0.159505,0.0673276,92.5484,66.4765
25.8117,0.0552233,0.115752,-0.00460194,0.412367,0.630466,0.359989,-0.0705631,0.689882,0.158723,0.0679485,92.5484,66.4765
25.8917,0.0552233,0.115752,-0.00460194,0.412367,0.630466,0.359989,-0.0705631,0.689882,0.159878,0.0672978,92.5484,66.4765
25.9717,0.0552233,0.115752,-0.00460194,0.412367,0.630466,0.359989,-0.078233,0.689882,0.160683,0.0666708,92.5484,66.4765
26.0517,0.0552233,0.115752,-0.00460194,0.412367,0.630466,0.368091,-0.0628932,0.689882,0.160683,0.0678601,92.5484,66.4765
26.1317,0.0552233,0.115752,-0.00460194,0.412367,0.630466,0.370117,-0.0705631,0.689882,0.16039,0.0665582,92.5484,66.4765
26.2117,0.0552233,0.115752,-0.00460194,0.412367,0.630466,0.360278,-0.0705631,0.689882,0.160758,0.0657571,92.5484,66.4765
26.2917,0.0552233,0.115752,-0.00460194,0.412367,0.621262,0.368091,-0.0705631,0.689882,0.159794,0.0657571,92.5484,66.4765
26.3716,0.0552233,0.115752,-0.00460194,0.412367,0.630466,0.369538,-0.0705631,0.689882,0.159794,0.0646529,92.5484,66.4765
26.4516,0.0552233,0.115752,-0.00460194,0.412367,0.630466,0.369538,-0.0705631,0.689882,0.158978,0.0660379,92.5484,66.4765
26.5316,0.0552233,0.115752,-0.00460194,0.412367,0.630466,0.370117,-0.0705631,0.689882,0.159816,0.0649384,92.5484,66.4765
26.6116,0.0552233,0.115752,-0.00460194,0.412367,0.630466,0.370117,-0.0705631,0.689882,0.160717,0.0651767,92.5484,66.4765
26.6916,0.0552233,0.115752,-0.00460194,0.412367,0.630466,0.368381,-0.0705631,0.689882,0.159816,0.0642729,92.5484,66.4765
26.7716,0.0552233,0.115752,-0.00460194,0.412367,0.630466,0.370117,-0.0705631,0.689882,0.16096,0.063726,92.5484,66.4765
26.8516,0.0552233,0.115752,-0.00460194,0.412367,0.630466,0.370117,-0.0705631,0.689882,0.159844,0.0649384,92.5484,66.4765
26.9316,0.0552233,0.115752,-0.00460194,0.412367,0.630466,0.370117,-0.0705631,0.689882,0.160758,0.064846,92.5484,66.4765
27.0116,0.0552233,0.115752,-0.00460194,0.412367,0.630466,0.370117,-0.0705631,0.689882,0.159643,0.063726,92.5484,66.4765
27.0916,0.0552233,0.115752,-0.00460194,0.412367,0.630466,0.370117,-0.0705631,0.689882,0.160406,0.0633561,92.5484,66.4765
27.1715,0.0552233,0.115752,-0.00460194,0.412367,0.630466,0.370117,-0.0705631,0.689882,0.160144,0.0638201,92.5484,66.4765
27.2515,0.0552233,0.115752,-0.00460194,0.412367,0.630466,0.370117,-0.0705631,0.680043,0.159609,0.0651613,92.5484,66.4765
27.3315,0.0552233,0.115752,-0.00460194,0.412367,0.630466,0.370117,-0.0705631,0.680043,0.160988,0.0642573,92.5484,66.4765
27.4116,0.0552233,0.115752,-0.00460194,0.412367,0.630466,0.370117,-0.0720971,0.68149,0.160144,0.0648922,92.5484,66.4765
27.4916,0.0552233,0.115752,-0.00460194,0.412367,0.630466,0.370117,-0.0705631,0.680043,0.159302,0.0657723,92.5484,66.4765
27.5715,0.0552233,0.115752,-0.00460194,0.412367,0.630466,0.370117,-0.0705631,0.680043,0.160717,0.0645446,92.5484,66.4765
27.6515,0.0552233,0.115752,-0.00460194,0.412367,0.630466,0.370117,-0.078233,0.680043,0.158411,0.0636318,92.5484,66.4765
27.7316,0.0552233,0.115752,-0.00460194,0.412367,0.630466,0.370117,-0.0705631,0.680043,0.158461,0.0651306,92.5484,66.4765
27.8116,0.0552233,0.115752,-0.00460194,0.412367,0.630466,0.370117,-0.0705631,0.680043,0.162188,0.0640156,92.5484,66.4765
27.8916,0.0552233,0.115752,-0.00460194,0.412367,0.630466,0.370117,-0.0705631,0.680043,0.159878,0.0663777,92.5484,66.4765
27.9716,0.0552233,0.115752,-0.00460194,0.412367,0.630466,0.370117,-0.0705631,0.689593,0.159878,0.0663777,92.5484,66.4765
28.0515,0.0552233,0.115752,-0.00460194,0.412367,0.630466,0.370117,-0.0705631,0.682069,0.159041,0.066468,92.5484,66.4765
28.1315,0.0552233,0.115752,-0.00460194,0.412367,0.630466,0.370117,-0.078233,0.688146,0.158247,0.0661135,92.5484,66.4765
28.2115,0.0552233,0.115752,-0.00460194,0.412367,0.630466,0.370117,-0.0705631,0.689882,0.15959,0.0659242,92.5484,66.4765
28.2915,0.0552233,0.115752,-0.00460194,0.412367,0.630466,0.370117,-0.0705631,0.688435,0.158206,0.0665132,92.5484,66.4765
28.3716,0.0552233,0.115752,-0.00460194,0.412367,0.630466,0.370117,-0.0705631,0.689882,0.157892,0.065582,92.5484,66.4765
28.4515,0.0552233,0.115752,-0.00460194,0.412367,0.630466,0.370117,-0.0705631,0.689882,0.159006,0.0671565,92.5484,66.4765
28.5315,0.0552233,0.115752,-0.00460194,0.412367,0.630466,0.370117,-0.0705631,0.680043,0.158171,0.0691158,92.5484,66.4765
28.6115,0.0552233,0.115752,-0.00460194,0.412367,0.630466,0.370117,-0.0705631,0.680043,0.158723,0.0682495,92.5484,66.4765
28.6915,0.0552233,0.115752,-0.00460194,0.412367,0.630466,0.370117,-0.0705631,0.680043,0.159556,0.0667907,92.5484,66.4765
28.7715,0.0552233,0.115752,-0.00460194,0.412367,0.630466,0.370117,-0.0705631,0.680043,0.158723,0.0667608,92.5484,66.4765
28.8515,0.0552233,0.115752,-0.00460194,0.412367,0.630466,0.370117,-0.0705631,0.680043,0.158846,0.0682495,92.5484,66.4765
28.9315,0.0552233,0.115752,-0.00460194,0.412367,0.630466,0.370117,-0.0705631,0.680332,0.158758,0.0671863,92.5484,66.4765
29.0115,0.0552233,0.115752,-0.00460194,0.412367,0.630466,0.370117,-0.0705631,0.680043,0.157927,0.0688041,92.5484,66.4765
29.0915,0.0552233,0.115752,-0.00460194,0.412367,0.630466,0.370117,-0.0705631,0.68149,0.158723,0.0692315,92.5484,66.4765
29.1715,0.0552233,0.115752,-0.00460194,0.412367,0.630466,0.370117,-0.0705631,0.680043,0.15714,0.0682202,92.5484,66.4765
29.2515,0.0552233,0.115752,-0.00460194,0.412367,0.630466,0.370117,-0.0705631,0.680043,0.158723,0.0688622,92.5484,66.4765
29.3315,0.0552233,0.115752,-0.00460194,0.412367,0.630466,0.370117,-0.0705631,0.680043,0.160941,0.0692315,92.5484,66.4765
29.4114,0.0552233,0.115752,-0.00460194,0.412367,0.630466,0.370117,-0.0705631,0.680043,0.158723,0.0688767,92.5484,66.4765
29.4915,0.0552233,0.115752,-0.00460194,0.412367,0.630466,0.370117,-0.078233,0.680043,0.158846,0.070157,92.5484,66.4765
29.5714,0.0552233,0.115752,-0.00460194,0.412367,0.630466,0.370117,-0.0705631,0.678307,0.157927,0.0685055,92.5484,66.4765
29.6514,0.0552233,0.115752,-0.00460194,0.412367,0.630466,0.370117,-0.0705631,0.680043,0.157892,0.0688912,92.5484,66.4765
29.7314,0.0552233,0.115752,-0.00460194,0.412367,0.630466,0.370117,-0.0736311,0.680043,0.159631,0.0691737,92.5484,66.4765
29.8114,0.0552233,0.115752,-0.00460194,0.412367,0.630466,0.370117,-0.0705631,0.680043,0.157064,0.0688912,92.5484,66.4765
29.8914,0.0552233,0.115752,-0.00460194,0.412367,0.630466,0.370117,-0.078233,0.680043,0.158575,0.0697209,92.5484,66.4765
29.9714,0.0552233,0.115752,-0.00460194,0.412367,0.630466,0.371564,-0.0705631,0.680043,0.158723,0.0687095,92.5484,66.4765
30.0515,0.0552233,0.115752,-0.00460194,0.412367,0.630466,0.370117,-0.0705631,0.680043,0.158487,0.0682495,92.5484,66.4765
30.1315,0.0552233,0.115752,-0.00460194,0.412367,0.630466,0.379956,-0.0705631,0.679754,0.158799,0.0698642,92.5484,66.4765
30.2115,0.0552233,0.115752,-0.00460194,0.412367,0.630466,0.379956,-0.0705631,0.680043,0.158723,0.0686222,92.5484,66.4765
30.2915,0.0552233,0.115752,-0.00460194,0.412367,0.630466,0.379956,-0.0720971,0.680043,0.158487,0.0694262,92.5484,66.4765
30.3715,0.0552233,0.115752,-0.00460194,0.412367,0.632,0.379956,-0.0705631,0.680043,0.157968,0.0694262,92.5484,66.4765
30.4515,0.0552233,0.115752,-0.00460194,0.412367,0.630466,0.379956,-0.0705631,0.680043,0.158758,0.0697209,92.5484,66.4765
30.5315,0.0552233,0.115752,-0.00460194,0.412367,0.630466,0.379956,-0.0705631,0.680043,0.158799,0.0691737,92.5484,66.4765
30.6115,0.0552233,0.115752,-0.00460194,0.412367,0.630466,0.379956,-0.0705631,0.680043,0.158758,0.0688767,92.5484,66.4765
30.6915,0.0552233,0.115752,-0.00460194,0.412367,0.630466,0.379956,-0.0705631,0.680043,0.15928,0.0694262,92.5484,66.4765
30.7714,0.0552233,0.115752,-0.00460194,0.412367,0.630466,0.379956,-0.0705631,0.680043,0.157702,0.0692315,92.5484,66.4765
30.8514,0.0552233,0.115752,-0.00460194,0.412367,0.630466,0.371564,-0.0705631,0.680043,0.158487,0.0686513,92.5484,66.4765
30.9315,0.0552233,0.115752,-0.00460194,0.412367,0.630466,0.370117,-0.0705631,0.680043,0.15928,0.0689348,92.5484,66.4765
31.0114,0.0552233,0.115752,-0.00460194,0.412367,0.630466,0.370117,-0.0705631,0.680043,0.158758,0.0691737,92.5484,66.4765
31.0914,0.0552233,0.115752,-0.00460194,0.412367,0.630466,0.370117,-0.0705631,0.680043,0.159355,0.0698212,92.5484,66.4765
31.1715,0.0552233,0.115752,-0.00460194,0.412367,0.630466,0.370117,-0.0705631,0.680043,0.158758,0.0703918,92.5484,66.4765
31.2514,0.0552233,0.115752,-0.00460194,0.412367,0.630466,0.370117,-0.0705631,0.680043,0.159314,0.0698212,92.5484,66.4765
31.3314,0.0552233,0.115752,-0.00460194,0.412367,0.630466,0.370117,-0.0705631,0.680043,0.157661,0.0700286,92.5484,66.4765
31.4114,0.0552233,0.115752,-0.00460194,0.412367,0.630466,0.370117,-0.0705631,0.680043,0.158575,0.0698212,92.5484,66.4765
31.4914,0.0552233,0.115752,-0.00460194,0.412367,0.630466,0.37793,-0.078233,0.680043,0.158452,0.0688767,92.5484,66.4765
31.5714,0.0552233,0.115752,-0.00460194,0.412367,0.630466,0.379667,-0.0613592,0.680043,0.158723,0.0700999,92.5484,66.4765
31.6514,0.0552233,0.115752,-0.00460194,0.412367,0.630466,0.379956,-0.078233,0.680043,0.158758,0.0694262,92.5484,66.4765
31.7314,0.0552233,0.115752,-0.00460194,0.412367,0.630466,0.379667,-0.0690291,0.680043,0.157598,0.0700999,92.5484,66.4765
31.8113,0.0552233,0.115752,-0.00460194,0.412367,0.630466,0.379956,-0.0690291,0.680043,0.159355,0.0691737,92.5484,66.4765
31.8914,0.0552233,0.115752,-0.00460194,0.412367,0.630466,0.379956,-0.0705631,0.680043,0.158799,0.0686222,92.5484,66.4765
31.9713,0.0552233,0.115752,-0.00460194,0.412367,0.630466,0.379956,-0.078233,0.680043,0.159402,0.0698212,92.5484,66.4765
32.0514,0.0552233,0.115752,-0.00460194,0.412367,0.630466,0.379956,-0.0705631,0.680043,0.159355,0.0687095,92.5484,66.4765
32.1314,0.0552233,0.115752,-0.00460194,0.412367,0.630466,0.379956,-0.0720971,0.670493,0.158528,0.0691448,92.5484,66.4765
32.2113,0.0552233,0.115752,-0.00460194,0.412367,0.630466,0.379956,-0.0859029,0.680043,0.158799,0.0692315,92.5484,66.4765
32.2913,0.0552233,0.115752,-0.00460194,0.412367,0.630466,0.379956,-0.0705631,0.680043,0.158758,0.0672756,92.5484,66.4765
32.3713,0.0552233,0.115752,-0.00460194,0.412367,0.630466,0.379956,-0.0705631,0.680043,0.158723,0.0692315,92.5484,66.4765
32.4513,0.0552233,0.115752,-0.00460194,0.412367,0.630466,0.379956,-0.0705631,0.680043,0.158799,0.0672161,92.5484,66.4765
32.5313,0.0552233,0.115752,-0.00460194,0.412367,0.630466,0.379956,-0.0705631,0.680043,0.159556,0.0667608,92.5484,66.4765
32.6114,0.0552233,0.115752,-0.00460194,0.412367,0.630466,0.378509,-0.0705631,0.680043,0.158758,0.0673869,92.5484,66.4765
32.6913,0.0552233,0.115752,-0.00460194,0.412367,0.630466,0.371564,-0.0705631,0.680043,0.158846,0.065582,92.5484,66.4765
32.7713,0.0552233,0.115752,-0.00460194,0.412367,0.630466,0.370406,-0.0705631,0.680043,0.159251,0.0672978,92.5484,66.4765
32.8513,0.0552233,0.115752,-0.00460194,0.412367,0.630466,0.371853,-0.0705631,0.680043,0.159844,0.0667907,92.5484,66.4765
32.9313,0.0552233,0.115752,-0.00460194,0.412367,0.630466,0.37822,-0.0705631,0.680043,0.158799,0.0669776,92.5484,66.4765
33.0113,0.0552233,0.115752,-0.00460194,0.412367,0.628932,0.379956,-0.0705631,0.680043,0.16039,0.0661135,92.5484,66.4765
33.0913,0.0552233,0.115752,-0.00460194,0.412367,0.630466,0.379956,-0.0705631,0.680043,0.159919,0.0661135,92.5484,66.4765
33.1713,0.0552233,0.115752,-0.00460194,0.412367,0.630466,0.370406,-0.0705631,0.680043,0.160362,0.065192,92.5484,66.4765
33.2513,0.0552233,0.115752,-0.00460194,0.412367,0.630466,0.379956,-0.0705631,0.678307,0.160362,0.067082,92.5484,66.4765
33.3313,0.0552233,0.115752,-0.00460194,0.412367,0.630466,0.379956,-0.0720971,0.678307,0.159631,0.0663777,92.5484,66.4765
33.4113,0.0552233,0.115752,-0.00460194,0.412367,0.630466,0.379956,-0.0705631,0.678017,0.159816,0.065192,92.5484,66.4765
33.4912,0.0552233,0.115752,-0.00460194,0.412367,0.630466,0.379956,-0.0705631,0.670493,0.161022,0.065192,92.5484,66.4765
33.5712,0.0552233,0.115752,-0.00460194,0.412367,0.630466,0.379956,-0.0705631,0.67194,0.160683,0.0649076,92.5484,66.4765
33.6512,0.0552233,0.115752,-0.00460194,0.412367,0.630466,0.379956,-0.0720971,0.670204,0.159082,0.0634508,92.5484,66.4765
33.7313,0.0552233,0.115752,-0.00460194,0.412367,0.630466,0.379956,-0.0705631,0.679754,0.159919,0.0634035,92.5484,66.4765
33.8113,0.0552233,0.115752,-0.00460194,0.412367,0.630466,0.379956,-0.0705631,0.680043,0.159377,0.062522,92.5484,66.4765
33.8913,0.0552233,0.115752,-0.00460194,0.412367,0.630466,0.379956,-0.0705631,0.678307,0.161022,0.0634035,92.5484,66.4765
33.9712,0.0552233,0.115752,-0.00460194,0.412367,0.630466,0.379956,-0.0720971,0.678307,0.159844,0.063726,92.5484,66.4765
34.0513,0.0552233,0.115752,-0.00460194,0.412367,0.630466,0.379956,-0.0705631,0.679754,0.158956,0.0633404,92.5484,66.4765
34.1313,0.0552233,0.115752,-0.00460194,0.412367,0.630466,0.379956,-0.0705631,0.679754,0.161022,0.0628013,92.5484,66.4765
34.2112,0.0552233,0.115752,-0.00460194,0.412367,0.630466,0.379956,-0.0720971,0.678307,0.160758,0.064846,92.5484,66.4765
34.2912,0.0552233,0.115752,-0.00460194,0.412367,0.630466,0.379956,-0.0705631,0.680043,0.160683,0.0640781,92.5484,66.4765
34.3712,0.0552233,0.115752,-0.00460194,0.412367,0.630466,0.379956,-0.0705631,0.680043,0.159041,0.0638514,92.5484,66.4765
34.4512,0.0552233,0.115752,-0.00460194,0.412367,0.630466,0.379956,-0.0705631,0.680043,0.160424,0.0630635,92.5484,66.4765
34.5312,0.0552233,0.115752,-0.00460194,0.412367,0.630466,0.379956,-0.0705631,0.680043,0.159844,0.0658787,92.5484,66.4765
34.6111,0.0552233,0.115752,-0.00460194,0.412367,0.630466,0.379956,-0.0705631,0.680043,0.159082,0.0642729,92.5484,66.4765
34.6911,0.0552233,0.115752,-0.00460194,0.412367,0.630466,0.379956,-0.0705631,0.679754,0.160424,0.065238,92.5484,66.4765
34.7712,0.0552233,0.115752,-0.00460194,0.412367,0.630466,0.379956,-0.0705631,0.679754,0.159082,0.066468,92.5484,66.4765
34.8512,0.0552233,0.115752,-0.00460194,0.412367,0.630466,0.379956,-0.0705631,0.678307,0.159844,0.0664078,92.5484,66.4765
34.9312,0.0552233,0.115752,-0.00460194,0.412367,0.630466,0.379956,-0.0705631,0.678017,0.159556,0.0653146,92.5484,66.4765
35.0112,0.0552233,0.115752,-0.00460194,0.412367,0.630466,0.379956,-0.0705631,0.680043,0.15959,0.0658635,92.5484,66.4765
35.0912,0.0552233,0.115752,-0.00460194,0.412367,0.630466,0.379956,-0.0720971,0.671651,0.158723,0.0666708,92.5484,66.4765
35.1712,0.0552233,0.115752,-0.00460194,0.412367,0.630466,0.379956,-0.078233,0.679754,0.158799,0.0659242,92.5484,66.4765
35.2512,0.0552233,0.115752,-0.00460194,0.412367,0.630466,0.379956,-0.0720971,0.680043,0.159678,0.0659242,92.5484,66.4765
35.3311,0.0552233,0.115752,-0.00460194,0.412367,0.630466,0.379956,-0.0705631,0.67194,0.158723,0.0664078,92.5484,66.4765
35.4111,0.0552233,0.115752,-0.00460194,0.412367,0.630466,0.379956,-0.0705631,0.680043,0.158799,0.0643817,92.5484,66.4765
35.4911,0.0552233,0.115752,-0.00460194,0.412367,0.630466,0.379956,-0.0705631,0.680043,0.158799,0.0667608,92.5484,66.4765
35.5711,0.0552233,0.115752,-0.00460194,0.412367,0.630466,0.379956,-0.078233,0.67194,0.15959,0.0673869,92.5484,66.4765
35.6511,0.0552233,0.115752,-0.00460194,0.412367,0.630466,0.379956,-0.0705631,0.680043,0.157927,0.0662797,92.5484,66.4765
35.7311,0.0552233,0.115752,-0.00460194,0.412367,0.630466,0.379956,-0.078233,0.680043,0.158575,0.0673276,92.5484,66.4765
35.8112,0.0552233,0.115752,-0.00460194,0.412367,0.630466,0.379956,-0.0705631,0.680043,0.15959,0.0677052,92.5484,66.4765
35.8912,0.0552233,0.115752,-0.00460194,0.412367,0.630466,0.379956,-0.0705631,0.680043,0.159355,0.0667907,92.5484,66.4765
35.9712,0.0552233,0.115752,-0.00460194,0.412367,0.630466,0.379956,-0.0705631,0.680043,0.158452,0.0689348,92.5484,66.4765
36.0511,0.0552233,0.115752,-0.00460194,0.412367,0.630466,0.379956,-0.0705631,0.680043,0.158846,0.0685493,92.5484,66.4765
36.1311,0.0552233,0.115752,-0.00460194,0.412367,0.630466,0.379956,-0.0705631,0.680043,0.158487,0.0680073,92.5484,66.4765
36.2111,0.0552233,0.115752,-0.00460194,0.412367,0.630466,0.379956,-0.0705631,0.680043,0.159314,0.0683081,92.5484,66.4765
36.2911,0.0552233,0.115752,-0.00460194,0.412367,0.630466,0.379956,-0.0736311,0.680043,0.157892,0.067779,92.5484,66.4765
36.3711,0.0552233,0.115752,-0.00460194,0.412367,0.630466,0.379956,-0.0705631,0.680043,0.158528,0.0684251,92.5484,66.4765
36.4511,0.0552233,0.115752,-0.00460194,0.412367,0.630466,0.379956,-0.078233,0.680043,0.15714,0.0687095,92.5484,66.4765
36.5311,0.0552233,0.115752,-0.00460194,0.412367,0.630466,0.379956,-0.0705631,0.680043,0.156272,0.0691737,92.5484,66.4765
36.6111,0.0552233,0.115752,-0.00460194,0.412367,0.630466,0.379956,-0.0705631,0.680043,0.15775,0.0681542,92.5484,66.4765
36.6911,0.0552233,0.115752,-0.00460194,0.412367,0.630466,0.379956,-0.0705631,0.680043,0.158575,0.0679632,92.5484,66.4765
36.7711,0.0552233,0.115752,-0.00460194,0.412367,0.630466,0.379956,-0.0705631,0.680043,0.157661,0.0694694,92.5484,66.4765
36.8511,0.0552233,0.115752,-0.00460194,0.412367,0.630466,0.379956,-0.0705631,0.680043,0.157661,0.0689348,92.5484,66.4765
36.931,0.0552233,0.115752,-0.00460194,0.412367,0.630466,0.379956,-0.0705631,0.680043,0.157927,0.0680073,92.5484,66.4765
37.0111,0.0552233,0.115752,-0.00460194,0.412367,0.630466,0.379956,-0.0705631,0.680043,0.158758,0.0689348,92.5484,66.4765
37.0911,0.0552233,0.115752,-0.00460194,0.412367,0.630466,0.379956,-0.0705631,0.680043,0.157927,0.0688912,92.5484,66.4765
37.1711,0.0552233,0.115752,-0.00460194,0.412367,0.630466,0.379956,-0.0705631,0.680043,0.158487,0.0686513,92.5484,66.4765
37.251,0.0552233,0.115752,-0.00460194,0.412367,0.630466,0.379956,-0.0705631,0.680043,0.157661,0.0683813,92.5484,66.4765
37.3311,0.0552233,0.115752,-0.00460194,0.412367,0.630466,0.379956,-0.0705631,0.680043,0.160231,0.0686513,92.5484,66.4765
37.411,0.0552233,0.115752,-0.00460194,0.412367,0.630466,0.379956,-0.0705631,0.680043,0.158452,0.0686513,92.5484,66.4765
37.491,0.0552233,0.115752,-0.00460194,0.412367,0.630466,0.379956,-0.0705631,0.680043,0.159314,0.0687095,92.5484,66.4765
37.571,0.0552233,0.115752,-0.00460194,0.412367,0.630466,0.379956,-0.0705631,0.678307,0.158452,0.0686513,92.5484,66.4765
37.6511,0.0552233,0.115752,-0.00460194,0.412367,0.630466,0.379956,-0.0705631,0.680043,0.158487,0.0686513,92.5484,66.4765
37.7311,0.0552233,0.115752,-0.00460194,0.412367,0.630466,0.379956,-0.0705631,0.680043,0.158487,0.0689348,92.5484,66.4765
37.8111,0.0552233,0.115752,-0.00460194,0.412367,0.630466,0.379956,-0.0705631,0.680043,0.157892,0.0689348,92.5484,66.4765
37.891,0.0552233,0.115752,-0.00460194,0.412367,0.630466,0.379956,-0.0705631,0.680043,0.157892,0.0686513,92.5484,66.4765
37.9711,0.0552233,0.115752,-0.00460194,0.412367,0.630466,0.379956,-0.0705631,0.680043,0.157892,0.0684251,92.5484,66.4765
38.051,0.0552233,0.115752,-0.00460194,0.412367,0.630466,0.379956,-0.0705631,0.680043,0.157927,0.0699357,92.5484,66.4765
38.131,0.0552233,0.115752,-0.00460194,0.412367,0.630466,0.379956,-0.0705631,0.680043,0.157626,0.0699357,92.5484,66.4765
38.211,0.0552233,0.115752,-0.00460194,0.412367,0.630466,0.379956,-0.0705631,0.680043,0.158487,0.0698642,92.5484,66.4765
38.291,0.0552233,0.115752,-0.00460194,0.412367,0.630466,0.379956,-0.0705631,0.679754,0.15928,0.0689348,92.5484,66.4765
38.371,0.0552233,0.115752,-0.00460194,0.412367,0.630466,0.379956,-0.0705631,0.678307,0.158528,0.0683813,92.5484,66.4765
38.451,0.0552233,0.115752,-0.00460194,0.412367,0.630466,0.379956,-0.078233,0.680043,0.158528,0.070157,92.5484,66.4765
38.531,0.0552233,0.115752,-0.00460194,0.412367,0.630466,0.379956,-0.0705631,0.680043,0.158452,0.0694694,92.5484,66.4765
38.611,0.0552233,0.115752,-0.00460194,0.412367,0.630466,0.379956,-0.0690291,0.680043,0.158487,0.0689348,92.5484,66.4765
38.6911,0.0552233,0.115752,-0.00460194,0.412367,0.630466,0.379956,-0.0705631,0.680043,0.15905,0.0710845,92.5484,66.4765
38.771,0.0552233,0.115752,-0.00460194,0.412367,0.630466,0.379956,-0.0705631,0.680043,0.157661,0.0689348,92.5484,66.4765
38.8509,0.0552233,0.115752,-0.00460194,0.412367,0.630466,0.379956,-0.0705631,0.68149,0.15928,0.0684251,92.5484,66.4765
38.9309,0.0552233,0.115752,-0.00460194,0.412367,0.630466,0.379956,-0.0705631,0.680043,0.158452,0.0688912,92.5484,66.4765
39.0109,0.0552233,0.115752,-0.00460194,0.412367,0.630466,0.379956,-0.0613592,0.680043,0.159841,0.0689348,92.5484,66.4765
39.0909,0.0552233,0.115752,-0.00460194,0.412367,0.630466,0.379956,-0.0705631,0.688146,0.157702,0.0686513,92.5484,66.4765
39.1709,0.0552233,0.115752,-0.00460194,0.412367,0.630466,0.379956,-0.0705631,0.689882,0.158228,0.0691737,92.5484,66.4765
39.2509,0.0552233,0.115752,-0.00460194,0.412367,0.630466,0.379956,-0.0705631,0.689882,0.160144,0.067779,92.5484,66.4765
39.3309,0.0552233,0.115752,-0.00460194,0.412367,0.630466,0.379956,-0.0705631,0.689882,0.159841,0.0667907,92.5484,66.4765
39.411,0.0552233,0.115752,-0.00460194,0.412367,0.630466,0.379956,-0.0705631,0.688435,0.159314,0.0674907,92.5484,66.4765
39.491,0.0552233,0.115752,-0.00460194,0.412367,0.630466,0.379956,-0.0705631,0.688435,0.158423,0.06772,92.5484,66.4765
39.5709,0.0552233,0.115752,-0.00460194,0.412367,0.630466,0.379956,-0.0705631,0.682069,0.157661,0.0661135,92.5484,66.4765
39.6509,0.0552233,0.115752,-0.00460194,0.412367,0.630466,0.379956,-0.078233,0.689882,0.160975,0.067587,92.5484,66.4765
39.7309,0.0552233,0.115752,-0.00460194,0.412367,0.630466,0.379956,-0.0720971,0.680332,0.160144,0.0682495,92.5484,66.4765
39.8109,0.0552233,0.115752,-0.00460194,0.412367,0.630466,0.379956,-0.0705631,0.688146,0.160184,0.0667907,92.5484,66.4765
39.891,0.0552233,0.115752,-0.00460194,0.412367,0.630466,0.379956,-0.0705631,0.688435,0.160941,0.0650769,92.5484,66.4765
39.971,0.0552233,0.115752,-0.00460194,0.412367,0.630466,0.379956,-0.0705631,0.689882,0.160109,0.0673276,92.5484,66.4765
40.0509,0.0552233,0.115752,-0.00460194,0.412367,0.630466,0.379956,-0.0705631,0.689593,0.16039,0.0656277,92.5484,66.4765
40.1309,0.0552233,0.115752,-0.00460194,0.412367,0.628932,0.379956,-0.0705631,0.689882,0.15959,0.065238,92.5484,66.4765
40.2109,0.0552233,0.115752,-0.00460194,0.412367,0.630466,0.379956,-0.078233,0.689882,0.15959,0.0655515,92.5484,66.4765
40.2909,0.0552233,0.115752,-0.00460194,0.412367,0.630466,0.379956,-0.0705631,0.688435,0.160717,0.0639844,92.5484,66.4765
40.3709,0.0552233,0.115752,-0.00460194,0.412367,0.630466,0.379956,-0.0705631,0.680332,0.161558,0.0654905,92.5484,66.4765
40.4509,0.0552233,0.115752,-0.00460194,0.412367,0.630466,0.379956,-0.0705631,0.680043,0.160465,0.066468,92.5484,66.4765
40.5309,0.0552233,0.115752,-0.00460194,0.412367,0.630466,0.379956,-0.0705631,0.689882,0.160683,0.0640781,92.5484,66.4765
40.6109,0.0552233,0.115752,-0.00460194,0.412367,0.630466,0.379956,-0.0705631,0.688435,0.16039,0.0643195,92.5484,66.4765
40.6908,0.0552233,0.115752,-0.00460194,0.412367,0.630466,0.379956,-0.0705631,0.682069,0.160424,0.0655515,92.5484,66.4765
40.7709,0.0552233,0.115752,-0.00460194,0.412367,0.638136,0.379956,-0.0705631,0.689882,0.159844,0.065238,92.5484,66.4765
40.8509,0.0552233,0.115752,-0.00460194,0.412367,0.630466,0.379956,-0.0705631,0.682069,0.160424,0.0646993,92.5484,66.4765
40.9309,0.0552233,0.115752,-0.00460194,0.412367,0.621262,0.379956,-0.0690291,0.682069,0.159878,0.0648922,92.5484,66.4765
41.0109,0.0552233,0.115752,-0.00460194,0.412367,0.627398,0.379956,-0.0705631,0.689593,0.160465,0.063773,92.5484,66.4765
41.0909,0.0552233,0.115752,-0.00460194,0.412367,0.638136,0.379956,-0.0628932,0.688146,0.159041,0.0643195,92.5484,66.4765
41.1708,0.0552233,0.115752,-0.00460194,0.412367,0.630466,0.379956,-0.0705631,0.688435,0.158758,0.0640781,92.5484,66.4765
41.2508,0.0552233,0.115752,-0.00460194,0.412367,0.630466,0.379956,-0.0705631,0.689882,0.160144,0.0654905,92.5484,66.4765
41.3309,0.0552233,0.115752,-0.00460194,0.412367,0.630466,0.379956,-0.0705631,0.689593,0.160683,0.0640781,92.5484,66.4765
41.4109,0.0552233,0.115752,-0.00460194,0.412367,0.630466,0.379956,-0.0705631,0.689882,0.160109,0.065,92.5484,66.4765
41.4908,0.0552233,0.115752,-0.00460194,0.412367,0.630466,0.379956,-0.0705631,0.689882,0.158723,0.0649384,92.5484,66.4765
41.5707,0.0552233,0.115752,-0.00460194,0.412367,0.630466,0.388059,-0.0705631,0.689882,0.158846,0.0656277,92.5484,66.4765
41.6508,0.0552233,0.115752,-0.00460194,0.412367,0.630466,0.388348,-0.0705631,0.689882,0.157099,0.0656277,92.5484,66.4765
41.7308,0.0552233,0.115752,-0.00460194,0.412367,0.630466,0.388348,-0.0705631,0.680332,0.159556,0.0673869,92.5484,66.4765
41.8109,0.0552233,0.115752,-0.00460194,0.412367,0.630466,0.389795,-0.0705631,0.689882,0.158487,0.0679632,92.5484,66.4765
41.8908,0.0552233,0.115752,-0.00460194,0.412367,0.630466,0.390084,-0.0705631,0.682069,0.15928,0.0680808,92.5484,66.4765
41.9708,0.0552233,0.115752,-0.00460194,0.412367,0.630466,0.388348,-0.0705631,0.682069,0.160184,0.067779,92.5484,66.4765
42.0508,0.0552233,0.115752,-0.00460194,0.412367,0.630466,0.390084,-0.0705631,0.689882,0.159875,0.0674907,92.5484,66.4765
42.1308,0.0552233,0.115752,-0.00460194,0.412367,0.630466,0.390084,-0.0690291,0.689882,0.15905,0.0682495,92.5484,66.4765
42.2108,0.0552233,0.115752,-0.00460194,0.412367,0.630466,0.390084,-0.0705631,0.680043,0.159016,0.0683081,92.5484,66.4765
42.2908,0.0552233,0.115752,-0.00460194,0.412367,0.630466,0.390084,-0.078233,0.680043,0.15905,0.0679632,92.5484,66.4765
42.3708,0.0552233,0.115752,-0.00460194,0.412367,0.630466,0.390084,-0.0705631,0.680332,0.15905,0.0680808,92.5484,66.4765
42.4507,0.0552233,0.115752,-0.00460194,0.412367,0.630466,0.390084,-0.0720971,0.68149,0.159659,0.0689348,92.5484,66.4765
42.5307,0.0552233,0.115752,-0.00460194,0.412367,0.630466,0.390084,-0.0690291,0.680043,0.159841,0.0686513,92.5484,66.4765
42.6107,0.0552233,0.115752,-0.00460194,0.412367,0.630466,0.390084,-0.0720971,0.680043,0.159091,0.0674907,92.5484,66.4765
42.6908,0.0552233,0.115752,-0.00460194,0.412367,0.628932,0.390084,-0.0720971,0.680043,0.160742,0.0682495,92.5484,66.4765
42.7707,0.0552233,0.115752,-0.00460194,0.412367,0.630466,0.390084,-0.0705631,0.680043,0.158228,0.0684251,92.5484,66.4765
42.8507,0.0552233,0.115752,-0.00460194,0.412367,0.630466,0.390084,-0.0613592,0.680043,0.158487,0.0692315,92.5484,66.4765
42.9307,0.0552233,0.115752,-0.00460194,0.412367,0.630466,0.390084,-0.0705631,0.680043,0.159016,0.0686513,92.5484,66.4765
43.0107,0.0552233,0.115752,-0.00460194,0.412367,0.630466,0.390084,-0.0705631,0.680043,0.159314,0.0689348,92.5484,66.4765
43.0907,0.0552233,0.115752,-0.00460194,0.412367,0.630466,0.390084,-0.0720971,0.680043,0.159016,0.0688912,92.5484,66.4765
43.1707,0.0552233,0.115752,-0.00460194,0.412367,0.630466,0.390084,-0.0705631,0.680043,0.159016,0.070157,92.5484,66.4765
43.2507,0.0552233,0.115752,-0.00460194,0.412367,0.630466,0.390084,-0.0705631,0.680043,0.15905,0.0698212,92.5484,66.4765
43.3307,0.0552233,0.115752,-0.00460194,0.412367,0.630466,0.390084,-0.0705631,0.680043,0.159091,0.0695557,92.5484,66.4765
43.4107,0.0552233,0.115752,-0.00460194,0.412367,0.630466,0.390084,-0.0705631,0.680043,0.15905,0.070157,92.5484,66.4765
43.4907,0.0552233,0.115752,-0.00460194,0.412367,0.630466,0.390084,-0.0705631,0.680043,0.15905,0.0688912,92.5484,66.4765
43.5707,0.0552233,0.115752,-0.00460194,0.412367,0.630466,0.390084,-0.0705631,0.680043,0.160481,0.0698642,92.5484,66.4765
43.6507,0.0552233,0.115752,-0.00460194,0.412367,0.630466,0.390084,-0.0705631,0.680043,0.158228,0.0688912,92.5484,66.4765
43.7307,0.0552233,0.115752,-0.00460194,0.412367,0.630466,0.390084,-0.0705631,0.680043,0.159091,0.0686513,92.5484,66.4765
43.8107,0.0552233,0.115752,-0.00460194,0.412367,0.630466,0.390084,-0.0705631,0.680043,0.158228,0.069728,92.5484,66.4765
43.8907,0.0552233,0.115752,-0.00460194,0.412367,0.630466,0.390084,-0.0705631,0.680043,0.159016,0.0698642,92.5484,66.4765
43.9707,0.0552233,0.115752,-0.00460194,0.412367,0.630466,0.390084,-0.0705631,0.670493,0.159091,0.0695845,92.5484,66.4765
44.0507,0.0552233,0.115752,-0.00460194,0.412367,0.630466,0.390084,-0.0705631,0.669915,0.157407,0.0689348,92.5484,66.4765
44.1307,0.0552233,0.115752,-0.00460194,0.412367,0.630466,0.390084,-0.0705631,0.670204,0.158487,0.0693614,92.5484,66.4765
44.2107,0.0552233,0.115752,-0.00460194,0.412367,0.630466,0.390084,-0.0705631,0.678017,0.159875,0.0696419,92.5484,66.4765
44.2906,0.0552233,0.115752,-0.00460194,0.412367,0.636602,0.390084,-0.0859029,0.670204,0.159138,0.0695845,92.5484,66.4765
44.3707,0.0552233,0.115752,-0.00460194,0.412367,0.630466,0.390084,-0.0705631,0.671651,0.15905,0.0698642,92.5484,66.4765
44.4507,0.0552233,0.115752,-0.00460194,0.412367,0.630466,0.390084,-0.0705631,0.670204,0.159875,0.0710845,92.5484,66.4765
44.5307,0.0552233,0.115752,-0.00460194,0.412367,0.630466,0.390084,-0.0705631,0.678017,0.15905,0.0702567,92.5484,66.4765
44.6107,0.0552233,0.115752,-0.00460194,0.412367,0.630466,0.390084,-0.0705631,0.678307,0.159841,0.0695845,92.5484,66.4765
44.6907,0.0552233,0.115752,-0.00460194,0.412367,0.630466,0.390084,-0.0705631,0.670204,0.159138,0.0693614,92.5484,66.4765
44.7706,0.0552233,0.115752,-0.00460194,0.412367,0.630466,0.390084,-0.0705631,0.669915,0.158193,0.0695845,92.5484,66.4765
44.8506,0.0552233,0.115752,-0.00460194,0.412367,0.630466,0.390084,-0.0705631,0.678017,0.15884,0.0710282,92.5484,66.4765
44.9306,0.0552233,0.115752,-0.00460194,0.412367,0.630466,0.390084,-0.0705631,0.670493,0.159016,0.0707955,92.5484,66.4765
45.0106,0.0552233,0.115752,-0.00460194,0.412367,0.630466,0.390084,-0.0705631,0.669915,0.158228,0.0700999,92.5484,66.4765
45.0907,0.0552233,0.115752,-0.00460194,0.412367,0.630466,0.390084,-0.0705631,0.67194,0.158799,0.0700928,92.5484,66.4765
45.1706,0.0552233,0.115752,-0.00460194,0.412367,0.630466,0.390084,-0.0705631,0.669915,0.159618,0.0710282,92.5484,66.4765
45.2506,0.0552233,0.115752,-0.00460194,0.412367,0.630466,0.390084,-0.0705631,0.678307,0.158736,0.0707955,92.5484,66.4765
45.3306,0.0552233,0.115752,-0.00460194,0.412367,0.630466,0.390084,-0.0705631,0.670204,0.159618,0.0705762,92.5484,66.4765
45.4106,0.0552233,0.115752,-0.00460194,0.412367,0.630466,0.390084,-0.0705631,0.669915,0.159584,0.0707955,92.5484,66.4765
45.4906,0.0552233,0.115752,-0.00460194,0.412367,0.630466,0.390084,-0.0705631,0.678307,0.158764,0.0696419,92.5484,66.4765
45.5706,0.0552233,0.115752,-0.00460194,0.412367,0.630466,0.390084,-0.0705631,0.670204,0.159584,0.0716868,92.5484,66.4765
45.6506,0.0552233,0.115752,-0.00460194,0.412367,0.630466,0.390084,-0.0705631,0.670204,0.159618,0.0693181,92.5484,66.4765
45.7306,0.0552233,0.115752,-0.00460194,0.412367,0.630466,0.390084,-0.0705631,0.669915,0.159618,0.0705762,92.5484,66.4765
45.8106,0.0552233,0.115752,-0.00460194,0.412367,0.630466,0.390084,-0.0705631,0.669915,0.158987,0.0689348,92.5484,66.4765
45.8906,0.0552233,0.115752,-0.00460194,0.412367,0.630466,0.390084,-0.0705631,0.669915,0.158799,0.0693614,92.5484,66.4765
45.9706,0.0552233,0.115752,-0.00460194,0.412367,0.630466,0.390084,-0.0720971,0.669915,0.158799,0.069152,92.5484,66.4765
46.0505,0.0552233,0.115752,-0.00460194,0.412367,0.630466,0.390084,-0.0859029,0.669915,0.159875,0.0686222,92.5484,66.4765
46.1306,0.0552233,0.115752,-0.00460194,0.412367,0.630466,0.390084,-0.0705631,0.678017,0.160481,0.0680073,92.5484,66.4765
46.2106,0.0552233,0.115752,-0.00460194,0.412367,0.630466,0.390084,-0.078233,0.679754,0.159916,0.0684251,92.5484,66.4765
46.2905,0.0552233,0.115752,-0.00460194,0.412367,0.630466,0.390084,-0.0705631,0.671651,0.159091,0.0689348,92.5484,66.4765
46.3706,0.0552233,0.115752,-0.00460194,0.412367,0.630466,0.390084,-0.0705631,0.678017,0.159618,0.067779,92.5484,66.4765
46.4505,0.0552233,0.115752,-0.00460194,0.412367,0.628932,0.390084,-0.0720971,0.679754,0.160406,0.0672161,92.5484,66.4765
46.5306,0.0552233,0.115752,-0.00460194,0.412367,0.630466,0.390084,-0.0705631,0.678017,0.159875,0.0668506,92.5484,66.4765
46.6105,0.0552233,0.115752,-0.00460194,0.412367,0.630466,0.390084,-0.0705631,0.680043,0.15905,0.0665132,92.5484,66.4765
46.6905,0.0552233,0.115752,-0.00460194,0.412367,0.630466,0.390084,-0.0736311,0.679754,0.160667,0.0674907,92.5484,66.4765
46.7705,0.0552233,0.115752,-0.00460194,0.412367,0.630466,0.390084,-0.0720971,0.671651,0.160109,0.06634,92.5484,66.4765
46.8505,0.0552233,0.115752,-0.00460194,0.412367,0.630466,0.390084,-0.0705631,0.669915,0.159916,0.0674463,92.5484,66.4765
46.9305,0.0552233,0.115752,-0.00460194,0.412367,0.630466,0.390084,-0.0705631,0.679464,0.159875,0.0665582,92.5484,66.4765
47.0105,0.0552233,0.115752,-0.00460194,0.412367,0.630466,0.390084,-0.0705631,0.670493,0.159138,0.0660606,92.5484,66.4765
47.0905,0.0552233,0.115752,-0.00460194,0.412367,0.630466,0.390084,-0.0705631,0.680043,0.15928,0.0661589,92.5484,66.4765
47.1705,0.0552233,0.115752,-0.00460194,0.412367,0.630466,0.390084,-0.0705631,0.670204,0.160109,0.0673869,92.5484,66.4765
47.2505,0.0552233,0.115752,-0.00460194,0.412367,0.630466,0.390084,-0.0705631,0.670204,0.158487,0.0656277,92.5484,66.4765
47.3305,0.0552233,0.115752,-0.00460194,0.412367,0.621262,0.390084,-0.0705631,0.669915,0.161016,0.065,92.5484,66.4765
47.4105,0.0552233,0.115752,-0.00460194,0.412367,0.628932,0.390084,-0.0705631,0.669915,0.160975,0.0658635,92.5484,66.4765
47.4905,0.0552233,0.115752,-0.00460194,0.412367,0.630466,0.390084,-0.0705631,0.669915,0.160975,0.0649384,92.5484,66.4765
47.5704,0.0552233,0.115752,-0.00460194,0.412367,0.630466,0.390084,-0.0705631,0.679464,0.160184,0.0659242,92.5484,66.4765
47.6504,0.0552233,0.115752,-0.00460194,0.412367,0.630466,0.390084,-0.0705631,0.670204,0.160975,0.065238,92.5484,66.4765
47.7304,0.0552233,0.115752,-0.00460194,0.412367,0.630466,0.390084,-0.0705631,0.669915,0.160231,0.065582,92.5484,66.4765
47.8105,0.0552233,0.115752,-0.00460194,0.412367,0.630466,0.390084,-0.0705631,0.669915,0.16157,0.0647765,92.5484,66.4765
47.8904,0.0552233,0.115752,-0.00460194,0.412367,0.630466,0.390084,-0.0705631,0.669915,0.160109,0.0647765,92.5484,66.4765
47.9704,0.0552233,0.115752,-0.00460194,0.412367,0.630466,0.390084,-0.0705631,0.678017,0.159355,0.0656277,92.5484,66.4765
48.0504,0.0552233,0.115752,-0.00460194,0.412367,0.630466,0.390084,-0.0705631,0.671651,0.159314,0.0653452,92.5484,66.4765
48.1304,0.0552233,0.115752,-0.00460194,0.412367,0.630466,0.390084,-0.0705631,0.671651,0.159916,0.065238,92.5484,66.4765
48.2104,0.0552233,0.115752,-0.00460194,0.412367,0.630466,0.390084,-0.0705631,0.678017,0.158452,0.0665582,92.5484,66.4765
48.2904,0.0552233,0.115752,-0.00460194,0.412367,0.630466,0.390084,-0.0705631,0.678307,0.158228,0.0654064,92.5484,66.4765
48.3704,0.0552233,0.115752,-0.00460194,0.412367,0.630466,0.390084,-0.0705631,0.671651,0.159916,0.0659242,92.5484,66.4765
48.4504,0.0552233,0.115752,-0.00460194,0.412367,0.630466,0.390084,-0.0705631,0.670204,0.158487,0.0673869,92.5484,66.4765
48.5304,0.0552233,0.115752,-0.00460194,0.412367,0.630466,0.390084,-0.0705631,0.669915,0.159091,0.0667907,92.5484,66.4765
48.6104,0.0552233,0.115752,-0.00460194,0.412367,0.630466,0.390084,-0.0705631,0.669915,0.159916,0.0666333,92.5484,66.4765
48.6904,0.0552233,0.115752,-0.00460194,0.412367,0.630466,0.390084,-0.078233,0.678017,0.159875,0.0667907,92.5484,66.4765
48.7704,0.0552233,0.115752,-0.00460194,0.412367,0.630466,0.390084,-0.0705631,0.670204,0.159875,0.0670373,92.5484,66.4765
48.8504,0.0552233,0.115752,-0.00460194,0.412367,0.630466,0.390084,-0.0705631,0.669915,0.158764,0.0672161,92.5484,66.4765
48.9304,0.0552233,0.115752,-0.00460194,0.412367,0.630466,0.390084,-0.0705631,0.669915,0.159916,0.0676905,92.5484,66.4765
49.0105,0.0552233,0.115752,-0.00460194,0.412367,0.630466,0.390084,-0.0705631,0.671651,0.15884,0.0680073,92.5484,66.4765
49.0904,0.0552233,0.115752,-0.00460194,0.412367,0.630466,0.390084,-0.0613592,0.680043,0.159138,0.0672161,92.5484,66.4765
49.1704,0.0552233,0.115752,-0.00460194,0.412367,0.630466,0.390084,-0.0705631,0.67194,0.159916,0.06772,92.5484,66.4765
49.2504,0.0552233,0.115752,-0.00460194,0.412367,0.630466,0.390084,-0.0705631,0.670204,0.158316,0.0689348,92.5484,66.4765
49.3304,0.0552233,0.115752,-0.00460194,0.412367,0.630466,0.390084,-0.0705631,0.671651,0.159584,0.0683813,92.5484,66.4765
49.4104,0.0552233,0.115752,-0.00460194,0.412367,0.630466,0.390084,-0.0705631,0.669915,0.159618,0.0694694,92.5484,66.4765
49.4904,0.0552233,0.115752,-0.00460194,0.412367,0.630466,0.390084,-0.0705631,0.670204,0.159016,0.0687095,92.5484,66.4765
49.5704,0.0552233,0.115752,-0.00460194,0.412367,0.630466,0.390084,-0.0705631,0.669915,0.159584,0.0688912,92.5484,66.4765
49.6504,0.0552233,0.115752,-0.00460194,0.412367,0.630466,0.390084,-0.0705631,0.669915,0.159618,0.0694334,92.5484,66.4765
49.7304,0.0552233,0.115752,-0.00460194,0.412367,0.630466,0.390084,-0.0705631,0.671651,0.158799,0.0695845,92.5484,66.4765
49.8103,0.0552233,0.115752,-0.00460194,0.412367,0.630466,0.390084,-0.0705631,0.669915,0.158799,0.0710845,92.5484,66.4765
49.8903,0.0552233,0.115752,-0.00460194,0.412367,0.630466,0.390084,-0.0705631,0.669915,0.15884,0.0696419,92.5484,66.4765
49.9704,0.0552233,0.115752,-0.00460194,0.412367,0.630466,0.390084,-0.078233,0.669915,0.158764,0.0698212,92.5484,66.4765
50.0504,0.0552233,0.115752,-0.00460194,0.412367,0.630466,0.390084,-0.0690291,0.669915,0.15905,0.0693181,92.5484,66.4765
50.1303,0.0552233,0.115752,-0.00460194,0.412367,0.630466,0.390084,-0.0705631,0.669915,0.159091,0.0705762,92.5484,66.4765
50.2103,0.0552233,0.115752,-0.00460194,0.412367,0.630466,0.390084,-0.0705631,0.67194,0.158764,0.0698642,92.5484,66.4765
50.2903,0.0552233,0.115752,-0.00460194,0.412367,0.630466,0.390084,-0.0705631,0.671651,0.157372,0.0710845,92.5484,66.4765
50.3703,0.0552233,0.115752,-0.00460194,0.412367,0.630466,0.390084,-0.0705631,0.669915,0.159584,0.0698212,92.5484,66.4765
50.4503,0.0552233,0.115752,-0.00460194,0.412367,0.630466,0.390084,-0.0705631,0.679464,0.159584,0.0700928,92.5484,66.4765
50.5302,0.0552233,0.115752,-0.00460194,0.412367,0.630466,0.390084,-0.0705631,0.670204,0.159875,0.0702567,92.5484,66.4765
50.6103,0.0552233,0.115752,-0.00460194,0.412367,0.630466,0.390084,-0.0705631,0.670204,0.158799,0.0705195,92.5484,66.4765
50.6903,0.0552233,0.115752,-0.00460194,0.412367,0.630466,0.390084,-0.0705631,0.671651,0.158164,0.0710845,92.5484,66.4765
50.7703,0.0552233,0.115752,-0.00460194,0.412367,0.630466,0.390084,-0.0705631,0.669915,0.158799,0.0714563,92.5484,66.4765
50.8503,0.0552233,0.115752,-0.00460194,0.412367,0.630466,0.390084,-0.0705631,0.678017,0.157981,0.0707955,92.5484,66.4765
50.9303,0.0552233,0.115752,-0.00460194,0.412367,0.630466,0.390084,-0.0705631,0.678307,0.159618,0.0708661,92.5484,66.4765
51.0103,0.0552233,0.115752,-0.00460194,0.412367,0.630466,0.390084,-0.0705631,0.680043,0.159618,0.0705195,92.5484,66.4765
51.0903,0.0552233,0.115752,-0.00460194,0.412367,0.630466,0.390084,-0.0705631,0.680043,0.157946,0.0705762,92.5484,66.4765
51.1703,0.0552233,0.115752,-0.00460194,0.412367,0.630466,0.390084,-0.0705631,0.680043,0.157981,0.0705762,92.5484,66.4765
51.2503,0.0552233,0.115752,-0.00460194,0.412367,0.630466,0.390084,-0.0705631,0.680043,0.16044,0.0705762,92.5484,66.4765
51.3303,0.0552233,0.115752,-0.00460194,0.412367,0.630466,0.390084,-0.0705631,0.680043,0.159618,0.0705195,92.5484,66.4765
51.4103,0.0552233,0.115752,-0.00460194,0.412367,0.630466,0.390084,-0.0705631,0.680043,0.157981,0.0702567,92.5484,66.4765
51.4903,0.0552233,0.115752,-0.00460194,0.412367,0.630466,0.390084,-0.0705631,0.680043,0.158193,0.0710845,92.5484,66.4765
51.5702,0.0552233,0.115752,-0.00460194,0.412367,0.630466,0.390084,-0.0705631,0.680043,0.159584,0.0705195,92.5484,66.4765
51.6503,0.0552233,0.115752,-0.00460194,0.412367,0.630466,0.390084,-0.0705631,0.680043,0.158164,0.0705195,92.5484,66.4765
51.7303,0.0552233,0.115752,-0.00460194,0.412367,0.632,0.390084,-0.0705631,0.680043,0.159618,0.0707955,92.5484,66.4765
51.8102,0.0552233,0.115752,-0.00460194,0.412367,0.630466,0.390084,-0.0705631,0.680043,0.159556,0.0705195,92.5484,66.4765
51.8902,0.0552233,0.115752,-0.00460194,0.412367,0.630466,0.390084,-0.0705631,0.680043,0.158228,0.0705195,92.5484,66.4765
51.9702,0.0552233,0.115752,-0.00460194,0.412367,0.630466,0.390084,-0.0705631,0.680043,0.159016,0.0705762,92.5484,66.4765
52.0502,0.0552233,0.115752,-0.00460194,0.412367,0.630466,0.390084,-0.0705631,0.680043,0.158799,0.0708661,92.5484,66.4765
52.1303,0.0552233,0.115752,-0.00460194,0.412367,0.630466,0.390084,-0.0705631,0.680043,0.158799,0.0711688,92.5484,66.4765
52.2102,0.0552233,0.115752,-0.00460194,0.412367,0.630466,0.390084,-0.0705631,0.680043,0.158764,0.0705762,92.5484,66.4765
52.2902,0.0552233,0.115752,-0.00460194,0.412367,0.630466,0.390084,-0.0705631,0.680043,0.157407,0.0705195,92.5484,66.4765
52.3702,0.0552233,0.115752,-0.00460194,0.412367,0.630466,0.390084,-0.0705631,0.680043,0.159556,0.0702994,92.5484,66.4765
52.4502,0.0552233,0.115752,-0.00460194,0.412367,0.630466,0.390084,-0.0705631,0.67194,0.159618,0.0700928,92.5484,66.4765
52.5302,0.0552233,0.115752,-0.00460194,0.412367,0.630466,0.390084,-0.0705631,0.678307,0.16044,0.0707955,92.5484,66.4765
52.6103,0.0552233,0.115752,-0.00460194,0.412367,0.630466,0.390084,-0.0705631,0.680043,0.159584,0.0703705,92.5484,66.4765
52.6902,0.0552233,0.115752,-0.00460194,0.412367,0.630466,0.390084,-0.0720971,0.680043,0.159584,0.0702994,92.5484,66.4765
52.7702,0.0552233,0.115752,-0.00460194,0.412367,0.630466,0.390084,-0.0705631,0.680043,0.159618,0.0703705,92.5484,66.4765
52.8502,0.0552233,0.115752,-0.00460194,0.412367,0.630466,0.390084,-0.0705631,0.680043,0.158887,0.0695845,92.5484,66.4765
52.9302,0.0552233,0.115752,-0.00460194,0.412367,0.630466,0.390084,-0.0705631,0.680043,0.15905,0.0700999,92.5484,66.4765
53.0102,0.0552233,0.115752,-0.00460194,0.412367,0.630466,0.390084,-0.0705631,0.680043,0.158764,0.0698642,92.5484,66.4765
53.0902,0.0552233,0.115752,-0.00460194,0.412367,0.630466,0.390084,-0.0705631,0.680043,0.16044,0.0690941,92.5484,66.4765
53.1701,0.0552233,0.115752,-0.00460194,0.412367,0.630466,0.390084,-0.0705631,0.680043,0.159016,0.0695845,92.5484,66.4765
53.2501,0.0552233,0.115752,-0.00460194,0.412367,0.630466,0.390084,-0.0705631,0.678307,0.159875,0.0687095,92.5484,66.4765
53.3301,0.0552233,0.115752,-0.00460194,0.412367,0.630466,0.390084,-0.0690291,0.670204,0.159091,0.0684251,92.5484,66.4765
53.4102,0.0552233,0.115752,-0.00460194,0.412367,0.630466,0.390084,-0.0720971,0.669915,0.159659,0.0672161,92.5484,66.4765
53.4901,0.0552233,0.115752,-0.00460194,0.412367,0.630466,0.390084,-0.0705631,0.678307,0.159091,0.0684982,92.5484,66.4765
53.5701,0.0552233,0.115752,-0.00460194,0.412367,0.630466,0.390084,-0.0859029,0.678017,0.159659,0.06772,92.5484,66.4765
53.6501,0.0552233,0.115752,-0.00460194,0.412367,0.630466,0.390084,-0.0705631,0.670204,0.160406,0.0690072,92.5484,66.4765
53.7302,0.0552233,0.115752,-0.00460194,0.412367,0.630466,0.390084,-0.0705631,0.678307,0.159584,0.0672756,92.5484,66.4765
53.8101,0.0552233,0.115752,-0.00460194,0.412367,0.630466,0.390084,-0.0705631,0.670493,0.160527,0.06772,92.5484,66.4765
53.8901,0.0552233,0.115752,-0.00460194,0.412367,0.630466,0.390084,-0.0705631,0.669915,0.160667,0.0686222,92.5484,66.4765
53.9702,0.0552233,0.115752,-0.00460194,0.412367,0.630466,0.390084,-0.0705631,0.669915,0.160742,0.0680073,92.5484,66.4765
54.0501,0.0552233,0.115752,-0.00460194,0.412367,0.630466,0.390084,-0.078233,0.678017,0.160789,0.0671565,92.5484,66.4765
54.1301,0.0552233,0.115752,-0.00460194,0.412367,0.630466,0.390084,-0.0705631,0.670204,0.160702,0.0680808,92.5484,66.4765
54.2101,0.0552233,0.115752,-0.00460194,0.412367,0.630466,0.390084,-0.0705631,0.670204,0.160144,0.0667608,92.5484,66.4765
54.2901,0.0552233,0.115752,-0.00460194,0.412367,0.630466,0.390084,-0.0705631,0.671651,0.160184,0.0648845,92.5484,66.4765
54.3701,0.0552233,0.115752,-0.00460194,0.412367,0.630466,0.390084,-0.0705631,0.679754,0.159091,0.0665582,92.5484,66.4765
54.4501,0.0552233,0.115752,-0.00460194,0.412367,0.632,0.390084,-0.0720971,0.680043,0.160789,0.06634,92.5484,66.4765
54.5301,0.0552233,0.115752,-0.00460194,0.412367,0.630466,0.390084,-0.0705631,0.680043,0.159841,0.06634,92.5484,66.4765
54.6101,0.0552233,0.115752,-0.00460194,0.412367,0.632,0.390084,-0.0705631,0.680043,0.160481,0.0682495,92.5484,66.4765
54.69,0.0552233,0.115752,-0.00460194,0.412367,0.630466,0.390084,-0.0705631,0.670204,0.159916,0.0683081,92.5484,66.4765
54.77,0.0552233,0.115752,-0.00460194,0.412367,0.630466,0.390084,-0.0705631,0.678017,0.15884,0.067779,92.5484,66.4765
54.8501,0.0552233,0.115752,-0.00460194,0.412367,0.630466,0.390084,-0.0705631,0.670204,0.16044,0.0667907,92.5484,66.4765
54.9301,0.0552233,0.115752,-0.00460194,0.412367,0.630466,0.390084,-0.0705631,0.669915,0.160667,0.0692315,92.5484,66.4765
55.0101,0.0552233,0.115752,-0.00460194,0.412367,0.630466,0.390084,-0.0705631,0.669915,0.159875,0.0674463,92.5484,66.4765
55.0901,0.0552233,0.115752,-0.00460194,0.412367,0.630466,0.390084,-0.0705631,0.669915,0.159659,0.0683081,92.5484,66.4765
55.1701,0.0552233,0.115752,-0.00460194,0.412367,0.630466,0.390084,-0.0705631,0.669915,0.159618,0.0689348,92.5484,66.4765
55.25,0.0552233,0.115752,-0.00460194,0.412367,0.630466,0.390084,-0.0690291,0.669915,0.159659,0.0687095,92.5484,66.4765
55.33,0.0552233,0.115752,-0.00460194,0.412367,0.630466,0.390084,-0.0705631,0.669915,0.160742,0.0690072,92.5484,66.4765
55.41,0.0552233,0.115752,-0.00460194,0.412367,0.630466,0.390084,-0.0705631,0.669915,0.159618,0.0680073,92.5484,66.4765
55.4901,0.0552233,0.115752,-0.00460194,0.412367,0.630466,0.390084,-0.0705631,0.669915,0.160406,0.0683813,92.5484,66.4765
55.57,0.0552233,0.115752,-0.00460194,0.412367,0.630466,0.390084,-0.0705631,0.678017,0.159618,0.0696419,92.5484,66.4765
55.65,0.0552233,0.115752,-0.00460194,0.412367,0.630466,0.390084,-0.0705631,0.679754,0.158764,0.0698642,92.5484,66.4765
55.73,0.0552233,0.115752,-0.00460194,0.412367,0.630466,0.390084,-0.0736311,0.670204,0.158799,0.0699357,92.5484,66.4765
55.81,0.0552233,0.115752,-0.00460194,0.412367,0.630466,0.390084,-0.0705631,0.669915,0.159339,0.068884,92.5484,66.4765
55.89,0.0552233,0.115752,-0.00460194,0.412367,0.630466,0.390084,-0.0705631,0.67194,0.159374,0.0699357,92.5484,66.4765
55.97,0.0552233,0.115752,-0.00460194,0.412367,0.630466,0.390084,-0.0705631,0.679754,0.159584,0.069728,92.5484,66.4765
56.05,0.0552233,0.115752,-0.00460194,0.412367,0.630466,0.390084,-0.0705631,0.680043,0.159374,0.0698212,92.5484,66.4765
56.13,0.0552233,0.115752,-0.00460194,0.412367,0.630466,0.390084,-0.0859029,0.679754,0.159659,0.0696419,92.5484,66.4765
56.21,0.0552233,0.115752,-0.00460194,0.412367,0.630466,0.390084,-0.0705631,0.680043,0.158799,0.0702994,92.5484,66.4765
56.29,0.0552233,0.115752,-0.00460194,0.412367,0.630466,0.390084,-0.0705631,0.680043,0.159659,0.0702994,92.5484,66.4765
56.37,0.0552233,0.115752,-0.00460194,0.412367,0.630466,0.390084,-0.0705631,0.680043,0.158799,0.0703705,92.5484,66.4765
56.45,0.0552233,0.115752,-0.00460194,0.412367,0.630466,0.390084,-0.0720971,0.680043,0.158524,0.0702994,92.5484,66.4765
56.5299,0.0552233,0.115752,-0.00460194,0.412367,0.630466,0.390084,-0.0736311,0.680043,0.159618,0.0700357,92.5484,66.4765
56.61,0.0552233,0.115752,-0.00460194,0.412367,0.630466,0.390084,-0.0705631,0.680043,0.159659,0.0717983,92.5484,66.4765
56.69,0.0552233,0.115752,-0.00460194,0.412367,0.630466,0.390084,-0.0690291,0.680043,0.159311,0.0705762,92.5484,66.4765
56.77,0.0552233,0.115752,-0.00460194,0.412367,0.630466,0.390084,-0.0705631,0.670493,0.158764,0.0705762,92.5484,66.4765
56.8499,0.0552233,0.115752,-0.00460194,0.412367,0.630466,0.390084,-0.0705631,0.669915,0.159339,0.0705195,92.5484,66.4765
56.9299,0.0552233,0.115752,-0.00460194,0.412367,0.630466,0.390084,-0.0705631,0.678017,0.159339,0.0705762,92.5484,66.4765
57.01,0.0552233,0.115752,-0.00460194,0.412367,0.630466,0.390084,-0.0705631,0.680043,0.159659,0.0715122,92.5484,66.4765
57.09,0.0552233,0.115752,-0.00460194,0.412367,0.630466,0.390084,-0.0705631,0.680043,0.158736,0.071239,92.5484,66.4765
57.1699,0.0552233,0.115752,-0.00460194,0.412367,0.630466,0.390084,-0.0705631,0.670493,0.15884,0.0715122,92.5484,66.4765
57.2499,0.0552233,0.115752,-0.00460194,0.412367,0.630466,0.390084,-0.0705631,0.669915,0.158736,0.0705195,92.5484,66.4765
57.3299,0.0552233,0.115752,-0.00460194,0.412367,0.630466,0.390084,-0.0705631,0.669915,0.158559,0.0717287,92.5484,66.4765
57.4099,0.0552233,0.115752,-0.00460194,0.412367,0.630466,0.390084,-0.0705631,0.669915,0.159659,0.0701783,92.5484,66.4765
57.4899,0.0552233,0.115752,-0.00460194,0.412367,0.630466,0.390084,-0.0705631,0.669915,0.159311,0.0702994,92.5484,66.4765
57.5699,0.0552233,0.115752,-0.00460194,0.412367,0.630466,0.390084,-0.0705631,0.669915,0.159339,0.0713092,92.5484,66.4765
57.6499,0.0552233,0.115752,-0.00460194,0.412367,0.630466,0.390084,-0.0705631,0.669915,0.1586,0.071239,92.5484,66.4765
57.7299,0.0552233,0.115752,-0.00460194,0.412367,0.630466,0.390084,-0.0705631,0.669915,0.16105,0.0714563,92.5484,66.4765
57.8099,0.0552233,0.115752,-0.00460194,0.412367,0.630466,0.390084,-0.0705631,0.669915,0.159584,0.0714563,92.5484,66.4765
57.89,0.0552233,0.115752,-0.00460194,0.412367,0.630466,0.390084,-0.0705631,0.669915,0.158559,0.0717287,92.5484,66.4765
57.9699,0.0552233,0.115752,-0.00460194,0.412367,0.630466,0.390084,-0.0705631,0.669915,0.158799,0.0714563,92.5484,66.4765
58.0499,0.0552233,0.115752,-0.00460194,0.412367,0.630466,0.390084,-0.0705631,0.669915,0.159916,0.0702994,92.5484,66.4765
58.1299,0.0552233,0.115752,-0.00460194,0.412367,0.630466,0.390084,-0.0705631,0.669915,0.158496,0.0714283,92.5484,66.4765
58.2098,0.0552233,0.115752,-0.00460194,0.412367,0.630466,0.390084,-0.0705631,0.669915,0.158799,0.0717983,92.5484,66.4765
58.2899,0.0552233,0.115752,-0.00460194,0.412367,0.630466,0.390084,-0.0705631,0.669915,0.15884,0.0702567,92.5484,66.4765
58.3699,0.0552233,0.115752,-0.00460194,0.412367,0.630466,0.390084,-0.0705631,0.669915,0.159584,0.0717287,92.5484,66.4765
58.4499,0.0552233,0.115752,-0.00460194,0.412367,0.630466,0.390084,-0.0705631,0.669915,0.160406,0.0710352,92.5484,66.4765
58.5299,0.0552233,0.115752,-0.00460194,0.412367,0.630466,0.390084,-0.0705631,0.669915,0.160156,0.071239,92.5484,66.4765
58.6098,0.0552233,0.115752,-0.00460194,0.412367,0.630466,0.390084,-0.0705631,0.678017,0.157946,0.0702994,92.5484,66.4765
58.6898,0.0552233,0.115752,-0.00460194,0.412367,0.630466,0.390084,-0.0705631,0.680043,0.159659,0.0705762,92.5484,66.4765
58.7698,0.0552233,0.115752,-0.00460194,0.412367,0.630466,0.390084,-0.0705631,0.679754,0.159374,0.0714563,92.5484,66.4765
58.8498,0.0552233,0.115752,-0.00460194,0.412367,0.630466,0.390084,-0.0705631,0.670493,0.158764,0.0715122,92.5484,66.4765
58.9299,0.0552233,0.115752,-0.00460194,0.412367,0.630466,0.390084,-0.0705631,0.680043,0.158559,0.0714563,92.5484,66.4765
59.0098,0.0552233,0.115752,-0.00460194,0.412367,0.630466,0.390084,-0.0705631,0.670204,0.158764,0.0707955,92.5484,66.4765
59.0899,0.0552233,0.115752,-0.00460194,0.412367,0.630466,0.390084,-0.0705631,0.669915,0.159584,0.0698284,92.5484,66.4765
59.1698,0.0552233,0.115752,-0.00460194,0.412367,0.630466,0.390084,-0.078233,0.678017,0.158764,0.0704911,92.5484,66.4765
59.2498,0.0552233,0.115752,-0.00460194,0.412367,0.630466,0.390084,-0.0705631,0.670204,0.159618,0.0699357,92.5484,66.4765
59.3298,0.0552233,0.115752,-0.00460194,0.412367,0.630466,0.390084,-0.0705631,0.669915,0.16044,0.0695845,92.5484,66.4765
59.4098,0.0552233,0.115752,-0.00460194,0.412367,0.630466,0.390084,-0.0705631,0.669915,0.159339,0.0693181,92.5484,66.4765
59.4898,0.0552233,0.115752,-0.00460194,0.412367,0.638136,0.390084,-0.0705631,0.669915,0.158799,0.0694334,92.5484,66.4765
59.5698,0.0552233,0.115752,-0.00460194,0.412367,0.630466,0.390084,-0.0705631,0.669915,0.160191,0.0693614,92.5484,66.4765
59.6498,0.0552233,0.115752,-0.00460194,0.412367,0.630466,0.390084,-0.0690291,0.669915,0.159618,0.0686513,92.5484,66.4765
59.7298,0.0552233,0.115752,-0.00460194,0.412367,0.630466,0.390084,-0.0705631,0.669915,0.160156,0.0695845,92.5484,66.4765
59.8097,0.0552233,0.115752,-0.00460194,0.412367,0.630466,0.390084,-0.0705631,0.669915,0.160156,0.0690941,92.5484,66.4765
59.8897,0.0552233,0.115752,-0.00460194,0.412367,0.630466,0.390084,-0.0705631,0.669915,0.159618,0.0696419,92.5484,66.4765
59.9697,0.0552233,0.115752,-0.00460194,0.412367,0.630466,0.390084,-0.0705631,0.669915,0.157946,0.0682129,92.5484,66.4765
60.0498,0.0552233,0.115752,-0.00460194,0.412367,0.630466,0.390084,-0.0705631,0.669915,0.160156,0.0686513,92.5484,66.4765
60.1299,0.0552233,0.115752,-0.00460194,0.412367,0.630466,0.390084,-0.0705631,0.669915,0.159618,0.0686513,92.5484,66.4765
60.2098,0.0552233,0.115752,-0.00460194,0.412367,0.630466,0.390084,-0.0705631,0.669915,0.162028,0.0689348,92.5484,66.4765
60.2898,0.0552233,0.115752,-0.00460194,0.412367,0.630466,0.390084,-0.0705631,0.669915,0.16123,0.0684251,92.5484,66.4765
60.3698,0.0552233,0.115752,-0.00460194,0.412367,0.630466,0.390084,-0.0705631,0.669915,0.16044,0.0687095,92.5484,66.4765
60.4497,0.0552233,0.115752,-0.00460194,0.412367,0.630466,0.390084,-0.0705631,0.669915,0.16044,0.06772,92.5484,66.4765
60.5298,0.0552233,0.115752,-0.00460194,0.412367,0.630466,0.390084,-0.0705631,0.671651,0.159659,0.0672756,92.5484,66.4765
60.6097,0.0552233,0.115752,-0.00460194,0.412367,0.630466,0.390084,-0.0705631,0.669915,0.159659,0.0667383,92.5484,66.4765
60.6897,0.0552233,0.115752,-0.00460194,0.412367,0.630466,0.390084,-0.0705631,0.669915,0.160406,0.0667907,92.5484,66.4765
60.7697,0.0552233,0.115752,-0.00460194,0.412367,0.630466,0.390084,-0.0705631,0.669915,0.15905,0.0667907,92.5484,66.4765
60.8498,0.0552233,0.115752,-0.00460194,0.412367,0.630466,0.390084,-0.0705631,0.669915,0.160667,0.0667158,92.5484,66.4765
60.9297,0.0552233,0.115752,-0.00460194,0.412367,0.630466,0.390084,-0.0705631,0.669915,0.160742,0.0665582,92.5484,66.4765
61.0097,0.0552233,0.115752,-0.00460194,0.412367,0.630466,0.390084,-0.0705631,0.669915,0.160481,0.0653452,92.5484,66.4765
61.0898,0.0552233,0.115752,-0.00460194,0.412367,0.630466,0.390084,-0.0705631,0.669915,0.162176,0.065582,92.5484,66.4765
61.1697,0.0552233,0.115752,-0.00460194,0.412367,0.630466,0.390084,-0.0705631,0.669915,0.16157,0.0660151,92.5484,66.4765
61.2497,0.0552233,0.115752,-0.00460194,0.412367,0.630466,0.390084,-0.0705631,0.669915,0.160406,0.0654064,92.5484,66.4765
61.3297,0.0552233,0.115752,-0.00460194,0.412367,0.630466,0.390084,-0.0705631,0.669915,0.159618,0.0656277,92.5484,66.4765
61.4097,0.0552233,0.115752,-0.00460194,0.412367,0.630466,0.390084,-0.0705631,0.669915,0.159659,0.0660606,92.5484,66.4765
61.4897,0.0552233,0.115752,-0.00460194,0.412367,0.630466,0.390084,-0.0705631,0.669915,0.160378,0.0673276,92.5484,66.4765
61.5696,0.0552233,0.115752,-0.00460194,0.412367,0.630466,0.390084,-0.0705631,0.669915,0.16044,0.067779,92.5484,66.4765
61.6496,0.0552233,0.115752,-0.00460194,0.412367,0.630466,0.390084,-0.0705631,0.669915,0.158799,0.0674759,92.5484,66.4765
61.7297,0.0552233,0.115752,-0.00460194,0.412367,0.630466,0.390084,-0.0705631,0.669915,0.160406,0.0672756,92.5484,66.4765
61.8097,0.0552233,0.115752,-0.00460194,0.412367,0.630466,0.390084,-0.0613592,0.669915,0.159659,0.0672756,92.5484,66.4765
61.8897,0.0552233,0.115752,-0.00460194,0.412367,0.630466,0.390084,-0.0705631,0.669915,0.158799,0.0662797,92.5484,66.4765
61.9696,0.0552233,0.115752,-0.00460194,0.412367,0.630466,0.390084,-0.0705631,0.669915,0.160406,0.0683081,92.5484,66.4765
62.0497,0.0552233,0.115752,-0.00460194,0.412367,0.630466,0.390084,-0.0705631,0.669915,0.158524,0.0677422,92.5484,66.4765
62.1296,0.0552233,0.115752,-0.00460194,0.412367,0.630466,0.390084,-0.0705631,0.669915,0.159415,0.0691737,92.5484,66.4765
62.2096,0.0552233,0.115752,-0.00460194,0.412367,0.630466,0.390084,-0.0705631,0.669915,0.158799,0.0683081,92.5484,66.4765
62.2896,0.0552233,0.115752,-0.00460194,0.412367,0.630466,0.390084,-0.0736311,0.669915,0.159584,0.0684251,92.5484,66.4765
62.3697,0.0552233,0.115752,-0.00460194,0.412367,0.630466,0.390084,-0.0705631,0.669915,0.160231,0.0680147,92.5484,66.4765
62.4497,0.0552233,0.115752,-0.00460194,0.412367,0.630466,0.390084,-0.0705631,0.669915,0.158764,0.0700999,92.5484,66.4765
62.5297,0.0552233,0.115752,-0.00460194,0.412367,0.630466,0.390084,-0.0705631,0.669915,0.159374,0.0689348,92.5484,66.4765
62.6097,0.0552233,0.115752,-0.00460194,0.412367,0.630466,0.390084,-0.0705631,0.669915,0.159374,0.0687095,92.5484,66.4765
62.6897,0.0552233,0.115752,-0.00460194,0.412367,0.630466,0.390084,-0.0705631,0.669915,0.1586,0.0695845,92.5484,66.4765
62.7697,0.0552233,0.115752,-0.00460194,0.412367,0.630466,0.390084,-0.0705631,0.669915,0.160191,0.0699357,92.5484,66.4765
62.8496,0.0552233,0.115752,-0.00460194,0.412367,0.630466,0.390084,-0.0705631,0.669915,0.160191,0.0690652,92.5484,66.4765
62.9296,0.0552233,0.115752,-0.00460194,0.412367,0.630466,0.390084,-0.078233,0.669915,0.159374,0.0707955,92.5484,66.4765
63.0097,0.0552233,0.115752,-0.00460194,0.412367,0.630466,0.390084,-0.0705631,0.669915,0.159339,0.0703705,92.5484,66.4765
63.0896,0.0552233,0.115752,-0.00460194,0.412367,0.630466,0.390084,-0.0613592,0.669915,0.159374,0.0696419,92.5484,66.4765
63.1696,0.0552233,0.115752,-0.00460194,0.412367,0.630466,0.390084,-0.0705631,0.669915,0.159994,0.0702994,92.5484,66.4765
63.2496,0.0552233,0.115752,-0.00460194,0.412367,0.630466,0.390374,-0.0705631,0.669915,0.159339,0.0702994,92.5484,66.4765
63.3296,0.0552233,0.115752,-0.00460194,0.412367,0.630466,0.390084,-0.0705631,0.669915,0.159339,0.0700357,92.5484,66.4765
63.4096,0.0552233,0.115752,-0.00460194,0.412367,0.630466,0.390374,-0.0705631,0.669915,0.160156,0.0700928,92.5484,66.4765
63.4896,0.0552233,0.115752,-0.00460194,0.412367,0.630466,0.390084,-0.0705631,0.669915,0.160156,0.0697854,92.5484,66.4765
63.5696,0.0552233,0.115752,-0.00460194,0.412367,0.630466,0.390084,-0.0705631,0.669915,0.157747,0.0702994,92.5484,66.4765
63.6496,0.0552233,0.115752,-0.00460194,0.412367,0.630466,0.390084,-0.0705631,0.669915,0.159339,0.0705762,92.5484,66.4765
63.7296,0.0552233,0.115752,-0.00460194,0.412367,0.630466,0.390084,-0.0705631,0.669915,0.159339,0.0702994,92.5484,66.4765
63.8096,0.0552233,0.115752,-0.00460194,0.412367,0.630466,0.390084,-0.0705631,0.669915,0.158524,0.0710845,92.5484,66.4765
63.8896,0.0552233,0.115752,-0.00460194,0.412367,0.630466,0.390084,-0.0705631,0.669915,0.159374,0.0702994,92.5484,66.4765
63.9696,0.0552233,0.115752,-0.00460194,0.412367,0.630466,0.390084,-0.0705631,0.669915,0.158559,0.0707955,92.5484,66.4765
64.0495,0.0552233,0.115752,-0.00460194,0.412367,0.630466,0.390084,-0.0705631,0.669915,0.159374,0.0705762,92.5484,66.4765
64.1297,0.0552233,0.115752,-0.00460194,0.412367,0.630466,0.390084,-0.0705631,0.669915,0.158524,0.0703705,92.5484,66.4765
64.2096,0.0552233,0.115752,-0.00460194,0.412367,0.630466,0.390084,-0.0705631,0.669915,0.159311,0.0705762,92.5484,66.4765
64.2896,0.0552233,0.115752,-0.00460194,0.412367,0.630466,0.390084,-0.0705631,0.669915,0.159374,0.0705195,92.5484,66.4765
64.3696,0.0552233,0.115752,-0.00460194,0.412367,0.630466,0.390084,-0.0705631,0.669915,0.158474,0.0705762,92.5484,66.4765
64.4496,0.0552233,0.115752,-0.00460194,0.412367,0.630466,0.390084,-0.0705631,0.669915,0.158559,0.0705195,92.5484,66.4765
64.5295,0.0552233,0.115752,-0.00460194,0.412367,0.630466,0.390084,-0.0705631,0.669915,0.159374,0.0700357,92.5484,66.4765
64.6095,0.0552233,0.115752,-0.00460194,0.412367,0.630466,0.390084,-0.078233,0.669915,0.160191,0.0705762,92.5484,66.4765
64.6896,0.0552233,0.115752,-0.00460194,0.412367,0.630466,0.390084,-0.078233,0.652263,0.159415,0.0702994,92.5484,66.4765
64.7696,0.0552233,0.115752,-0.00460194,0.412367,0.638136,0.390084,-0.079767,0.632585,0.159556,0.0702994,92.5484,66.4765
64.8496,0.0552233,0.115752,-0.00460194,0.412367,0.630466,0.390084,-0.0859029,0.563712,0.159311,0.0702994,92.5484,66.4765
64.9295,0.0552233,0.115752,-0.00460194,0.412367,0.630466,0.390374,-0.0720971,0.55995,0.159311,0.0700928,92.5484,66.4765
65.0095,0.0552233,0.115752,-0.00460194,0.412367,0.63967,0.381982,-0.0720971,0.541141,0.159107,0.0700357,92.5484,66.4765
65.0896,0.0552233,0.115752,-0.00460194,0.412367,0.648874,0.693354,-0.0720971,0.467349,0.159374,0.0705195,92.5484,66.4765
65.1695,0.0552233,0.115752,-0.00460194,0.412367,0.650408,1.01486,-0.0705631,0.434649,0.159107,0.0710352,92.5484,66.4765
65.2495,0.0552233,0.115752,-0.00460194,0.412367,0.650408,2.39404,-0.0705631,0.354201,0.159415,0.0714563,92.5484,66.4765
65.3295,0.0552233,0.115752,-0.00460194,0.412367,0.650408,3.43031,-0.0720971,0.294878,0.159891,0.0714563,92.5484,66.4765
65.4095,0.0552233,0.115752,-0.00460194,0.412367,0.650408,0.721135,-0.0705631,0.238739,0.160191,0.0715122,92.5484,66.4765
65.4895,0.0552233,0.115752,-0.00460194,0.403974,0.650408,0.0057876,-0.0705631,0.159159,0.14266,0.0543507,92.5484,67.2142
65.5695,0.0552233,0.115752,-0.00460194,0.371564,0.650408,0,-0.0705631,0.0847883,0.0936002,0.035609,92.5484,70.063
65.6495,0.0552233,0.10736,-0.00460194,0.314845,0.651942,0,-0.0705631,0.041092,0.0421545,0.0144568,93.2861,75.0485
65.7295,0.0552233,0.0775538,-0.00460194,0.245394,0.658078,0,-0.0705631,0.0202566,0.00964365,0.0142127,95.906,81.1531
65.8094,0.0552233,0.0332787,-0.00460194,0.169577,0.651942,0,-0.0705631,0.0101283,0.00948683,0.0142127,99.7977,87.8174
65.8894,0.0552233,0,-0.00460194,0.100704,0.659612,0,-0.0705631,0.0101283,0.0117047,0.0142127,102.723,93.8711
65.9694,0.0552233,0,-0.00460194,0.0544034,0.659612,0,-0.0705631,0.0101283,0.0114455,0.0147986,102.723,97.9409
66.0494,0.0552233,0,-0.00460194,0.0405132,0.659612,0,-0.0705631,0.0101283,0.0122066,0.0139284,102.723,99.1618
66.1295,0.0552233,0,-0.00460194,0.0413813,0.659612,0,-0.0705631,0.0101283,0.0123693,0.0151327,102.723,99.0855
66.2094,0.0552233,0,-0.00460194,0.0419601,0.659612,0,-0.0705631,0.0101283,0.0113578,0.0144568,102.723,99.0346
66.2894,0.0552233,0,-0.00460194,0.0419601,0.659612,0,-0.0705631,0.0101283,0.0118322,0.0147309,102.723,99.0346
66.3694,0.0552233,0,-0.00460194,0.0419601,0.659612,0,-0.0705631,0.0101283,0.0126886,0.015906,102.723,99.0346
66.4495,0.0552233,0,-0.00460194,0.0419601,0.659612,0,-0.0705631,0.0101283,0.0104403,0.0139284,102.723,99.0346
66.5294,0.0552233,0,-0.00460194,0.0419601,0.651942,0,-0.0705631,0.0101283,0.0130767,0.0145258,102.723,99.0346
66.6095,0.0552233,0,-0.00460194,0.0419601,0.659612,0,-0.0690291,0.0101283,0.0126886,0.0157797,102.723,99.0346
66.6895,0.0552233,0,-0.00460194,0.0419601,0.659612,0,-0.0705631,0.00954954,0.0130767,0.0155242,102.723,99.0346
66.7695,0.0552233,0,-0.00460194,0.0419601,0.659612,0,-0.0705631,0.0101283,0.0117047,0.0147309,102.723,99.0346
66.8494,0.0552233,0,-0.00460194,0.0419601,0.659612,0,-0.0705631,0.0101283,0.0124499,0.0147648,102.723,99.0346
66.9294,0.0552233,0,-0.00460194,0.0419601,0.651942,0,-0.0705631,0.0101283,0.0136382,0.0161245,102.723,99.0346
67.0094,0.0552233,0,-0.00460194,0.0419601,0.659612,0,-0.0705631,0.0101283,0.0136015,0.0149666,102.723,99.0346
67.0894,0.0552233,0,-0.00460194,0.0419601,0.659612,0,-0.0705631,0.0101283,0.0144222,0.0158114,102.723,99.0346
67.1694,0.0552233,0,-0.00460194,0.0419601,0.659612,0,-0.0705631,0.0101283,0.0139284,0.0167332,102.723,99.0346
67.2494,0.0552233,0,-0.00460194,0.0419601,0.659612,0,-0.0705631,0.0101283,0.0135647,0.0164317,102.723,99.0346
67.3294,0.0552233,0,-0.00460194,0.0419601,0.659612,0,-0.0705631,0.0101283,0.0140357,0.0143527,102.723,99.0346
67.4094,0.0552233,0,-0.00460194,0.0419601,0.659612,0,-0.0705631,0.0101283,0.0137477,0.0161555,102.723,99.0346
67.4894,0.0552233,0,-0.00460194,0.0419601,0.659612,0,-0.0705631,0.0101283,0.0131529,0.0134536,102.723,99.0346
67.5694,0.0552233,0,-0.00460194,0.0419601,0.659612,0,-0.0705631,0.0101283,0.0147986,0.0182483,102.723,99.0346
67.6493,0.0552233,0,-0.00460194,0.0419601,0.659612,0,-0.0705631,0.0101283,0.0148661,0.0156205,102.723,99.0346
67.7294,0.0552233,0,-0.00460194,0.0419601,0.659612,0,-0.0705631,0.0101283,0.0135647,0.0151658,102.723,99.0346
67.8094,0.0552233,0,-0.00460194,0.0419601,0.659612,0,-0.0705631,0.0101283,0.0157797,0.0165529,102.723,99.0346
67.8894,0.0552233,0,-0.00460194,0.0419601,0.659612,0,-0.0705631,0.0101283,0.0140357,0.015843,102.723,99.0346
67.9693,0.0552233,0,-0.00460194,0.0419601,0.659612,0,-0.0705631,0.0101283,0.0139284,0.0170587,102.723,99.0346
68.0493,0.0552233,0,-0.00460194,0.0419601,0.659612,0,-0.0705631,0.0101283,0.0144568,0.0165529,102.723,99.0346
68.1294,0.0552233,0,-0.00460194,0.0419601,0.659612,0,-0.0705631,0.0101283,0.0134164,0.0140712,102.723,99.0346
68.2093,0.0552233,0,-0.00460194,0.0419601,0.659612,0,-0.0705631,0.0101283,0.0148997,0.0152971,102.723,99.0346
68.2893,0.0552233,0,-0.00460194,0.0419601,0.659612,0,-0.0705631,0.0101283,0.0148997,0.0152971,102.723,99.0346
