t,aa0,fe0,aa1,fe1,ctq0,ctq1,dtq0,dtq1
1.29957,0.66,0,-0.07,0.01,17.94,27.62,0,0.02
1.29965,1,0,0,0,0,0,7.42688e-44,0
1.29969,0.01,0,0,0,0,0,7.42688e-44,0
1.29972,0.01,0,0,0,0,0,7.42688e-44,0
1.30752,-0.01,0,-0,0.01,0,0,0,0
1.33142,-0.01,0,-0,0.01,0,0,0,0
1.35529,-0.01,0,-0,0.01,0,0,0,0
1.37933,-0.01,0,-0,0.01,0,0,0,0
1.40333,-0.01,0,-0,0.01,0,0,0,0
1.42725,-0.01,0,-0,0.01,0,0,0,0
1.45128,-0.01,0,-0,0.01,0,0,0,0
1.47531,-0.01,0,-0,0.01,0,0,0,0
1.49924,-0.01,0,0,0.01,0,0,0,0
1.52307,-0.01,0,0,0.01,0,0,0,0
1.54702,-0.01,0,-0,0.01,0,0,0,0
1.57103,-0.01,0,-0,0.01,0,0,0,0
1.59489,-0.01,0,-0,0.01,0,0,0,0
1.61895,-0.01,0,-0,0.01,0,0,0,0
1.64276,-0.01,0,0,0.01,0,0,0,0
1.66684,-0.01,0,-0,0.01,0,0,0,0
1.69074,-0.01,0,-0,0.01,0,0,0,0
1.71476,-0.01,0,-0,0.01,0,0,0,0
1.73859,-0.01,0,-0,0.01,0,0,0,0
1.76254,-0.01,0,-0,0.01,0,0,0,0
1.78637,-0.01,0,-0,0.01,0,0,0,0
1.81046,-0.01,0,-0,0.01,0,0,0,0
1.8345,-0.01,0,-0,0.01,0,0,0,0
1.85828,-0.01,0,-0,0.01,0,0,0,0
1.8824,-0.01,0,-0,0.01,0,0,0,0
1.90645,-0.01,0,-0,0.01,0,0,0,0
1.93049,-0.01,0,-0,0.01,0,0,0,0
1.95437,-0.01,0,0,0.01,0,0,0,0
1.97836,-0.01,0,-0,0.01,0,0,0,0
2.00241,-0.01,0,-0,0.01,0,0,0,0
2.02628,-0.01,0,0,0.01,0,0,0,0
2.05035,-0.01,0,-0,0.01,0,0,0,0
2.07437,-0.01,0,-0,0.01,0,0,0,0
2.09841,-0.01,0,-0,0.01,0,0,0,0
2.12234,-0.01,0,-0,0.01,0,0,0,0
2.14638,-0.01,0,0,0.01,0,0,0,0
2.17037,-0.01,0,-0,0.01,0,0,0,0
2.19428,-0.01,0,0,0.01,0,0,0,0
2.21815,-0.01,0,0,0.01,0,0,0,0
2.24216,-0.01,0,-0,0.01,0,0,0,0
2.26601,-0.01,0,-0,0.01,0,0,0,0
2.2898,-0.01,0,-0,0.01,0,0,0,0
2.31385,-0.01,0,-0,0.01,0,0,0,0
2.3377,-0.01,0,-0,0.01,0,0,0,0
2.36161,-0.01,0,0,0.01,0,0,0,0
2.38547,-0.01,0,-0,0.01,0,0,0,0
2.40952,-0.01,0,-0,0.01,0,0,0,0
2.43337,-0.01,0,0,0.01,0,0,0,0
2.45747,-0.01,0,-0,0.01,0,0,0,0
2.48134,-0.01,0,-0,0.01,0,0,0,0
2.50533,-0.01,0,-0,0.01,0,0,0,0
2.52919,-0.01,0,-0,0.01,0,0,0,0
2.55323,-0.01,0,-0,0.01,0,0,0,0
2.57728,-0.01,0,-0,0.01,0,0,0,0
2.60115,-0.01,0,0,0.01,0,0,0,0
2.62527,-0.01,0,-0,0.01,0,0,0,0
2.64925,-0.01,0,-0,0.01,0,0,0,0
2.67324,-0.01,0,-0,0.01,0,0,0,0
2.69717,-0.01,0,-0,0.01,0,0,0,0
2.72115,-0.01,0,-0,0.01,0,0,0,0
2.74519,-0.01,0,-0,0.01,0,0,0,0
2.76924,-0.01,0,-0,0.01,0,0,0,0
2.79317,-0.01,0,-0,0.01,0,0,0,0
2.81722,-0.01,0,-0,0.01,0,0,0,0
2.84129,-0.01,0,-0,0.01,0,0,0,0
2.86533,-0.01,0,-0,0.01,0,0,0,0
2.88919,-0.01,0,0,0.01,0,0,0,0
2.91325,-0.01,0,-0,0.01,0,0,0,0
2.93728,-0.01,0,-0,0.01,0,0,0,0
2.96129,-0.01,0,-0,0.01,0,0,0,0
2.9852,-0.01,0,-0,0.01,0,0,0,0
3.0092,-0.01,0,-0,0.01,0,0,0,0
3.03324,-0.01,0,0,0.01,0,0,0,0
3.05715,-0.01,0,-0,0.01,0,0,0,0
3.08117,-0.01,0,-0,0.01,0,0,0,0
3.1052,-0.01,0,-0,0.01,0,0,0,0
3.1291,-0.01,0,-0,0.01,0,0,0,0
3.15295,-0.01,0,0,0.01,0,0,0,0
3.17703,-0.01,0,-0,0.01,0,0,0,0
3.20084,-0.01,0,-0,0.01,0,0,0,0
3.22473,-0.01,0,-0,0.01,0,0,0,0
3.24874,-0.01,0,-0,0.01,0,0,0,0
3.27262,-0.01,0,-0,0.01,0,0,0,0
3.29663,-0.01,0,-0,0.01,0,0,0,0
3.32054,-0.01,0,-0,0.01,0,0,0,0
3.3444,-0.01,0,-0,0.01,0,0,0,0
3.36844,-0.01,0,-0,0.01,0,0,0,0
3.39231,-0.01,0,0,0.01,0,0,0,0
3.41617,-0.01,0,-0,0.01,0,0,0,0
3.44022,-0.01,0,-0,0.01,0,0,0,0
3.46408,-0.01,0,-0,0.01,0,0,0,0
3.48813,-0.01,0,-0,0.01,0,0,0,0
3.51217,-0.01,0,-0,0.01,0,0,0,0
3.53603,-0.01,0,0,0.01,0,0,0,0
3.55993,-0.01,0,-0,0.01,0,0,0,0
3.58403,-0.01,0,-0,0.01,0,0,0,0
3.60777,-0.01,0,-0,0.01,0,0,0,0
3.63162,-0.01,0,0,0.01,0,0,0,0
3.65567,-0.01,0,-0,0.01,0,0,0,0
3.67954,-0.01,0,-0,0.01,0,0,0,0
3.70344,-0.01,0,-0,0.01,0,0,0,0
3.72749,-0.01,0,-0,0.01,0,0,0,0
3.75134,-0.01,0,-0,0.01,0,0,0,0
3.77521,-0.01,0,-0,0.01,0,0,0,0
3.79925,-0.01,0,-0,0.01,0,0,0,0
3.8233,-0.01,0,0,0.01,0,0,0,0
3.84734,-0.01,0,-0,0.01,0,0,0,0
3.87121,-0.01,0,-0,0.01,0,0,0,0
3.89521,-0.01,0,-0,0.01,0,0,0,0
3.91925,-0.01,0,-0,0.01,0,0,0,0
3.94312,-0.01,0,-0,0.01,0,0,0,0
3.96717,-0.01,0,-0,0.01,0,0,0,0
3.99121,-0.01,0,-0,0.01,0,0,0,0
4.01508,-0.01,0,-0,0.01,0,0,0,0
4.03899,-0.01,0,0,0.01,0,0,0,0
4.06298,-0.01,0,0,0.01,0,0,0,0
4.08702,-0.01,0,-0,0.01,0,0,0,0
4.11099,-0.01,0,-0,0.01,0,0,0,0
4.13498,-0.01,0,-0,0.01,0,0,0,0
4.15898,-0.01,0,-0,0.01,0,0,0,0
4.18287,-0.01,0,-0,0.01,0,0,0,0
4.20687,-0.01,0,-0,0.01,0,0,0,0
4.23098,-0.01,0,-0,0.01,0,0,0,0
4.25482,-0.01,0,-0,0.01,0,0,0,0
4.27887,-0.01,0,-0,0.01,0,0,0,0
4.30613,-0.01,0,-0,0.01,0.85,0,0,0
4.33017,-0.01,0,-0,0.01,0,0,0,0
4.35403,-0.01,0,-0,0.01,0,0,0,0
4.37788,-0.01,0,0,0.01,0,0,0,0
4.40199,-0.01,0,-0,0.01,0,0,0,0
4.42579,-0.01,0,-0,0.01,0,0,0,0
4.44982,-0.01,0,-0,0.01,0,0,0,0
4.47388,-0.01,0,-0,0.01,0,0,0,0
4.49799,-0.01,0,-0,0.01,0,0,0,0
4.52178,-0.01,0,-0,0.01,0,0,0,0
4.54583,-0.01,0,-0,0.01,0,0,0,0
4.56982,-0.01,0,-0,0.01,0,0,0,0
4.59374,-0.01,0,-0,0.01,0,0,0,0
4.61773,-0.01,0,-0,0.01,0,0,0,0
4.64178,-0.01,0,-0,0.01,0,0,0,0
4.66582,-0.01,0,-0,0.01,0,0,0,0
4.69313,-0.01,0,-0,0.01,0.85,0,0,0
4.71714,-0.01,0,-0,0.01,0,0,0,0
4.741,-0.01,0,-0,0.01,0,0,0,0
4.7649,-0.01,0,-0,0.01,0,0,0,0
4.78899,-0.01,0,-0,0.01,0,0,0,0
4.81278,-0.01,0,-0,0.01,0,0,0,0
4.83682,-0.01,0,-0,0.01,0,0,0,0
4.86069,-0.01,0,-0,0.01,0,0,0,0
4.88474,-0.01,0,-0,0.01,0,0,0,0
4.9086,-0.01,0,-0,0.01,0,0,0,0
4.93264,-0.01,0,-0,0.01,0,0,0,0
4.95657,-0.01,0,-0,0.01,0,0,0,0
4.98383,-0.01,0,0,0.01,0.85,0,0,0
5.00789,-0.01,0,-0,0.01,0,0,0,0
5.03175,-0.01,0,-0,0.01,0,0,0,0
5.05574,-0.01,0,0,0.01,0,0,0,0
5.07979,-0.01,0,0,0.01,0,0,0,0
5.10384,-0.01,0,-0,0.01,0,0,0,0
5.12769,-0.01,0,-0,0.01,0,0,0,0
5.155,-0.01,0,-0,0.01,0.85,0,0,0
5.179,-0.01,0,-0,0.01,0,0,0,0
5.20289,-0.01,0,-0,0.01,0,0,0,0
5.2269,-0.01,0,-0,0.01,0,0,0,0
5.25079,-0.01,0,-0,0.01,0,0,0,0
5.27488,-0.01,0,-0,0.01,0,0,0,0
5.29874,-0.01,0,-0,0.01,0,0,0,0
5.326,-0.01,0,-0,0.01,0.85,0,0,0
5.35,-0.01,0,-0,0.01,0,0,0,0
5.374,-0.01,0,-0,0.01,0,0,0,0
5.39789,-0.01,0,-0,0.01,0,0,0,0
5.422,-0.01,0,-0,0.01,0,0,0,0
5.44579,-0.01,0,-0,0.01,0,0,0,0
5.46972,-0.01,0,-0,0.01,0,0,0,0
5.49375,-0.01,0,-0,0.01,0,0,0,0
5.5178,-0.01,0,-0,0.01,0,0,0,0
5.5418,-0.01,0,-0,0.01,0,0,0,0
5.56567,-0.01,0,0,0.01,0,0,0,0
5.58966,-0.01,0,-0,0.01,0,0,0,0
5.61377,-0.01,0,0,0.01,0,0,0,0
5.63775,-0,0,-0,0.01,0,0,0,0
5.6618,-0.01,0,-0,0.01,0,0,0,0
5.68566,-0.01,0,-0,0.01,0,0,0,0
5.7129,-0.01,0,-0,0.01,0.85,0,0,0
5.73695,-0.01,0,-0,0.01,0,0,0,0
5.7608,-0.01,0,0,0.01,0,0,0,0
5.78479,-0.02,0,-0,0.01,0,0,0,0
5.80865,-0.01,0,-0,0.01,0,0,0,0
5.83281,-0.01,0,-0,0.01,0,0,0,0
5.85666,-0.01,0,-0,0.01,0,0,0,0
5.88065,-0.01,0,-0,0.01,0,0,0,0
5.9045,-0.01,0,-0,0.01,0,0,0,0
5.92854,-0.01,0,-0,0.01,0,0,0,0
5.95234,-0.01,0,-0,0.01,0,0,0,0
5.9762,-0.01,0,0,0.01,0,0,0,0
6.00024,-0.01,0,-0,0.01,0,0,0,0
6.02411,-0.01,0,-0,0.01,0,0,0,0
6.04815,-0.01,0,-0,0.01,0,0,0,0
6.07201,-0.01,0,-0,0.01,0,0,0,0
6.09606,-0.01,0,-0,0.01,0,0,0,0
6.12011,-0.01,0,-0,0.01,0,0,0,0
6.14402,-0.01,0,-0,0.01,0,0,0,0
6.16801,-0.01,0,-0,0.01,0,0,0,0
6.19184,-0.01,0,0,0.01,0,0,0,0
6.21576,-0.01,0,0,0.01,0,0,0,0
6.23987,-0.01,0,-0,0.01,0,0,0,0
6.2638,-0.01,0,-0,0.01,0,0,0,0
6.2878,-0.01,0,-0,0.01,0,0,0,0
6.31164,-0.01,0,0,0.01,0,0,0,0
6.3357,-0.01,0,-0,0.01,0,0,0,0
6.35969,-0.01,0,-0,0.01,0,0,0,0
6.38364,-0.01,0,-0,0.01,0,0,0,0
6.40735,-0.01,0,0,0.01,0,0,0,0
6.43141,-0.01,0,-0,0.01,0,0,0,0
6.45526,-0.01,0,-0,0.01,0,0,0,0
6.47931,-0.01,0,-0,0.01,0,0,0,0
6.50332,-0.01,0,-0,0.01,0,0,0,0
6.52717,-0.01,0,0,0.01,0,0,0,0
6.5512,-0.01,0,-0,0.01,0,0,0,0
6.57521,-0.01,0,-0,0.01,0,0,0,0
6.59926,-0.01,0,-0,0.01,0,0,0,0
6.62329,-0.01,0,-0,0.01,0,0,0,0
6.64716,-0.01,0,-0,0.01,0,0,0,0
6.67116,-0.01,0,-0,0.01,0,0,0,0
6.69502,-0.01,0,-0,0.01,0,0,0,0
6.71906,-0.01,0,-0,0.01,0,0,0,0
6.74312,-0.01,0,-0,0.01,0,0,0,0
6.76704,-0.01,0,-0,0.01,0,0,0,0
6.79102,-0.01,0,-0,0.01,0,0,0,0
6.81488,-0.01,0,-0,0.01,0,0,0,0
6.83873,-0.01,0,0,0.01,0,0,0,0
6.8626,-0.01,0,0,0.01,0,0,0,0
6.88658,-0.01,0,-0,0.01,0,0,0,0
6.91078,-0.01,0,-0,0.01,0,0,0,0
6.93484,-0.01,0,-0,0.01,0,0,0,0
6.95889,-0.01,0,0,0.01,0,0,0,0
6.98271,-0.01,0,-0,0.01,0,0,0,0
7.00675,-0.01,0,0,0.01,0,0,0,0
7.03057,-0.01,0,-0,0.01,0,0,0,0
7.05465,-0.01,0,-0,0.01,0,0,0,0
7.07851,-0.01,0,-0,0.01,0,0,0,0
7.10263,-0.01,0,0,0.01,0,0,0,0
7.12661,-0.01,0,-0,0.01,0,0,0,0
7.15044,-0.01,0,-0,0.01,0,0,0,0
7.17439,-0.01,0,-0,0.01,0,0,0,0
7.19836,-0.01,0,-0,0.01,0,0,0,0
7.22241,-0.01,0,-0,0.01,0,0,0,0
7.24627,-0.01,0,-0,0.01,0,0,0,0
7.27036,-0.01,0,-0,0.01,0,0,0,0
7.29438,-0.01,0,-0,0.01,0,0,0,0
7.31837,-0.01,0,-0,0.01,0,0,0,0
7.34222,-0.01,0,-0,0.01,0,0,0,0
7.36615,-0.01,0,-0,0.01,0,0,0,0
7.39218,-0.01,0,-0,0.01,0,0.17,0,-0
7.41622,-0.01,0,0,0.01,0,7.65,0,-0
7.44047,-0.01,0,-0,0.01,0,12.84,0,-0
7.46656,-0.01,0,-0.01,0,0,15.09,0,-0
7.49056,-0.01,0,-0,0,0,15.96,0,-0
7.51478,-0.01,0,-0,0,0,16.48,0,-0
7.53883,-0.01,0,-0,0,0,16.82,0,-0
7.56493,-0.01,0,0,0,0,16.82,-0,-0
7.58914,-0.01,0,-0,0,0,16.82,-0,-0
7.61314,-0.01,0,0,0,0,16.82,-0,-0
7.63974,-0.01,0,-0,0,0,16.82,-0,-0
7.66378,-0.01,0,0,0,0,16.82,-0,-0
7.68806,-0.01,0,-0,0,0,16.82,-0,-0
7.71424,-0.01,0,0,0,0,16.82,0,-0
7.73833,-0.01,0,-0,0,0,16.82,0,-0
7.76235,-0.01,0,-0,0,0,16.82,0,-0
7.78874,-0.01,0,-0,0,0,16.82,0,-0
7.81293,-0.01,0,-0,0,0,16.82,0,-0
7.83704,-0.01,0,-0,0,0,16.82,0,-0
7.86325,-0.01,0,-0,0,0,16.82,0,-0
7.88746,-0.01,0,-0,0,0,16.82,0,-0
7.91146,-0.01,0,0,0,0,16.82,0,-0
7.93573,-0.01,0,-0,0,0,16.82,0,-0
7.96211,-0.01,0,-0,0,0,16.82,0,-0
7.98616,-0.01,0,-0,0,0,16.82,0,-0
8.01022,-0.01,0,-0,0,0,16.82,0,-0
8.0367,-0.01,0,-0,0,0,16.82,0,-0
8.06085,-0.01,0,-0,0,0,16.82,0,-0
8.0849,-0.01,0,-0,0,0,16.82,0,-0
8.1113,-0.01,0,-0,0,0,16.82,0,-0
8.13532,-0.01,0,-0,0,0,16.82,0,-0
8.1596,-0.01,0,-0,0,0,16.82,0,-0
8.18606,-0.01,0,-0,0,0,16.82,0,-0
8.2103,-0.01,0,-0,0,0,16.82,0,-0
8.23424,-0.01,0,0,0,0,16.82,0,-0
8.26052,-0.01,0,0,0,0,16.82,0,-0
8.28465,-0.01,0,-0,0,0,16.82,0,-0
8.30869,-0.01,0,-0,0,0,16.82,0,-0
8.33274,-0.01,0,-0,0,0,16.82,0,-0
8.35919,-0.01,0,0,0,0,16.82,0,-0
8.38326,-0.01,0,0,0,0,16.82,0,-0
8.40729,-0.01,0,-0,0,0,16.82,0,-0
8.43372,-0.01,0,-0,0,0,16.82,0,-0
8.45772,-0.01,0,-0,0,0,16.82,0,-0
8.48196,-0.01,0,-0,0,0,16.82,0,-0
8.50838,-0.01,0,-0,0,0,16.82,0,-0
8.53243,-0.01,0,0,0,0,16.82,0,-0
8.55646,-0.01,0,-0,0,0,16.82,0,-0
8.58289,-0.01,0,-0,0,0,16.82,0,-0
8.60711,-0.01,0,-0,0,0,16.82,0,-0
8.63114,-0.01,0,-0,0,0,15.77,0,-0
8.65756,-0.01,0,-0,0,0,14.55,-0,-0
8.68179,-0.01,0,-0,0,0,15.77,-0,-0
8.70605,-0.01,0,-0,0,0,14.55,-0,-0
8.73019,-0.01,0,-0,0,0,14.55,-0,-0
8.75663,-0.01,0,-0,0,0,14.55,-0,-0
8.78067,-0.01,0,-0,0,0,14.55,-0,-0
8.80484,-0.01,0,-0,0,0,14.55,-0,-0
8.83145,-0.01,0,-0,0,0,14.55,-0,-0
8.85565,-0.01,0,-0,0,0,14.55,-0,-0
8.87972,-0.01,0,-0,0,0,14.55,-0,-0
8.90615,-0.01,0,-0,0,0,14.55,-0,-0
8.93017,-0.01,0,-0,0,0,14.55,-0,-0
8.95439,-0.01,0,-0,0,0,14.55,-0,-0
8.98082,-0.01,0,-0,0,0,14.55,-0,-0
9.00487,-0.01,0,-0,0,0,14.55,-0,-0
9.02908,-0.01,0,-0,0,0,14.55,-0,-0
9.05565,-0.01,0,-0,0,0,14.55,0,-0
9.07968,-0.01,0,-0,0,0,14.55,0,-0
9.1036,-0.01,0,-0,0,0,14.55,0,-0
9.12783,-0.01,0,-0,0,0,14.55,0,-0
9.15437,-0.01,0,-0,0,0,14.55,0,-0
9.17859,-0.01,0,-0,0,0,14.55,0,-0
9.20264,-0.01,0,-0,0,0,14.55,0,-0
9.22914,-0.01,0,-0,0,0,14.55,0,-0
9.25324,-0.01,0,-0,0,0,14.55,0,-0
9.2775,-0.01,0,-0,0,0,14.55,0,-0
9.30392,-0.01,0,-0,0,0,14.55,0,-0
9.32812,-0.01,0,-0,0,0,14.55,0,-0
9.35214,-0.01,0,-0,0,0,14.55,0,-0
9.37855,-0,0,-0,0,0,14.55,0,-0
9.40279,-0.01,0,-0,0,0,14.55,0,-0
9.42683,-0,0,-0,0,0,14.55,0,-0
9.45341,-0,0,-0,0,0,14.55,0,-0
9.47749,0,0,-0,0,0,14.55,0,-0
9.50157,0,0,-0,0,0,14.55,0,-0
9.5256,0,0,-0,0,0,14.55,0,-0
9.54997,0,0,-0,0,0,14.55,0,-0
9.57637,0,0,-0,0,0,14.55,0,-0
9.60039,0,0,-0,0,0,14.55,0,-0
9.62446,0,0,-0,0,0,14.55,0,-0
9.65092,-0,0,-0,0,0,14.55,0,-0
9.67518,0,0,-0,0,0,15.77,0,-0
9.69928,0,0,-0,0,0,14.55,0,-0
9.72554,0.01,0,-0,0,0,14.55,0,-0
9.7497,0.01,0,-0,0,0,14.55,0,-0
9.77388,0.03,0,-0,0,0,15.77,0,-0
9.80025,0.05,0,-0,0,0,14.55,0,-0
9.82433,0.06,0,-0,0,0,15.77,0,-0
9.84855,0.06,0,-0,0,0,14.55,0,-0
9.87479,0.08,0,-0,0,0,14.55,0,-0
9.89902,0.11,0,-0,0,0,14.55,0,-0
9.92295,0.11,0,-0,0,0,14.55,0,-0
9.94697,0.12,0,-0,0,0,14.55,0,-0
9.9734,0.13,0,-0,0,0,14.55,0,-0
9.99756,0.13,0,0,0,0,14.55,0,-0
10.0218,0.15,0,-0,0,0,14.55,0,-0
10.048,0.16,0,-0,0,0,14.55,0,-0
10.0723,0.17,0,-0,0,0,14.55,0,-0
10.0963,0.18,0,-0,0,0,14.55,0,-0
10.1228,0.19,0,-0,0,0,14.55,0,-0
10.147,0.2,0,-0,0,0,15.77,0,-0
10.1709,0.21,0,-0,0,0,14.55,0,-0
10.1974,0.22,0,-0,0,0,14.55,0,0
10.2215,0.24,0,-0,0,0,15.77,0,0
10.2455,0.24,0,-0,0,0,15.77,0,0
10.2719,0.26,0,-0,0,0,15.77,0,0
10.2959,0.27,0,-0,0,0,15.77,0,0
10.32,0.28,0,-0,0,0,15.77,0,0
10.3441,0.3,0,-0,0,0,15.77,0,0
10.3705,0.3,0,-0,0,0,15.77,0,-0
10.3948,0.31,0,-0,0,0,15.77,0,-0
10.4189,0.31,0,-0,0,0,15.77,0,-0
10.4454,0.31,0,-0,0,0,15.77,0,-0
10.4694,0.3,0,-0,0,0,15.77,0,-0
10.4936,0.31,0,0,0,0,15.77,0,-0
10.52,0.31,0,-0,0,0,15.77,0,-0
10.5441,0.32,0,-0,0,0,15.77,0,-0
10.5683,0.32,0.01,-0,0,0,15.77,0,-0
10.5947,0.33,0.01,-0,0,0,15.77,-0.01,-0
10.6189,0.35,0.03,-0,0,0,15.77,-0.01,-0
10.643,0.36,0.03,-0,0,0,15.77,-0.01,-0
10.6694,0.37,0.02,-0,0,0,15.77,-0.02,0
10.6934,0.41,0.03,-0,0,0,15.77,-0.02,0
10.7177,0.4,0.05,-0,0,0,15.77,-0.02,0
10.7417,0.41,0.06,-0,0,0,15.77,-0.02,0
10.7681,0.42,0.07,-0,0,0,15.77,-0.03,0
10.7923,0.43,0.1,-0,0,0,15.77,-0.03,0
10.8165,0.44,0.11,-0,0,0,15.77,-0.03,0
10.8429,0.44,0.11,-0,0,0,15.77,-0.06,0
10.867,0.46,0.1,-0,0,0,15.77,-0.06,0
10.8912,0.46,0.12,-0,0,0,15.77,-0.06,0
10.9175,0.46,0.1,-0,0,0,15.77,-0.06,0
10.9416,0.46,0.13,-0,0,0,15.77,-0.06,0
10.9657,0.46,0.14,0,0,0,15.77,-0.06,0
10.992,0.46,0.14,-0,0,0,15.77,-0.07,0
11.0163,0.46,0.13,-0,0,0,15.77,-0.07,0
11.0404,0.46,0.12,-0,0,0,15.77,-0.07,0
11.0669,0.46,0.12,-0,0,0,15.77,-0.06,0
11.091,0.46,0.12,-0,0,0,15.77,-0.06,0
11.1149,0.46,0.12,-0,0,0,15.77,-0.06,0
11.1392,0.46,0.12,-0,0,0,15.77,-0.06,0
11.1654,0.46,0.13,-0,0,0,15.77,-0.05,0
11.1895,0.46,0.13,-0,0,0,15.77,-0.05,0
11.2137,0.46,0.13,-0,0,0,15.77,-0.05,0
11.2403,0.46,0.13,-0,0,0,15.77,-0.04,0
11.2644,0.46,0.13,-0,0,0,16.82,-0.04,0
11.2885,0.46,0.13,-0,0,0,16.82,-0.04,0
11.3149,0.46,0.13,-0,0,0,16.82,-0.03,0
11.339,0.46,0.13,-0,0,0,16.82,-0.03,0
11.3634,0.46,0.14,-0,0,0,16.82,-0.03,0
11.3898,0.46,0.13,-0,0,0,16.82,-0.04,0
11.4138,0.46,0.13,-0,0,0,16.82,-0.04,0
11.438,0.46,0.13,-0,0,0,15.77,-0.04,0
11.4644,0.46,0.13,-0,0,0,16.82,-0.04,0
11.4884,0.46,0.14,-0,0,0,16.82,-0.04,0
11.5126,0.48,0.13,-0,0,0,16.82,-0.04,0
11.5366,0.47,0.13,-0,0,0,18.05,-0.04,0
11.563,0.47,0.14,-0,0,0,18.05,-0.04,0
11.5871,0.48,0.13,-0,0,0,18.05,-0.04,0
11.6113,0.48,0.13,-0,0,0,18.05,-0.04,0
11.6377,0.48,0.14,-0,0,0,18.05,-0.04,0
11.6617,0.48,0.14,-0,0,0,18.05,-0.04,0
11.6891,0.48,0.15,-0,0,1.05,18.05,-0.04,0
11.7189,0.48,0.17,0,0,10.16,18.05,-0.04,0
11.7463,0.48,0.17,-0,0,10.16,18.05,-0.04,0
11.7738,0.48,0.16,-0,0,10.16,19.28,-0.04,0
11.8036,0.48,0.18,-0,0,14.71,22.62,-0.05,0
11.8312,0.49,0.18,-0,0,16.98,22.62,-0.05,0
11.8609,0.49,0.19,-0,0,16.98,18.05,-0.06,0
11.8885,0.49,0.18,-0,0,11.38,19.28,-0.06,0
11.9159,0.49,0.21,-0,0.01,25,19.28,-0.06,0
11.9434,0.5,0.21,-0,0.02,26.04,18.05,-0.06,0
11.9732,0.5,0.21,-0,0.02,26.04,20.33,-0.07,-0.01
12.0007,0.5,0.19,-0,0.03,16.98,18.05,-0.07,-0.01
12.0283,0.5,0.2,-0,0.03,21.52,19.28,-0.07,-0.01
12.0579,0.5,0.21,-0,0.04,26.04,19.28,-0.07,-0.01
12.0854,0.5,0.22,-0,0.04,26.04,19.28,-0.07,-0.01
12.1152,0.5,0.22,-0,0.06,25,18.05,-0.08,-0.02
12.1427,0.5,0.22,-0,0.07,27.08,18.05,-0.08,-0.02
12.1701,0.5,0.22,-0,0.08,27.08,18.05,-0.08,-0.02
12.1999,0.5,0.22,-0,0.08,27.08,18.05,-0.08,-0.04
12.224,0.5,0.13,-0,0.1,0,18.05,-0.08,-0.04
12.2482,0.51,0.13,-0.01,0.11,0,18.05,-0.08,-0.04
12.2778,0.51,0.16,-0.01,0.11,1.05,18.05,-0.04,-0.06
12.3053,0.51,0.17,-0.01,0.11,4.38,19.28,-0.04,-0.06
12.3327,0.51,0.16,-0.01,0.14,1.05,20.33,-0.04,-0.06
12.3626,0.51,0.22,-0.01,0.14,27.08,20.33,-0.05,-0.07
12.3901,0.51,0.31,-0.01,0.16,60.38,21.56,-0.05,-0.07
12.4177,0.51,0.59,-0,0.16,134.9,21.56,-0.05,-0.07
12.4439,0.51,0.14,-0,0.16,0,23.85,-0.27,-0.08
12.4717,0.51,0.54,-0,0.17,125.53,27.37,-0.27,-0.08
12.499,0.51,0.39,-0,0.18,89.02,27.37,-0.27,-0.08
12.5291,0.51,0.49,-0,0.18,115.52,28.43,-0.17,-0.09
12.5566,0.51,0.18,-0,0.18,7.88,27.91,-0.17,-0.09
12.5868,0.51,0.38,-0,0.2,83.67,28.79,-0.06,-0.08
12.6142,0.51,0.18,-0,0.2,5.6,27.57,-0.06,-0.08
12.6418,0.51,0.56,-0,0.21,129.93,26.7,-0.06,-0.08
12.6718,0.51,0.58,-0,0.21,132.55,27.06,-0.25,-0.08
12.6995,0.51,0.55,-0,0.21,127.35,27.44,-0.25,-0.08
12.7269,0.51,0.41,-0,0.21,94.24,25.86,-0.25,-0.08
12.7575,0.51,0.19,-0,0.23,11.38,27.98,-0.18,-0.06
12.7849,0.51,0.2,-0,0.22,15.93,23.08,-0.18,-0.06
12.8123,0.51,0.36,-0,0.23,77.1,24.32,-0.18,-0.06
12.8425,0.51,0.56,-0,0.23,128.33,22.04,-0.15,-0.05
12.87,0.51,0.61,-0,0.23,136.73,17.14,-0.15,-0.05
12.8975,0.51,0.26,-0,0.23,42.54,16.44,-0.15,-0.05
12.9275,0.51,0.24,-0,0.22,33.82,15.22,-0.09,-0.04
12.9552,0.51,0.24,-0,0.23,31.23,13.3,-0.09,-0.04
12.9852,0.51,0.25,-0,0.23,36.73,14.35,-0.07,-0.04
13.0126,0.51,0.22,-0,0.23,24.12,13.3,-0.07,-0.04
13.0402,0.51,0.25,-0,0.23,33.98,14,-0.07,-0.04
13.0701,0.51,0.22,-0,0.23,23.95,16.11,-0.06,-0.04
13.0975,0.51,0.24,-0,0.23,31.21,16.99,-0.06,-0.04
13.1252,0.51,0.24,-0,0.24,31.72,14.71,-0.06,-0.04
13.1526,0.51,0.24,-0,0.24,30.69,14.71,-0.06,-0.04
13.1826,0.51,0.22,-0,0.24,23.77,16.81,-0.05,-0.05
13.2101,0.51,0.24,-0,0.24,27.57,16.81,-0.05,-0.05
13.2401,0.51,0.26,-0,0.24,34.62,15.58,-0.03,-0.05
13.2675,0.51,0.25,-0,0.24,30.49,15.06,-0.03,-0.05
13.2952,0.51,0.25,-0,0.24,29.79,15.23,-0.03,-0.05
13.325,0.51,0.26,-0,0.24,32.71,15.06,-0.04,-0.05
13.3525,0.51,0.22,-0,0.24,19.23,12.25,-0.04,-0.05
13.3826,0.51,0.25,-0,0.24,27.89,15.41,-0.02,-0.04
13.41,0.51,0.19,-0,0.24,2.98,14.88,-0.02,-0.04
13.4376,0.51,0.19,-0,0.24,2.98,14.71,-0.02,-0.04
13.4674,0.51,0.19,-0,0.24,2.98,14.71,-0.01,-0.04
13.495,0.51,0.26,-0,0.25,34.76,14.71,-0.01,-0.04
13.5225,0.51,0.21,-0,0.25,13.48,15.94,-0.01,-0.04
13.5499,0.51,0.23,-0,0.25,21.31,16.99,-0.01,-0.04
13.5799,0.51,0.24,-0,0.26,24.78,16.81,-0.03,-0.05
13.6075,0.51,0.22,-0,0.26,17.83,18.04,-0.03,-0.05
13.6373,0.51,0.24,-0.01,0.27,25.64,19.09,-0.02,-0.05
13.665,0.51,0.23,-0.01,0.28,20.1,19.09,-0.02,-0.05
13.6925,0.51,0.2,-0.01,0.28,7.71,21.54,-0.02,-0.05
13.7224,0.51,0.22,-0.01,0.28,16.79,20.14,-0.01,-0.06
13.7499,0.51,0.22,-0.01,0.28,18.01,21.37,-0.01,-0.06
13.7773,0.51,0.23,-0.01,0.28,20.27,22.42,-0.01,-0.06
13.8073,0.51,0.22,-0.01,0.29,18.01,23.64,-0.03,-0.06
13.8349,0.51,0.22,-0.01,0.29,18.01,23.64,-0.03,-0.06
13.8648,0.51,0.22,-0.01,0.3,18.01,24.51,-0.02,-0.07
13.8924,0.51,0.25,-0.01,0.3,28.06,24.51,-0.02,-0.07
13.9199,0.51,0.25,-0.01,0.3,29.27,24.51,-0.02,-0.07
13.9474,0.51,0.21,-0.01,0.3,14.7,24.51,-0.02,-0.07
13.9774,0.51,0.23,-0.01,0.3,21.31,24.34,-0.02,-0.07
14.005,0.51,0.23,-0.01,0.3,21.31,23.81,-0.02,-0.07
14.035,0.51,0.23,-0.01,0.3,21.31,24.34,-0.03,-0.06
14.0625,0.51,0.2,-0.01,0.31,10.15,22.94,-0.03,-0.06
14.09,0.51,0.2,-0.01,0.31,7.88,22.06,-0.03,-0.06
14.12,0.51,0.2,-0.01,0.31,7.88,21.36,-0.01,-0.05
14.1474,0.51,0.2,-0.01,0.31,8.93,20.31,-0.01,-0.05
14.1749,0.51,0.2,-0.01,0.31,7.88,19.26,-0.01,-0.05
14.2049,0.51,0.19,-0.01,0.31,6.65,17.16,-0.01,-0.04
14.2324,0.51,0.19,-0.01,0.31,6.65,17.33,-0.01,-0.04
14.2624,0.51,0.19,-0.01,0.31,6.65,16.98,-0.01,-0.04
14.2898,0.51,0.19,-0.01,0.31,6.65,14.35,-0.01,-0.04
14.3173,0.51,0.19,-0.01,0.31,6.65,14.53,-0.01,-0.04
14.3447,0.51,0.19,-0.01,0.32,6.65,15.4,-0.01,-0.04
14.3745,0.51,0.19,-0.01,0.32,6.65,15.22,-0.01,-0.04
14.4022,0.51,0.19,-0.01,0.32,6.65,14.87,-0.01,-0.04
14.4322,0.51,0.19,-0.01,0.32,6.65,14.87,-0.01,-0.04
14.4597,0.51,0.19,-0.01,0.32,5.6,14.7,-0.01,-0.04
14.4871,0.51,0.19,-0.01,0.32,5.6,13.65,-0.01,-0.04
14.5169,0.51,0.19,-0.01,0.32,5.6,13.65,-0.01,-0.04
14.5443,0.51,0.19,-0.01,0.33,5.6,14.87,-0.01,-0.04
14.5718,0.51,0.19,-0.01,0.33,5.6,14.87,-0.01,-0.04
14.6018,0.51,0.19,-0.01,0.33,5.6,14.87,-0.01,-0.05
14.6292,0.51,0.19,-0.01,0.34,5.6,21.49,-0.01,-0.05
14.6592,0.51,0.19,-0.01,0.34,5.6,21.49,-0.01,-0.05
14.6867,0.51,0.19,-0.01,0.34,5.6,21.49,-0.01,-0.05
14.7141,0.51,0.19,-0.01,0.35,5.6,21.49,-0.01,-0.05
14.7416,0.51,0.19,-0.01,0.36,5.6,23.74,-0.01,-0.05
14.7714,0.51,0.2,-0.01,0.36,7.88,23.57,-0.01,-0.06
14.799,0.51,0.21,-0.01,0.36,14.7,24.78,-0.01,-0.06
14.8265,0.51,0.21,-0.01,0.38,14.7,25.82,-0.01,-0.06
14.8565,0.51,0.21,-0.01,0.38,14.7,28.06,-0.02,-0.07
14.8839,0.51,0.22,-0.01,0.38,18.01,28.06,-0.02,-0.07
14.9139,0.51,0.21,-0.01,0.39,14.7,29.1,-0.02,-0.07
14.9414,0.51,0.21,-0.01,0.39,14.7,27.89,-0.02,-0.07
14.969,0.51,0.22,-0.01,0.4,19.23,30.13,-0.02,-0.07
14.9988,0.51,0.22,-0.01,0.4,19.23,30.98,-0.02,-0.08
15.0263,0.51,0.22,-0.01,0.4,19.23,33.89,-0.02,-0.08
15.0573,0.51,0.22,-0.01,0.41,18.01,33.72,-0.03,-0.08
15.0847,0.51,0.22,-0.01,0.41,18.01,31.3,-0.03,-0.08
15.1121,0.51,0.22,-0.01,0.41,18.01,30.61,-0.03,-0.08
15.1398,0.51,0.22,-0.01,0.41,19.23,31.29,-0.03,-0.08
15.1697,0.51,0.22,-0.01,0.41,18.01,29.91,-0.02,-0.07
15.1972,0.51,0.22,-0.01,0.41,19.23,27.82,-0.02,-0.07
15.2248,0.51,0.22,-0.01,0.41,19.23,26.78,-0.02,-0.07
15.2547,0.51,0.22,-0.01,0.41,19.23,27.97,-0.02,-0.06
15.2823,0.51,0.21,-0.01,0.41,14.7,25.36,-0.02,-0.06
15.3122,0.51,0.21,-0.01,0.41,14.7,23.8,-0.02,-0.05
15.3397,0.51,0.22,-0.01,0.41,15.74,21.02,-0.02,-0.05
15.3673,0.51,0.22,-0.01,0.41,16.96,20.66,-0.02,-0.05
15.3972,0.51,0.22,-0.01,0.41,16.96,19.79,-0.02,-0.04
15.4248,0.51,0.22,-0.01,0.41,16.96,18.4,-0.02,-0.04
15.4522,0.51,0.21,-0.01,0.42,14.7,18.91,-0.02,-0.04
15.4822,0.51,0.22,-0.01,0.42,15.74,19.25,-0.02,-0.04
15.5097,0.51,0.21,-0.01,0.42,13.48,17.87,-0.02,-0.04
15.5372,0.51,0.22,-0.01,0.42,15.74,17.87,-0.02,-0.04
15.5672,0.51,0.22,-0.01,0.42,19.23,18.9,-0.02,-0.04
15.5947,0.51,0.22,-0.01,0.42,19.23,18.9,-0.02,-0.04
15.6221,0.51,0.23,-0.01,0.43,20.27,18.73,-0.02,-0.04
15.6521,0.51,0.23,-0.01,0.43,20.27,18.73,-0.03,-0.05
15.6798,0.51,0.23,-0.01,0.43,20.27,18.73,-0.03,-0.05
15.7098,0.51,0.22,-0.01,0.43,16.96,18.73,-0.03,-0.05
15.7372,0.51,0.23,-0.01,0.43,21.31,18.73,-0.03,-0.05
15.7647,0.51,0.23,-0.01,0.44,21.31,20.96,-0.03,-0.05
15.7947,0.51,0.23,-0.01,0.44,21.31,20.96,-0.03,-0.05
15.8221,0.51,0.23,-0.01,0.44,22.53,21.98,-0.03,-0.05
15.8497,0.51,0.23,-0.01,0.44,23.57,20.96,-0.03,-0.05
15.8796,0.51,0.25,-0.01,0.44,29.27,20.96,-0.03,-0.05
15.9072,0.51,0.23,-0.01,0.44,23.57,20.96,-0.03,-0.05
15.9346,0.51,0.23,-0.01,0.44,22.53,21.98,-0.03,-0.05
15.9646,0.51,0.23,-0.01,0.45,23.57,24.2,-0.03,-0.06
15.9921,0.51,0.24,-0.01,0.45,23.57,24.2,-0.03,-0.06
16.0197,0.51,0.23,-0.01,0.47,20.27,29.45,-0.03,-0.06
16.0497,0.51,0.23,-0.01,0.48,21.31,30.46,-0.03,-0.07
16.0771,0.51,0.22,-0.01,0.48,15.74,30.46,-0.03,-0.07
16.1073,0.51,0.22,-0.01,0.48,18.01,30.29,-0.02,-0.07
16.1347,0.51,0.22,-0.01,0.5,18.01,34.14,-0.02,-0.07
16.1622,0.51,0.23,-0.01,0.51,20.27,34.31,-0.02,-0.07
16.192,0.51,0.23,-0.01,0.51,19.23,33.13,-0.03,-0.09
16.2196,0.51,0.22,-0.01,0.52,16.96,39.45,-0.03,-0.09
16.2472,0.51,0.22,-0.01,0.53,18.01,39.45,-0.03,-0.09
16.2772,0.51,0.22,-0.01,0.53,18.01,40.27,-0.03,-0.1
16.3045,0.51,0.22,-0.01,0.53,18.01,40.27,-0.03,-0.1
16.3322,0.51,0.22,-0.01,0.54,18.01,40.1,-0.03,-0.1
16.362,0.51,0.23,-0.01,0.54,18.01,39.11,-0.03,-0.1
16.3896,0.51,0.22,-0.01,0.54,15.74,38.94,-0.03,-0.1
16.417,0.51,0.22,-0.01,0.54,16.96,39.92,-0.03,-0.1
16.4468,0.51,0.23,-0.01,0.55,18.01,40.74,-0.02,-0.1
16.4745,0.51,0.22,-0.01,0.55,16.96,41.04,-0.02,-0.1
16.5019,0.51,0.23,-0.01,0.56,18.01,41.85,-0.02,-0.1
16.5317,0.51,0.23,-0.01,0.56,19.23,43.97,-0.03,-0.11
16.5593,0.51,0.23,-0.01,0.57,19.23,44.44,-0.03,-0.11
16.5893,0.51,0.23,-0.01,0.57,19.23,43.3,-0.03,-0.11
16.6168,0.51,0.23,-0.01,0.57,19.23,44.27,-0.03,-0.11
16.6442,0.51,0.23,-0.01,0.58,18.01,48.13,-0.03,-0.11
16.6742,0.51,0.22,-0.01,0.58,16.96,49.88,-0.03,-0.12
16.7017,0.51,0.22,-0.01,0.58,16.96,49.88,-0.03,-0.12
16.7293,0.51,0.22,-0.01,0.58,16.96,49.88,-0.03,-0.12
16.7593,0.51,0.22,-0.01,0.58,16.96,49.88,-0.02,-0.12
16.7867,0.51,0.22,-0.01,0.59,16.96,50.83,-0.02,-0.12
16.8144,0.51,0.22,-0.01,0.6,15.74,53.84,-0.02,-0.12
16.8442,0.51,0.23,-0.01,0.61,18.01,57.42,-0.02,-0.12
16.8718,0.51,0.23,-0.01,0.61,20.27,58.02,-0.02,-0.12
16.8992,0.51,0.23,-0.01,0.63,21.31,58.19,-0.02,-0.12
16.9292,0.51,0.23,-0.01,0.62,21.31,59.87,-0.03,-0.14
16.9567,0.51,0.24,-0.01,0.63,23.39,58.78,-0.03,-0.14
16.9867,0.51,0.24,-0.01,0.63,23.39,59.87,-0.03,-0.14
17.0143,0.5,0.24,-0.01,0.63,24.78,59.87,-0.03,-0.14
17.0417,0.51,0.25,-0.01,0.63,29.1,59.87,-0.03,-0.14
17.0717,0.51,0.26,-0.01,0.64,30.13,59.7,-0.04,-0.14
17.0992,0.51,0.27,-0.01,0.64,32.54,60.79,-0.04,-0.14
17.1266,0.51,0.27,-0.01,0.64,32.54,60.79,-0.04,-0.14
17.1573,0.51,0.27,-0.01,0.65,34.76,61.7,-0.05,-0.15
17.185,0.51,0.28,-0.01,0.65,36.81,61.54,-0.05,-0.15
17.2124,0.51,0.27,-0.01,0.65,35.61,62.62,-0.05,-0.15
17.2424,0.51,0.28,-0.01,0.65,36.63,60.62,-0.05,-0.15
17.2698,0.51,0.28,-0.01,0.66,35.61,61.54,-0.05,-0.15
17.2974,0.51,0.27,-0.01,0.66,33.39,60.45,-0.05,-0.15
17.3274,0.51,0.27,-0.01,0.67,34.59,61.37,-0.05,-0.16
17.3551,0.5,0.28,-0.01,0.67,35.61,61.37,-0.05,-0.16
17.3851,0.51,0.29,-0.01,0.67,39.02,63.19,-0.05,-0.16
17.4125,0.5,0.3,-0.01,0.68,44.42,64.26,-0.05,-0.16
17.44,0.51,0.3,-0.01,0.68,45.43,64.1,-0.05,-0.16
17.47,0.5,0.3,-0.01,0.69,45.26,65,-0.07,-0.17
17.4974,0.5,0.31,-0.01,0.69,46.26,63.19,-0.07,-0.17
17.5248,0.51,0.31,-0.01,0.7,46.43,67.52,-0.07,-0.17
17.5524,0.51,0.31,-0.01,0.7,47.61,67.52,-0.07,-0.17
17.5824,0.5,0.32,-0.01,0.7,48.43,67.52,-0.07,-0.17
17.6099,0.51,0.32,-0.01,0.7,48.61,69.3,-0.07,-0.17
17.6399,0.5,0.32,-0.01,0.71,48.61,70.34,-0.07,-0.18
17.6673,0.5,0.32,-0.01,0.71,49.43,70.34,-0.07,-0.18
17.6949,0.51,0.32,-0.01,0.71,49.43,71.06,-0.07,-0.18
17.7249,0.51,0.33,-0.01,0.72,52.58,72.8,-0.07,-0.18
17.7524,0.51,0.33,-0.01,0.72,53.56,72.8,-0.07,-0.18
17.7824,0.51,0.33,-0.01,0.73,53.74,73.5,-0.08,-0.19
17.8098,0.51,0.33,-0.01,0.73,53.74,73.5,-0.08,-0.19
17.8374,0.51,0.33,-0.01,0.73,53.74,73.5,-0.08,-0.19
17.8673,0.51,0.33,-0.01,0.73,53.56,74.37,-0.08,-0.19
17.8947,0.51,0.33,-0.01,0.73,53.56,74.37,-0.08,-0.19
17.9223,0.51,0.33,-0.01,0.73,53.56,74.37,-0.08,-0.19
17.9497,0.51,0.33,-0.01,0.74,53.74,75.22,-0.08,-0.19
17.9796,0.51,0.33,-0.01,0.74,53.74,77.61,-0.08,-0.19
18.0072,0.5,0.33,-0.01,0.74,54.72,77.61,-0.08,-0.19
18.0372,0.5,0.33,-0.01,0.74,54.72,77.61,-0.08,-0.2
18.0647,0.5,0.34,-0.01,0.75,55.87,78.46,-0.08,-0.2
18.0922,0.51,0.34,-0.01,0.75,54.55,78.46,-0.08,-0.2
18.1222,0.5,0.34,-0.01,0.75,55.87,79.3,-0.08,-0.2
18.1496,0.5,0.34,-0.01,0.74,55.87,77.61,-0.08,-0.2
18.1772,0.5,0.34,-0.01,0.75,55.87,78.62,-0.08,-0.2
18.2072,0.5,0.34,-0.01,0.75,56.85,79.3,-0.08,-0.2
18.2346,0.5,0.34,-0.01,0.75,56.68,80.8,-0.08,-0.2
18.2645,0.5,0.34,-0.01,0.75,56.68,80.8,-0.09,-0.2
18.2921,0.5,0.34,-0.01,0.75,56.68,81.63,-0.09,-0.2
18.3195,0.5,0.34,-0.01,0.75,56.68,81.79,-0.09,-0.2
18.3472,0.5,0.34,-0.01,0.76,56.68,81.79,-0.09,-0.2
18.377,0.5,0.35,-0.01,0.76,57.83,81.63,-0.09,-0.21
18.4047,0.5,0.35,-0.01,0.76,57.66,81.63,-0.09,-0.21
18.4347,0.5,0.35,-0.01,0.76,57.66,81.63,-0.09,-0.21
18.4622,0.5,0.34,-0.01,0.76,56.68,81.63,-0.09,-0.21
18.4898,0.5,0.34,-0.01,0.76,56.68,80.8,-0.09,-0.21
18.5197,0.5,0.34,-0.01,0.75,56.85,81.63,-0.09,-0.2
18.5473,0.5,0.34,-0.01,0.76,56.68,81.79,-0.09,-0.2
18.5749,0.5,0.35,-0.01,0.76,57.66,81.63,-0.09,-0.2
18.6047,0.5,0.35,-0.01,0.76,57.66,81.63,-0.09,-0.21
18.6323,0.5,0.35,-0.01,0.76,57.66,81.63,-0.09,-0.21
18.6622,0.5,0.35,-0.01,0.76,57.66,81.63,-0.09,-0.21
18.6898,0.5,0.34,-0.01,0.75,56.68,81.79,-0.09,-0.21
18.7173,0.5,0.35,-0.01,0.76,57.83,81.63,-0.09,-0.21
18.7449,0.5,0.35,-0.01,0.76,57.66,81.63,-0.09,-0.21
18.7749,0.5,0.35,-0.01,0.76,57.66,81.63,-0.09,-0.21
18.8024,0.5,0.35,-0.01,0.76,57.83,81.63,-0.09,-0.21
18.8324,0.5,0.35,-0.01,0.76,57.66,81.63,-0.09,-0.21
18.86,0.5,0.35,-0.01,0.75,57.66,81.79,-0.09,-0.21
18.8874,0.5,0.35,-0.01,0.75,57.66,81.63,-0.09,-0.21
18.9174,0.5,0.34,-0.01,0.75,56.68,81.63,-0.09,-0.2
18.945,0.5,0.35,-0.01,0.76,57.66,81.63,-0.09,-0.2
18.9725,0.5,0.35,-0.01,0.76,57.66,81.79,-0.09,-0.2
19.0025,0.5,0.35,-0.01,0.76,57.66,81.63,-0.09,-0.21
19.0302,0.5,0.35,-0.01,0.75,57.83,81.63,-0.09,-0.21
19.0602,0.5,0.35,-0.01,0.75,58.63,80.8,-0.09,-0.2
19.0878,0.5,0.35,-0.01,0.75,58.63,81.63,-0.09,-0.2
19.1153,0.5,0.35,-0.01,0.75,57.66,81.63,-0.09,-0.2
19.1429,0.5,0.35,-0.01,0.75,58.8,81.63,-0.09,-0.2
19.1727,0.5,0.35,-0.01,0.75,58.63,81.63,-0.09,-0.2
19.2003,0.5,0.35,-0.01,0.76,58.63,81.63,-0.09,-0.2
19.2278,0.5,0.35,-0.01,0.76,58.63,81.63,-0.09,-0.2
19.2578,0.5,0.35,-0.01,0.75,59.94,81.63,-0.09,-0.21
19.2853,0.5,0.35,-0.01,0.76,58.63,81.63,-0.09,-0.21
19.3153,0.5,0.34,-0.01,0.75,56.68,81.63,-0.09,-0.21
19.3429,0.5,0.35,-0.01,0.76,57.66,80.8,-0.09,-0.21
19.3705,0.51,0.34,-0.01,0.76,56.68,81.63,-0.09,-0.21
19.4003,0.5,0.34,-0.01,0.75,55.87,81.63,-0.09,-0.21
19.4279,0.5,0.34,-0.01,0.75,55.7,80.8,-0.09,-0.21
19.4578,0.5,0.34,-0.01,0.75,56.68,80.8,-0.08,-0.2
19.4854,0.5,0.34,-0.01,0.76,56.68,80.8,-0.08,-0.2
19.5129,0.5,0.35,-0.01,0.76,57.66,81.63,-0.08,-0.2
19.5403,0.5,0.35,-0.01,0.76,57.83,81.63,-0.08,-0.2
19.5703,0.5,0.35,-0.01,0.76,57.66,81.63,-0.09,-0.21
19.5978,0.5,0.35,-0.01,0.76,57.66,81.63,-0.09,-0.21
19.6254,0.5,0.35,-0.01,0.76,57.66,81.63,-0.09,-0.21
19.6554,0.5,0.34,-0.01,0.76,55.7,81.63,-0.09,-0.21
19.6829,0.5,0.35,-0.01,0.76,57.66,81.63,-0.09,-0.21
19.7128,0.5,0.35,-0.01,0.76,57.66,81.79,-0.09,-0.21
19.7405,0.5,0.35,-0.01,0.76,57.66,81.63,-0.09,-0.21
19.7682,0.5,0.35,-0.01,0.75,58.63,81.63,-0.09,-0.21
19.7982,0.5,0.35,-0.01,0.75,57.66,81.79,-0.09,-0.2
19.8257,0.5,0.35,-0.01,0.76,57.66,81.63,-0.09,-0.2
19.8533,0.5,0.35,-0.01,0.76,58.63,81.79,-0.09,-0.2
19.8833,0.5,0.35,-0.01,0.75,57.66,81.79,-0.09,-0.21
19.9107,0.51,0.35,-0.01,0.75,57.66,81.63,-0.09,-0.21
19.9383,0.5,0.35,-0.01,0.76,57.66,81.63,-0.09,-0.21
19.9683,0.5,0.35,-0.01,0.76,57.66,81.63,-0.09,-0.21
19.9958,0.5,0.35,-0.01,0.76,57.66,81.63,-0.09,-0.21
20.0234,0.5,0.35,-0.01,0.76,57.66,81.63,-0.09,-0.21
20.0534,0.5,0.34,-0.01,0.76,56.85,81.79,-0.09,-0.21
20.081,0.5,0.34,-0.01,0.76,56.68,81.79,-0.09,-0.21
20.1108,0.5,0.35,-0.01,0.75,57.66,81.63,-0.09,-0.21
20.1385,0.5,0.34,-0.01,0.76,56.68,81.63,-0.09,-0.21
20.1659,0.5,0.34,-0.01,0.76,56.68,81.63,-0.09,-0.21
20.196,0.5,0.34,-0.01,0.76,56.68,81.63,-0.09,-0.21
20.2234,0.5,0.34,-0.01,0.76,55.7,81.63,-0.09,-0.21
20.251,0.5,0.34,-0.01,0.75,56.68,81.63,-0.09,-0.21
20.281,0.5,0.35,-0.01,0.76,57.83,81.63,-0.09,-0.2
20.3086,0.5,0.34,-0.01,0.76,55.7,81.63,-0.09,-0.2
20.3361,0.5,0.34,-0.01,0.76,56.68,81.63,-0.09,-0.2
20.3661,0.51,0.34,-0.01,0.76,56.68,81.63,-0.09,-0.21
20.3937,0.5,0.35,-0.01,0.76,57.83,81.63,-0.09,-0.21
20.4213,0.5,0.35,-0.01,0.76,57.83,81.63,-0.09,-0.21
20.4513,0.5,0.35,-0,0.76,57.66,81.79,-0.09,-0.21
20.479,0.5,0.35,-0.01,0.76,57.66,81.63,-0.09,-0.21
20.509,0.5,0.35,-0.01,0.76,57.66,81.63,-0.09,-0.21
20.5364,0.5,0.35,-0.01,0.75,57.66,81.63,-0.09,-0.21
20.564,0.51,0.35,-0.01,0.76,57.66,81.63,-0.09,-0.21
20.594,0.5,0.35,-0.01,0.76,57.66,81.63,-0.09,-0.21
20.6216,0.5,0.35,-0.01,0.76,57.66,81.63,-0.09,-0.21
20.6493,0.5,0.35,-0.01,0.75,57.66,81.63,-0.09,-0.21
20.6791,0.5,0.35,-0.01,0.76,57.66,81.63,-0.09,-0.2
20.7066,0.5,0.35,-0.01,0.76,57.66,81.63,-0.09,-0.2
20.7343,0.5,0.35,-0.01,0.76,57.66,81.63,-0.09,-0.2
20.7643,0.5,0.35,-0.01,0.76,57.66,81.79,-0.09,-0.21
20.7917,0.5,0.35,-0.01,0.76,57.83,81.79,-0.09,-0.21
20.8192,0.5,0.35,-0.01,0.76,57.66,81.63,-0.09,-0.21
20.8492,0.5,0.34,-0.01,0.76,55.7,81.63,-0.09,-0.21
20.8766,0.5,0.34,-0.02,0.76,56.68,81.63,-0.09,-0.21
20.9073,0.5,0.34,-0.01,0.76,56.68,81.63,-0.09,-0.21
20.9349,0.5,0.34,-0.01,0.76,56.85,81.79,-0.09,-0.21
20.9624,0.5,0.34,-0.01,0.76,56.68,81.63,-0.09,-0.21
20.9925,0.5,0.34,-0.01,0.76,56.85,81.63,-0.09,-0.21
21.0198,0.5,0.34,-0.01,0.76,56.68,81.63,-0.09,-0.21
21.0475,0.5,0.34,-0.01,0.76,56.68,81.63,-0.09,-0.21
21.0773,0.5,0.34,-0.01,0.76,56.68,81.63,-0.09,-0.21
21.1049,0.5,0.34,-0.01,0.76,56.68,81.63,-0.09,-0.21
21.1324,0.5,0.34,-0.01,0.76,56.68,81.63,-0.09,-0.21
21.1624,0.5,0.34,-0.01,0.76,56.68,82.61,-0.09,-0.21
21.1898,0.5,0.34,-0.01,0.76,56.68,81.63,-0.09,-0.21
21.2173,0.5,0.34,-0.01,0.76,56.68,80.8,-0.09,-0.21
21.2473,0.5,0.35,-0.01,0.76,57.66,81.63,-0.09,-0.2
21.2748,0.5,0.34,-0.01,0.76,56.68,81.63,-0.09,-0.2
21.3025,0.5,0.35,-0.01,0.76,58.63,82.45,-0.09,-0.2
21.3324,0.5,0.35,-0.01,0.76,57.66,82.45,-0.09,-0.21
21.3598,0.5,0.34,-0.01,0.76,56.68,82.45,-0.09,-0.21
21.3899,0.5,0.34,-0.01,0.76,56.68,82.45,-0.09,-0.2
21.4173,0.5,0.35,-0.01,0.76,59.77,82.45,-0.09,-0.2
21.4448,0.5,0.35,-0.01,0.76,57.66,82.45,-0.09,-0.2
21.4748,0.5,0.35,-0.01,0.76,58.63,82.45,-0.09,-0.21
21.5023,0.5,0.35,-0,0.76,59.77,82.45,-0.09,-0.21
21.5299,0.5,0.34,-0.01,0.76,56.68,82.61,-0.09,-0.21
21.5599,0.5,0.35,-0.01,0.76,57.66,82.45,-0.09,-0.21
21.5875,0.5,0.35,-0.01,0.76,57.66,82.45,-0.09,-0.21
21.615,0.5,0.34,-0.01,0.76,56.68,82.45,-0.09,-0.21
21.6449,0.5,0.34,-0.01,0.76,56.68,82.45,-0.09,-0.21
21.6726,0.5,0.34,-0.01,0.76,56.68,82.45,-0.09,-0.21
21.7,0.5,0.34,-0.01,0.76,56.68,82.45,-0.09,-0.21
21.73,0.5,0.34,-0.01,0.76,56.68,82.45,-0.09,-0.21
21.7575,0.5,0.34,-0.01,0.76,56.68,82.45,-0.09,-0.21
21.7876,0.5,0.34,-0.01,0.76,56.68,82.45,-0.09,-0.21
21.815,0.5,0.34,-0.01,0.76,56.68,82.45,-0.09,-0.21
21.8425,0.5,0.34,-0.01,0.76,56.68,82.45,-0.09,-0.21
21.8725,0.5,0.34,-0.02,0.76,56.68,82.45,-0.09,-0.21
21.9001,0.5,0.34,-0.01,0.76,56.68,82.45,-0.09,-0.21
21.9275,0.5,0.35,-0.01,0.76,57.66,82.45,-0.09,-0.21
21.9577,0.5,0.35,-0.01,0.76,57.66,82.45,-0.09,-0.21
21.9851,0.5,0.35,-0.01,0.76,57.66,82.45,-0.09,-0.21
22.0127,0.5,0.35,-0.01,0.76,57.66,81.63,-0.09,-0.21
22.0428,0.5,0.35,-0.01,0.76,57.66,82.45,-0.09,-0.21
22.0702,0.5,0.35,-0.01,0.76,57.83,82.45,-0.09,-0.21
22.0978,0.5,0.35,-0.01,0.76,57.66,82.45,-0.09,-0.21
22.1278,0.5,0.35,-0.01,0.76,58.63,82.45,-0.09,-0.21
22.1554,0.5,0.35,-0.01,0.76,58.63,82.45,-0.09,-0.21
22.1854,0.5,0.35,-0.01,0.76,57.83,82.45,-0.09,-0.21
22.2129,0.5,0.35,-0.01,0.76,58.63,82.45,-0.09,-0.21
22.2405,0.5,0.35,-0.01,0.76,58.63,82.45,-0.09,-0.21
22.2705,0.5,0.35,-0.01,0.76,58.63,82.45,-0.09,-0.21
22.298,0.5,0.35,-0.01,0.76,58.63,82.45,-0.09,-0.21
22.3254,0.5,0.35,-0.01,0.76,58.63,82.45,-0.09,-0.21
22.3531,0.5,0.35,-0.01,0.76,58.63,82.45,-0.09,-0.21
22.3828,0.5,0.35,-0.01,0.76,57.66,82.45,-0.09,-0.21
22.4105,0.5,0.35,-0.01,0.76,57.66,82.45,-0.09,-0.21
22.4405,0.5,0.35,-0.01,0.76,57.66,82.45,-0.09,-0.21
22.4679,0.5,0.35,-0.01,0.76,57.66,82.45,-0.09,-0.21
22.4956,0.5,0.35,-0.01,0.76,57.83,82.45,-0.09,-0.21
22.5256,0.5,0.35,-0.01,0.76,57.66,82.45,-0.09,-0.21
22.553,0.5,0.35,-0.02,0.76,57.66,82.45,-0.09,-0.21
22.5832,0.5,0.35,-0.01,0.76,57.66,82.45,-0.09,-0.21
22.6108,0.5,0.35,-0.01,0.76,57.66,82.45,-0.09,-0.21
22.6382,0.5,0.35,-0.01,0.76,57.66,82.45,-0.09,-0.21
22.6682,0.5,0.35,-0.01,0.76,57.66,82.45,-0.09,-0.21
22.6959,0.5,0.35,-0,0.76,57.66,82.61,-0.09,-0.21
22.7234,0.5,0.35,-0.01,0.76,57.66,82.45,-0.09,-0.21
22.751,0.5,0.35,-0.01,0.76,57.66,82.45,-0.09,-0.21
22.781,0.5,0.35,-0.01,0.76,57.66,82.45,-0.09,-0.21
22.8084,0.5,0.35,-0.01,0.76,57.66,82.45,-0.09,-0.21
22.8384,0.5,0.35,-0.01,0.76,57.66,82.45,-0.09,-0.2
22.866,0.5,0.35,-0.01,0.76,57.66,82.45,-0.09,-0.2
22.8935,0.5,0.35,-0.01,0.76,57.66,82.45,-0.09,-0.2
22.9234,0.5,0.35,-0.01,0.76,57.66,82.45,-0.09,-0.21
22.9509,0.5,0.35,-0.01,0.76,57.66,82.45,-0.09,-0.21
22.9786,0.5,0.35,-0.01,0.76,57.66,82.45,-0.09,-0.21
23.0085,0.51,0.34,-0.01,0.76,56.68,82.45,-0.09,-0.21
23.0359,0.5,0.35,-0.01,0.76,57.66,82.45,-0.09,-0.21
23.066,0.5,0.35,-0.01,0.76,57.66,82.45,-0.09,-0.21
23.0934,0.5,0.35,-0.01,0.76,57.66,82.45,-0.09,-0.21
23.121,0.5,0.35,-0.01,0.76,57.66,82.45,-0.09,-0.21
23.1485,0.5,0.35,-0.01,0.76,58.63,82.45,-0.09,-0.21
23.1785,0.5,0.35,-0.01,0.76,57.66,82.45,-0.09,-0.21
23.2059,0.51,0.35,-0,0.76,57.66,82.45,-0.09,-0.21
23.236,0.5,0.35,-0.01,0.76,57.83,82.61,-0.09,-0.21
23.2636,0.5,0.35,-0.01,0.76,58.63,82.45,-0.09,-0.21
23.291,0.5,0.35,-0.01,0.76,57.66,82.45,-0.09,-0.21
23.3211,0.5,0.35,-0.01,0.76,57.66,82.45,-0.09,-0.21
23.3485,0.5,0.35,-0.01,0.76,57.66,82.45,-0.09,-0.21
23.376,0.5,0.35,-0.01,0.76,57.66,82.45,-0.09,-0.21
23.406,0.5,0.35,-0.01,0.76,58.63,82.45,-0.09,-0.21
23.4336,0.5,0.35,-0.01,0.76,57.66,82.45,-0.09,-0.21
23.4635,0.5,0.35,-0.01,0.76,58.63,82.45,-0.09,-0.21
23.4911,0.5,0.35,-0.01,0.76,57.66,82.45,-0.09,-0.21
23.5185,0.5,0.35,-0.01,0.76,58.63,82.45,-0.09,-0.21
23.5463,0.5,0.35,-0.01,0.76,58.63,82.45,-0.09,-0.21
23.5763,0.5,0.35,-0.01,0.76,58.63,83.11,-0.09,-0.21
23.604,0.5,0.35,-0.01,0.76,58.63,82.45,-0.09,-0.21
23.6338,0.5,0.35,-0.01,0.76,58.8,82.45,-0.09,-0.21
23.6614,0.5,0.35,-0.01,0.76,59.77,83.11,-0.09,-0.21
23.6889,0.5,0.35,-0.01,0.76,59.77,83.11,-0.09,-0.21
23.7189,0.5,0.35,-0.01,0.76,58.63,83.27,-0.09,-0.21
23.7463,0.5,0.35,-0.01,0.76,58.63,83.11,-0.09,-0.21
23.7739,0.5,0.35,-0.01,0.76,58.63,82.61,-0.09,-0.21
23.8038,0.5,0.35,-0.01,0.76,59.77,82.45,-0.09,-0.21
23.8314,0.5,0.35,-0.01,0.76,58.63,82.45,-0.09,-0.21
23.8614,0.5,0.35,-0.01,0.76,59.77,82.45,-0.09,-0.21
23.8889,0.5,0.35,-0.01,0.76,59.77,82.45,-0.09,-0.21
23.9164,0.5,0.35,-0.01,0.76,59.94,82.45,-0.09,-0.21
23.9438,0.5,0.35,-0.01,0.76,58.63,82.45,-0.09,-0.21
23.9738,0.5,0.35,-0.01,0.76,59.77,82.45,-0.09,-0.21
24.0015,0.5,0.35,-0.01,0.76,59.77,83.11,-0.09,-0.21
24.0324,0.5,0.35,-0.01,0.76,59.77,83.11,-0.09,-0.21
24.0599,0.5,0.35,-0.01,0.76,59.77,83.11,-0.09,-0.21
24.0874,0.5,0.35,-0.01,0.76,58.8,83.27,-0.09,-0.21
24.1174,0.5,0.35,-0.01,0.76,58.63,83.27,-0.09,-0.21
24.1448,0.5,0.35,-0.01,0.76,59.77,83.11,-0.09,-0.21
24.1724,0.5,0.35,-0.01,0.76,59.77,83.11,-0.09,-0.21
24.2024,0.5,0.35,-0.01,0.76,58.63,83.11,-0.09,-0.21
24.23,0.5,0.35,-0.01,0.76,59.77,83.11,-0.09,-0.21
24.26,0.5,0.35,-0.01,0.76,58.63,83.11,-0.09,-0.21
24.2874,0.5,0.35,-0.01,0.76,58.63,83.11,-0.09,-0.21
24.315,0.5,0.35,-0.01,0.76,58.63,83.11,-0.09,-0.21
24.3424,0.5,0.35,0,0.76,58.63,83.93,-0.09,-0.21
24.3723,0.5,0.35,-0.01,0.76,59.77,83.11,-0.09,-0.21
24.3999,0.5,0.35,-0.01,0.76,59.77,83.93,-0.09,-0.21
24.4274,0.5,0.35,-0.01,0.76,59.77,83.11,-0.09,-0.21
24.4574,0.5,0.35,-0.01,0.76,59.94,83.11,-0.09,-0.21
24.4848,0.5,0.35,-0.01,0.76,59.77,83.11,-0.09,-0.21
24.5148,0.5,0.35,-0.01,0.76,59.77,83.11,-0.09,-0.21
24.5423,0.5,0.35,-0.01,0.76,59.77,83.11,-0.09,-0.21
24.5699,0.5,0.35,-0.01,0.76,59.77,83.27,-0.09,-0.21
24.5997,0.5,0.35,-0.01,0.76,59.77,83.11,-0.09,-0.21
24.6273,0.5,0.35,-0.01,0.76,59.77,83.27,-0.09,-0.21
24.6573,0.51,0.35,-0.01,0.76,59.77,83.11,-0.09,-0.21
24.6848,0.5,0.35,-0.01,0.76,59.77,83.11,-0.09,-0.21
24.7124,0.5,0.35,-0.01,0.76,57.66,83.11,-0.09,-0.21
24.7398,0.5,0.35,-0.01,0.76,57.66,83.27,-0.09,-0.21
24.7697,0.5,0.35,-0.01,0.76,57.66,83.11,-0.09,-0.21
24.7972,0.5,0.35,-0.01,0.76,58.63,83.27,-0.09,-0.21
24.8247,0.5,0.35,-0.01,0.76,58.63,83.27,-0.09,-0.21
24.8549,0.5,0.35,-0.01,0.76,59.77,83.27,-0.09,-0.21
24.8824,0.5,0.35,-0.01,0.76,57.66,83.11,-0.09,-0.21
24.9124,0.5,0.35,-0.01,0.76,58.63,83.11,-0.09,-0.21
24.9397,0.5,0.35,-0.01,0.76,58.8,83.11,-0.09,-0.21
24.9674,0.5,0.35,-0.01,0.76,58.63,83.11,-0.09,-0.21
24.9973,0.5,0.35,-0.01,0.76,58.63,83.11,-0.09,-0.21
25.0249,0.5,0.35,-0.01,0.76,58.63,83.11,-0.09,-0.21
25.0524,0.5,0.35,-0.01,0.76,58.63,83.11,-0.09,-0.21
25.0824,0.5,0.35,-0.01,0.76,57.66,83.11,-0.09,-0.21
25.1098,0.5,0.35,-0.01,0.76,58.63,83.11,-0.09,-0.21
25.1372,0.5,0.35,-0.01,0.76,57.66,83.11,-0.09,-0.21
25.1673,0.5,0.35,-0.01,0.76,58.63,83.11,-0.09,-0.21
25.1947,0.5,0.35,-0.01,0.76,58.63,83.11,-0.09,-0.21
25.2224,0.5,0.35,-0.01,0.76,57.66,83.27,-0.09,-0.21
25.2524,0.5,0.35,-0.01,0.76,57.66,83.11,-0.09,-0.21
25.2798,0.5,0.35,-0.01,0.76,57.66,83.11,-0.09,-0.21
25.3098,0.5,0.35,-0.01,0.76,58.63,83.11,-0.09,-0.21
25.3373,0.5,0.35,-0.01,0.76,58.63,83.11,-0.09,-0.21
25.3649,0.5,0.35,-0.01,0.76,58.63,83.11,-0.09,-0.21
25.3947,0.5,0.35,-0.01,0.76,57.66,83.27,-0.09,-0.21
25.4224,0.5,0.35,-0.02,0.76,57.66,83.11,-0.09,-0.21
25.4497,0.5,0.35,-0.01,0.76,57.66,83.93,-0.09,-0.21
25.4797,0.5,0.35,-0.01,0.76,58.63,83.11,-0.09,-0.21
25.5072,0.5,0.35,-0.01,0.76,57.66,83.11,-0.09,-0.21
25.5346,0.5,0.35,-0.01,0.76,58.63,83.11,-0.09,-0.21
25.5646,0.5,0.35,-0.01,0.76,58.63,83.11,-0.09,-0.21
25.5921,0.5,0.35,-0.01,0.76,58.63,83.11,-0.09,-0.21
25.6197,0.5,0.35,-0.01,0.76,59.77,83.11,-0.09,-0.21
25.6497,0.5,0.35,-0.01,0.76,59.77,83.11,-0.09,-0.21
25.6772,0.5,0.35,-0.01,0.76,59.77,83.11,-0.09,-0.21
25.7072,0.5,0.35,-0.01,0.76,59.77,83.11,-0.09,-0.21
25.7348,0.5,0.35,-0.02,0.76,59.77,83.27,-0.09,-0.21
25.7623,0.5,0.35,-0.01,0.76,59.77,83.11,-0.09,-0.21
25.7923,0.5,0.35,-0.01,0.76,59.77,83.11,-0.09,-0.21
25.8197,0.5,0.35,-0.01,0.76,59.77,83.11,-0.09,-0.21
25.8473,0.5,0.35,-0.01,0.76,59.94,83.11,-0.09,-0.21
25.8772,0.5,0.35,-0.01,0.76,59.77,83.27,-0.09,-0.21
25.9048,0.5,0.35,-0.01,0.76,59.77,83.11,-0.09,-0.21
25.9323,0.5,0.35,-0.01,0.76,59.77,83.11,-0.09,-0.21
25.9623,0.5,0.35,-0.01,0.76,59.77,83.11,-0.09,-0.21
25.9897,0.5,0.35,-0.01,0.76,58.63,83.11,-0.09,-0.21
26.0173,0.5,0.35,-0.02,0.76,59.77,83.11,-0.09,-0.21
26.0472,0.5,0.35,-0.01,0.76,59.77,83.11,-0.09,-0.21
26.0748,0.5,0.35,-0.01,0.76,59.77,83.11,-0.09,-0.21
26.1023,0.5,0.35,-0.01,0.76,59.77,83.11,-0.09,-0.21
26.1323,0.5,0.35,-0.01,0.76,59.77,83.11,-0.09,-0.21
26.1598,0.5,0.35,-0.01,0.76,58.63,83.11,-0.09,-0.21
26.1898,0.5,0.35,-0.01,0.76,58.63,83.11,-0.09,-0.21
26.2172,0.5,0.35,-0.01,0.76,58.63,83.11,-0.09,-0.21
26.2448,0.5,0.35,-0.01,0.76,59.77,83.11,-0.09,-0.21
26.2749,0.5,0.35,-0.01,0.76,58.63,83.11,-0.09,-0.21
26.3025,0.51,0.35,-0.01,0.76,58.63,83.11,-0.09,-0.21
26.33,0.5,0.35,-0.01,0.76,58.63,83.11,-0.09,-0.21
26.36,0.5,0.35,-0.01,0.76,58.63,83.11,-0.09,-0.21
26.3874,0.5,0.35,-0.01,0.76,58.63,83.11,-0.09,-0.21
26.4149,0.5,0.36,-0.01,0.76,60.74,83.11,-0.09,-0.21
26.4449,0.5,0.36,-0.01,0.76,60.74,83.11,-0.09,-0.21
26.4723,0.5,0.36,-0.01,0.76,61.71,83.11,-0.09,-0.21
26.4999,0.5,0.36,-0.01,0.76,61.71,83.11,-0.09,-0.21
26.5299,0.5,0.36,-0.01,0.76,60.91,83.11,-0.09,-0.21
26.5575,0.5,0.36,-0.01,0.76,62.67,83.11,-0.09,-0.21
26.5876,0.5,0.36,-0.01,0.76,60.74,83.11,-0.1,-0.21
26.615,0.5,0.36,-0.01,0.76,60.74,83.11,-0.1,-0.21
26.6424,0.5,0.36,-0.01,0.76,61.71,83.11,-0.1,-0.21
26.6724,0.5,0.36,-0.01,0.76,61.71,83.11,-0.09,-0.21
26.6999,0.5,0.36,-0.01,0.76,60.74,83.11,-0.09,-0.21
26.7274,0.5,0.36,-0.01,0.76,61.71,83.11,-0.09,-0.21
26.7574,0.5,0.36,-0.01,0.76,62.67,83.11,-0.09,-0.21
26.7848,0.5,0.36,-0.01,0.76,61.71,83.11,-0.09,-0.21
26.8124,0.5,0.36,-0.01,0.76,61.71,82.45,-0.09,-0.21
26.8425,0.5,0.36,-0.01,0.76,60.74,83.11,-0.09,-0.21
26.8698,0.5,0.36,-0.01,0.76,60.74,83.11,-0.09,-0.21
26.8975,0.5,0.36,-0.01,0.76,60.74,83.11,-0.09,-0.21
26.9273,0.5,0.36,-0.01,0.76,60.74,83.27,-0.09,-0.21
26.9549,0.5,0.36,-0.01,0.76,61.71,83.11,-0.09,-0.21
26.9849,0.5,0.36,-0.01,0.76,61.71,83.11,-0.09,-0.21
27.0127,0.5,0.36,-0.01,0.76,61.71,83.11,-0.09,-0.21
27.04,0.5,0.36,-0.01,0.76,60.74,83.11,-0.09,-0.21
27.0699,0.5,0.36,-0.01,0.76,61.88,83.11,-0.09,-0.21
27.0975,0.5,0.36,-0.01,0.76,60.74,83.11,-0.09,-0.21
27.1249,0.5,0.36,-0.01,0.76,60.74,83.11,-0.09,-0.21
27.1524,0.5,0.36,-0,0.76,60.74,83.11,-0.09,-0.21
27.1824,0.5,0.36,-0.01,0.76,61.71,83.11,-0.09,-0.21
27.21,0.5,0.36,-0.01,0.76,60.74,83.11,-0.09,-0.21
27.2398,0.5,0.36,-0.01,0.76,60.74,83.11,-0.09,-0.21
27.2674,0.5,0.35,-0.01,0.76,59.77,83.11,-0.09,-0.21
27.2949,0.5,0.35,-0.01,0.76,59.77,83.11,-0.09,-0.21
27.3249,0.5,0.35,-0.01,0.76,59.77,83.11,-0.09,-0.21
27.3524,0.5,0.36,-0.01,0.76,61.88,83.27,-0.09,-0.21
27.3827,0.5,0.35,-0.01,0.76,59.77,83.11,-0.09,-0.21
27.4101,0.5,0.36,-0.01,0.76,60.74,83.11,-0.09,-0.21
27.4377,0.5,0.36,-0.01,0.76,60.74,83.11,-0.09,-0.21
27.4675,0.5,0.36,-0.01,0.76,60.74,83.11,-0.09,-0.21
27.4953,0.5,0.36,-0.01,0.76,60.91,83.11,-0.09,-0.21
27.5227,0.5,0.36,-0.01,0.76,60.74,83.11,-0.09,-0.21
27.5501,0.5,0.36,-0.01,0.76,62.67,83.11,-0.09,-0.21
27.5802,0.5,0.36,-0.01,0.76,62.67,83.11,-0.1,-0.21
27.6077,0.51,0.36,-0.01,0.76,62.67,83.11,-0.1,-0.21
27.6378,0.5,0.36,-0.01,0.76,61.71,83.11,-0.1,-0.21
27.6652,0.5,0.36,-0.01,0.76,61.71,83.11,-0.1,-0.21
27.6928,0.5,0.36,-0.01,0.76,62.67,83.11,-0.1,-0.21
27.7229,0.5,0.36,-0.01,0.76,61.71,83.11,-0.1,-0.21
27.7503,0.5,0.36,-0.01,0.76,60.74,83.11,-0.1,-0.21
27.7777,0.5,0.36,-0.01,0.76,61.71,83.11,-0.1,-0.21
27.8077,0.5,0.36,-0.01,0.76,61.71,83.27,-0.09,-0.21
27.8355,0.5,0.36,-0.01,0.76,61.71,83.11,-0.09,-0.21
27.8654,0.5,0.36,-0.01,0.76,61.71,83.11,-0.09,-0.21
27.8928,0.5,0.36,-0.01,0.76,61.71,83.11,-0.09,-0.21
27.9203,0.5,0.36,-0.01,0.76,61.71,83.11,-0.09,-0.21
27.9478,0.5,0.36,-0.01,0.76,61.71,83.11,-0.09,-0.21
27.9778,0.51,0.36,-0.01,0.76,61.71,83.11,-0.09,-0.21
28.0055,0.5,0.36,-0.01,0.76,61.71,83.11,-0.09,-0.21
28.0355,0.5,0.36,-0.01,0.76,62.67,83.11,-0.09,-0.21
28.0628,0.5,0.36,-0.01,0.76,61.71,83.11,-0.09,-0.21
28.0904,0.5,0.36,-0.01,0.76,62.67,83.11,-0.09,-0.21
28.1204,0.5,0.36,-0,0.76,62.84,83.11,-0.1,-0.21
28.148,0.5,0.36,-0.01,0.76,62.67,83.11,-0.1,-0.21
28.1755,0.5,0.36,-0.01,0.76,62.67,83.11,-0.1,-0.21
28.2055,0.5,0.36,-0.01,0.76,62.67,83.11,-0.1,-0.21
28.2329,0.5,0.36,-0.01,0.76,62.67,83.11,-0.1,-0.21
28.263,0.5,0.36,-0.01,0.76,62.67,83.11,-0.1,-0.21
28.2904,0.5,0.36,-0.01,0.76,61.71,83.27,-0.1,-0.21
28.3179,0.5,0.36,-0.01,0.76,61.71,83.11,-0.1,-0.21
28.3455,0.5,0.36,-0.01,0.76,62.67,83.11,-0.1,-0.21
28.3755,0.5,0.36,-0.01,0.76,62.67,83.11,-0.1,-0.21
28.403,0.5,0.36,-0.01,0.76,62.67,83.11,-0.1,-0.21
28.433,0.5,0.36,-0.01,0.76,62.67,83.11,-0.1,-0.21
28.4604,0.5,0.36,-0.01,0.76,62.67,83.11,-0.1,-0.21
28.4881,0.5,0.36,-0.01,0.76,62.67,83.11,-0.1,-0.21
28.518,0.5,0.36,-0.01,0.76,62.67,83.11,-0.1,-0.21
28.5454,0.5,0.36,-0.01,0.76,62.67,84.09,-0.1,-0.21
28.573,0.5,0.36,-0.01,0.76,62.67,83.93,-0.1,-0.21
28.603,0.5,0.36,-0.01,0.76,61.71,83.11,-0.1,-0.21
28.6305,0.5,0.36,-0.01,0.76,62.84,83.93,-0.1,-0.21
28.6607,0.5,0.36,-0.01,0.76,62.67,83.93,-0.1,-0.21
28.6881,0.5,0.36,-0.01,0.76,62.67,83.93,-0.1,-0.21
28.7155,0.5,0.36,-0.01,0.76,62.67,83.93,-0.1,-0.21
28.7431,0.5,0.36,-0.01,0.76,62.67,83.93,-0.1,-0.21
28.7731,0.5,0.36,-0.01,0.76,62.67,83.93,-0.1,-0.21
28.8006,0.5,0.36,-0.01,0.76,62.67,83.93,-0.1,-0.21
28.8282,0.5,0.36,-0.01,0.76,62.67,83.11,-0.1,-0.21
28.8583,0.5,0.36,-0.01,0.76,62.67,83.93,-0.1,-0.21
28.8857,0.5,0.36,-0.01,0.76,62.67,83.93,-0.1,-0.21
28.9157,0.5,0.36,-0,0.76,62.84,83.93,-0.1,-0.21
28.9431,0.5,0.36,-0.01,0.76,62.67,83.93,-0.1,-0.21
28.9707,0.5,0.36,-0.01,0.76,62.67,84.09,-0.1,-0.21
29.0007,0.5,0.36,-0.01,0.76,62.67,83.93,-0.1,-0.21
29.0282,0.5,0.36,-0.01,0.76,62.67,83.93,-0.1,-0.21
29.0583,0.5,0.36,-0.01,0.76,62.67,83.93,-0.1,-0.21
29.0858,0.5,0.36,-0.01,0.76,62.67,83.93,-0.1,-0.21
29.1133,0.5,0.36,-0.01,0.76,62.67,83.93,-0.1,-0.21
29.1409,0.5,0.36,-0.01,0.76,62.67,83.93,-0.1,-0.21
29.1709,0.5,0.36,-0.01,0.76,62.67,83.93,-0.1,-0.21
29.1984,0.5,0.36,-0.01,0.76,62.67,83.93,-0.1,-0.21
29.2258,0.5,0.36,-0.01,0.76,62.67,83.93,-0.1,-0.21
29.2559,0.5,0.36,-0.01,0.76,62.67,84.09,-0.1,-0.21
29.2833,0.5,0.36,-0.01,0.76,62.67,83.93,-0.1,-0.21
29.3133,0.5,0.36,-0.01,0.76,62.67,83.93,-0.1,-0.21
29.3409,0.5,0.36,-0.01,0.76,62.67,83.93,-0.1,-0.21
29.3684,0.5,0.36,-0.01,0.76,62.67,83.93,-0.1,-0.21
29.3984,0.5,0.36,-0.01,0.76,62.67,83.93,-0.1,-0.21
29.4258,0.5,0.36,-0.01,0.76,62.67,83.93,-0.1,-0.21
29.4534,0.5,0.36,-0.01,0.76,62.84,83.93,-0.1,-0.21
29.4832,0.5,0.36,0,0.76,61.71,83.93,-0.1,-0.21
29.5108,0.49,0.36,-0.01,0.76,61.71,83.93,-0.1,-0.21
29.5384,0.5,0.36,-0.01,0.76,61.71,83.93,-0.1,-0.21
29.5684,0.5,0.36,-0.01,0.76,61.71,83.93,-0.09,-0.21
29.5957,0.5,0.36,-0.01,0.76,61.71,83.93,-0.09,-0.21
29.6232,0.5,0.36,-0.01,0.76,61.71,83.93,-0.09,-0.21
29.6531,0.5,0.36,-0.01,0.76,62.67,83.93,-0.09,-0.21
29.6808,0.5,0.36,-0.01,0.76,62.67,83.93,-0.09,-0.21
29.7109,0.5,0.36,-0.01,0.76,62.67,83.93,-0.1,-0.21
29.7383,0.5,0.36,-0.01,0.76,61.71,83.93,-0.1,-0.21
29.766,0.5,0.36,-0.01,0.76,62.67,83.93,-0.1,-0.21
29.7959,0.5,0.36,-0.01,0.76,62.67,83.93,-0.1,-0.21
29.8235,0.5,0.36,-0,0.76,61.71,83.93,-0.1,-0.21
29.8509,0.5,0.36,-0.01,0.76,61.71,83.93,-0.1,-0.21
29.881,0.5,0.36,-0.01,0.76,61.71,83.93,-0.09,-0.21
29.9084,0.5,0.36,-0.01,0.76,61.71,83.93,-0.09,-0.21
29.9361,0.5,0.36,-0.01,0.76,61.71,83.93,-0.09,-0.21
29.9658,0.5,0.36,-0.01,0.76,61.71,84.09,-0.09,-0.21
29.9935,0.5,0.36,-0.01,0.76,61.88,83.93,-0.09,-0.21
30.0209,0.5,0.36,-0.01,0.76,61.88,83.93,-0.09,-0.21
30.0509,0.5,0.36,-0.01,0.76,61.88,83.93,-0.09,-0.21
30.0784,0.5,0.36,-0.01,0.76,62.67,83.93,-0.09,-0.21
30.1085,0.5,0.36,-0.01,0.76,61.71,83.93,-0.1,-0.21
30.136,0.5,0.36,-0.01,0.76,62.67,83.93,-0.1,-0.21
30.1637,0.5,0.36,-0.01,0.76,62.67,83.93,-0.1,-0.21
30.1936,0.5,0.36,-0.01,0.76,62.67,83.93,-0.1,-0.21
30.2211,0.5,0.36,-0.01,0.76,62.67,83.93,-0.1,-0.21
30.2487,0.51,0.36,-0.01,0.76,61.71,83.93,-0.1,-0.21
30.2786,0.5,0.36,-0.01,0.76,62.67,83.93,-0.09,-0.21
30.3063,0.5,0.36,-0.01,0.76,62.67,83.93,-0.09,-0.21
30.3337,0.5,0.36,-0.01,0.76,62.67,83.93,-0.09,-0.21
30.3637,0.5,0.36,-0.01,0.76,62.67,83.93,-0.1,-0.21
30.3914,0.5,0.36,-0.01,0.76,62.67,83.93,-0.1,-0.21
30.4188,0.5,0.36,-0.01,0.76,62.67,83.93,-0.1,-0.21
30.4488,0.5,0.36,-0.01,0.76,62.67,83.93,-0.1,-0.21
30.4762,0.5,0.36,-0.01,0.76,62.67,83.93,-0.1,-0.21
30.5074,0.5,0.36,-0.01,0.76,62.67,83.93,-0.1,-0.21
30.535,0.5,0.36,-0.01,0.76,62.67,83.93,-0.1,-0.21
30.5625,0.5,0.36,-0.01,0.76,62.67,83.93,-0.1,-0.21
30.5926,0.5,0.36,-0.01,0.76,62.67,83.93,-0.1,-0.21
30.62,0.5,0.36,-0.01,0.76,62.67,83.93,-0.1,-0.21
30.6476,0.5,0.36,-0.01,0.76,62.67,83.93,-0.1,-0.21
30.6776,0.5,0.36,-0.01,0.76,62.67,83.93,-0.1,-0.21
30.7052,0.5,0.36,-0.01,0.76,62.67,83.93,-0.1,-0.21
30.7327,0.5,0.36,-0.01,0.76,61.71,83.93,-0.1,-0.21
30.7628,0.5,0.36,-0.01,0.76,62.67,84.09,-0.09,-0.21
30.7901,0.5,0.36,-0.01,0.76,62.67,83.93,-0.09,-0.21
30.8176,0.5,0.36,-0.01,0.76,62.67,83.93,-0.09,-0.21
30.8476,0.5,0.36,-0.01,0.76,62.67,83.93,-0.1,-0.21
30.875,0.5,0.36,-0.01,0.76,62.67,83.93,-0.1,-0.21
30.9025,0.5,0.36,-0.01,0.76,62.67,83.93,-0.1,-0.21
30.9325,0.5,0.36,-0.01,0.76,62.67,83.93,-0.1,-0.21
30.9601,0.5,0.36,-0.01,0.76,62.67,83.93,-0.1,-0.21
30.9901,0.5,0.36,-0.01,0.76,62.67,83.93,-0.1,-0.21
31.0176,0.5,0.36,-0.02,0.76,62.67,83.93,-0.1,-0.21
31.0451,0.5,0.36,-0.01,0.76,62.67,83.93,-0.1,-0.21
31.0752,0.5,0.36,-0.01,0.76,62.67,83.93,-0.1,-0.21
31.1026,0.5,0.36,-0.01,0.76,62.67,83.11,-0.1,-0.21
31.1302,0.5,0.36,-0.01,0.76,62.67,83.93,-0.1,-0.21
31.1603,0.5,0.36,-0.01,0.76,62.67,83.93,-0.1,-0.21
31.1877,0.5,0.36,-0.01,0.76,62.67,83.93,-0.1,-0.21
31.2151,0.5,0.36,-0.01,0.76,62.67,83.93,-0.1,-0.21
31.2451,0.5,0.36,-0.01,0.76,62.67,83.93,-0.1,-0.21
31.2726,0.5,0.36,-0.01,0.76,62.67,83.93,-0.1,-0.21
31.3002,0.5,0.36,-0.01,0.76,62.67,84.09,-0.1,-0.21
31.33,0.5,0.36,-0.01,0.76,62.67,83.93,-0.1,-0.21
31.3576,0.5,0.36,-0.01,0.76,62.67,83.93,-0.1,-0.21
31.3876,0.5,0.36,-0.01,0.76,62.67,84.09,-0.1,-0.21
31.415,0.5,0.36,-0.01,0.76,62.67,83.93,-0.1,-0.21
31.4425,0.5,0.36,-0.01,0.76,62.67,83.93,-0.1,-0.21
31.4725,0.5,0.36,-0.01,0.76,62.67,83.93,-0.1,-0.21
31.4999,0.5,0.36,-0.01,0.76,62.67,83.93,-0.1,-0.21
31.5277,0.5,0.36,-0.01,0.76,62.67,83.93,-0.1,-0.21
31.5576,0.5,0.36,-0.01,0.76,62.67,83.11,-0.1,-0.21
31.5851,0.5,0.36,-0.01,0.76,62.67,83.11,-0.1,-0.21
31.6126,0.5,0.36,-0.01,0.76,61.71,83.93,-0.1,-0.21
31.6426,0.5,0.36,-0.01,0.76,62.67,83.93,-0.09,-0.21
31.67,0.5,0.36,-0.01,0.76,62.67,83.93,-0.09,-0.21
31.6976,0.5,0.36,-0.01,0.76,62.67,83.93,-0.09,-0.21
31.7277,0.5,0.36,-0.01,0.76,62.67,83.93,-0.1,-0.21
31.7551,0.5,0.36,-0.01,0.76,62.67,84.09,-0.1,-0.21
31.785,0.5,0.36,-0.01,0.76,62.67,84.09,-0.1,-0.21
31.8126,0.5,0.36,-0.01,0.76,62.67,83.93,-0.1,-0.21
31.8402,0.5,0.36,-0.01,0.76,62.67,83.93,-0.1,-0.21
31.8701,0.5,0.36,-0.01,0.76,62.67,83.93,-0.1,-0.21
31.8977,0.5,0.36,-0.01,0.76,62.67,83.93,-0.1,-0.21
31.925,0.5,0.36,-0.01,0.76,62.67,83.93,-0.1,-0.21
31.9526,0.5,0.36,-0.01,0.76,62.67,83.93,-0.1,-0.21
31.9826,0.5,0.36,-0.01,0.76,62.67,83.93,-0.1,-0.21
32.0101,0.5,0.36,-0.01,0.76,62.67,83.93,-0.1,-0.21
32.0401,0.5,0.36,-0.01,0.76,62.67,83.93,-0.1,-0.21
32.0675,0.5,0.36,-0.01,0.76,62.67,83.93,-0.1,-0.21
32.0951,0.5,0.36,-0.01,0.76,62.67,83.93,-0.1,-0.21
32.125,0.5,0.36,-0.01,0.76,62.67,83.27,-0.1,-0.21
32.1525,0.5,0.36,-0.01,0.76,62.67,83.93,-0.1,-0.21
32.1825,0.5,0.36,-0.01,0.76,62.67,83.93,-0.1,-0.21
32.2102,0.5,0.36,-0.02,0.76,62.67,83.93,-0.1,-0.21
32.2377,0.5,0.36,-0.01,0.76,62.84,83.11,-0.1,-0.21
32.2677,0.5,0.36,-0.01,0.76,62.67,83.93,-0.1,-0.21
32.295,0.5,0.36,-0.01,0.76,62.67,83.11,-0.1,-0.21
32.3227,0.5,0.36,-0.01,0.76,62.67,84.09,-0.1,-0.21
32.3504,0.5,0.36,-0.01,0.76,62.67,83.11,-0.1,-0.21
32.3802,0.5,0.36,-0.01,0.76,62.67,83.93,-0.1,-0.21
32.4078,0.5,0.36,-0.01,0.76,62.67,83.93,-0.1,-0.21
32.4378,0.5,0.36,-0.02,0.76,62.67,83.93,-0.1,-0.21
32.4652,0.5,0.36,-0.01,0.75,62.67,83.93,-0.1,-0.21
32.4928,0.5,0.36,-0.01,0.75,61.71,83.93,-0.1,-0.21
32.5227,0.5,0.35,-0.02,0.75,59.77,82.45,-0.09,-0.2
32.5503,0.5,0.35,-0.01,0.75,59.77,82.61,-0.09,-0.2
32.5778,0.5,0.35,-0.01,0.75,59.77,81.63,-0.09,-0.2
32.6078,0.5,0.36,-0.01,0.72,60.74,71.93,-0.09,-0.2
32.6353,0.5,0.36,-0.01,0.69,61.71,67.52,-0.09,-0.2
32.6653,0.5,0.36,-0.01,0.66,61.71,64.26,-0.09,-0.17
32.6927,0.5,0.36,-0.01,0.64,61.71,63.19,-0.09,-0.17
32.7203,0.5,0.36,-0.01,0.58,61.71,47.29,-0.09,-0.17
32.7478,0.5,0.36,-0.01,0.55,63.63,43.42,-0.09,-0.17
32.7777,0.5,0.36,-0.01,0.53,61.71,41.47,-0.1,-0.1
32.8054,0.5,0.36,-0.01,0.48,62.84,33.22,-0.1,-0.1
32.8354,0.5,0.38,-0.01,0.44,68.55,25.83,-0.09,-0.06
32.8628,0.5,0.39,-0.01,0.43,73.39,23.8,-0.09,-0.06
32.8902,0.5,0.68,-0.01,0.41,132.6,24.82,-0.09,-0.06
32.9202,0.51,0.76,-0.01,0.4,139.89,21.59,-0.26,-0.03
32.9477,0.51,0.36,-0.01,0.36,61.88,21.59,-0.26,-0.03
32.9754,0.51,0.49,-0.01,0.34,99.23,17.32,-0.26,-0.03
33.0054,0.51,0.76,-0.01,0.33,140.2,16.12,-0.16,0.01
33.0326,0.51,1.08,-0.01,0.32,144.58,7.31,-0.16,0.01
33.0626,0.51,0.79,-0.01,0.3,142.52,1.74,-0.46,0.02
33.0868,0.51,1.16,-0.01,0.27,142.15,0,-0.46,0.02
33.1109,0.51,0.75,-0.01,0.25,140.2,0,-0.46,0.02
33.1351,0.51,0.82,-0.01,0.23,144.09,0,-0.46,0.02
33.1617,0.51,1.07,-0.01,0.22,144.56,0,-0.33,0.06
33.1859,0.51,1.21,-0.01,0.2,139.94,0,-0.33,0.06
33.21,0.51,1.68,-0.01,0.17,123.03,0,-0.33,0.06
33.2366,0.51,2.38,-0.01,0.16,102.94,0,-0.77,0.09
33.2606,0.51,2.94,-0.01,0.14,84.94,0,-0.77,0.09
33.2846,0.51,3.26,-0.01,0.13,69.91,0,-0.77,0.09
33.3112,0.51,3.43,-0.01,0.11,58.16,0,-1.58,0.11
33.3353,0.51,3.55,-0.01,0.1,49.53,0,-1.58,0.11
33.3594,0.51,3.62,-0.01,0.1,42.44,0,-1.58,0.11
33.3858,0.52,0,-0,0.07,37.96,0,-1.76,0.13
33.4098,0.52,0,-0.01,0.06,33.44,0,-1.76,0.13
33.4338,0.52,0,-0.01,0.05,29.82,0,-1.76,0.13
33.4603,0.52,0,-0.01,0.05,27.99,0,0.09,0.15
33.4844,0.51,0,-0.01,0.04,26.16,0,0.09,0.15
33.5084,0.52,0,-0.01,0.04,23.41,0,0.09,0.15
33.5324,0.52,0,-0.01,0.03,23.42,0,0.09,0.15
33.5591,0.52,0,-0.01,0.03,21.58,0,0.09,0.14
33.5831,0.52,0,-0.01,0.03,20.66,0,0.09,0.14
33.6071,0.52,0,-0.01,0.03,18.82,0,0.09,0.14
33.6337,0.52,0,-0.01,0.03,19.73,0,0.09,0.12
33.6578,0.52,0,-0.01,0.02,17.89,0,0.09,0.12
33.6819,0.52,0,-0.01,0.02,18.82,0,0.09,0.12
33.7085,0.52,0,-0.01,0.02,16.97,0,0.09,0.09
33.7324,0.52,0,-0.01,0.02,17.89,0,0.09,0.09
33.7564,0.52,0,-0.01,0.02,16.05,0,0.09,0.09
33.7828,0.52,0,-0.01,0.01,16.97,0,0.08,0.06
33.8069,0.52,0,-0.01,0.01,16.07,0,0.08,0.06
33.8311,0.52,0,-0.01,0.01,16.08,0,0.08,0.06
33.8577,0.52,0,-0.01,0.01,15.18,0,0.06,0.05
33.885,0.52,0,-0.01,0.01,15.26,2.09,0.06,0.05
33.9123,0.52,0,-0.01,0.01,15.31,3.66,0.06,0.05
33.9397,0.52,0,-0.01,0.01,15.34,4.7,0.06,0.05
33.9696,0.52,0,-0.01,0.01,16.3,5.74,0.03,0.04
33.9969,0.52,0,-0.01,0.01,17.26,7.66,0.03,0.04
34.0242,0.52,0,-0.01,0.01,15.39,8.7,0.03,0.04
34.0542,0.52,0,-0.01,0.01,16.33,9.4,0.01,0.03
34.0816,0.52,0,-0.01,0.01,15.31,9.92,0.01,0.03
34.1115,0.52,0,-0.01,0.01,15.26,9.92,0,0.03
34.1387,0.52,0,-0.01,0.01,14.29,9.92,0,0.03
34.1662,0.52,0,-0.01,0.01,15.18,9.92,0,0.03
34.1961,0.52,0,-0.01,0.01,14.26,9.92,0,0.03
34.2233,0.52,0,-0.01,0.01,15.2,9.92,0,0.03
34.2507,0.52,0,-0.01,0.01,15.21,11.15,0,0.03
34.2808,0.52,0,-0.01,0.01,14.28,11.15,0,0.03
34.3082,0.52,0,-0.01,0.01,13.36,9.92,0,0.03
34.3355,0.52,0,-0.01,0.01,13.36,9.92,0,0.03
34.3653,0.52,0,-0.01,0.01,12.43,9.92,0,0.03
34.3925,0.52,0,-0.01,0.01,11.5,9.92,0,0.03
34.4199,0.52,0,-0.01,0.01,12.43,9.92,0,0.03
34.4499,0.52,0,-0.01,0.01,12.43,12.2,0,0.03
34.4773,0.52,0,-0.01,0.01,11.5,12.2,0,0.03
34.5073,0.52,0,-0.01,0.01,11.5,12.2,0,0.03
34.5348,0.52,0,-0.01,0.01,12.43,12.2,0,0.03
34.5622,0.52,0,-0.01,0.01,11.5,12.2,0,0.03
34.5921,0.52,0,-0.01,0.01,12.43,13.42,0,0.03
34.6193,0.52,0,-0.01,0.01,12.43,13.42,0,0.03
34.6469,0.52,0,-0.01,0.01,11.5,13.42,0,0.03
34.6769,0.52,0,-0.01,0.01,12.43,12.2,0,0.03
34.7042,0.52,0,-0.01,0.01,13.36,12.2,0,0.03
34.7317,0.52,0,-0.01,0.01,12.43,12.2,0,0.03
34.7615,0.52,0,-0.01,0.01,12.43,12.2,0,0.03
34.7888,0.52,0,-0.01,0.01,12.43,13.42,0,0.03
34.8163,0.52,0,-0.01,0.01,12.43,13.42,0,0.03
34.8463,0.52,0,-0.01,0.01,12.43,13.42,0,0.03
34.8736,0.52,0,-0.01,0.01,12.43,12.2,0,0.03
34.901,0.52,0,-0.01,0.01,13.36,12.2,0,0.03
34.9308,0.52,0,-0.01,0.01,12.43,12.2,0,0.03
34.9583,0.52,0,-0.01,0.01,12.43,13.42,0,0.03
34.9883,0.52,0,-0.01,0.01,14.3,12.2,0,0.03
35.0158,0.52,0,-0.01,0.01,16.16,12.2,0,0.03
35.043,0.52,0,-0.01,0.01,15.22,12.2,0,0.03
35.0731,0.52,0,-0.01,0.01,13.36,12.2,0,0.03
35.1003,0.52,0,-0.01,0.01,13.36,13.42,0,0.03
35.1277,0.52,0,-0.01,0.01,10.56,13.42,0,0.03
35.1578,0.52,0,-0.01,0.01,10.56,13.42,0,0.03
35.1852,0.52,0,-0.01,0.01,14.3,13.42,0,0.03
35.2127,0.52,0,-0.01,0.01,14.3,13.42,0,0.03
35.2425,0.52,0,-0.01,0.01,16.16,13.42,0,0.03
35.2699,0.52,0,-0.01,0.01,18.95,13.42,0,0.03
35.2972,0.52,0,-0.01,0.01,18.95,13.42,0,0.03
35.3273,0.52,0,-0.01,0.01,18.95,13.42,0,0.03
35.3547,0.52,0,-0.01,0.01,17.09,13.42,0,0.03
35.3847,0.52,0,-0.01,0.01,12.43,14.48,0,0.03
35.412,0.52,0,-0.01,0.01,7.76,13.42,0,0.03
35.4394,0.52,0,-0.01,0.01,5.89,13.42,0,0.03
35.4667,0.52,0,-0.01,0.01,5.89,13.42,0,0.03
35.494,0.52,0,-0.01,0.01,5.89,13.42,0,0.03
