t,paa0,pfe0,paa1,pfe1,daa0,dfe0,daa1,dfe1,cft0,cft1,pee0,pee1
7.33873,-0,0,-0,0,-0,0,-0,0,0,0,102.723,102.723
7.41864,-0,0,-0,0,-0,0,-0,0,0.0539073,0.0429535,102.723,102.723
7.4986,-0,0,-0,0,-0,0,-0,0,0.0478435,0.0398497,102.723,102.723
7.57864,-0,0,-0,0,-0,0,-0,0,0.0562939,0.0379078,102.723,102.723
7.65862,-0,0,-0,0,-0,0,-0,0,0.0490816,0.0414849,102.723,102.723
7.73863,-0,0,-0,0,-0,0,-0,0,0.0482494,0.0366879,102.723,102.723
7.81862,-0,0,-0,0,-0,0,-0,0,0.0524023,0.0391663,102.723,102.723
7.89858,-0,0,-0,0,-0,0,-0,0,0.046594,0.0419524,102.723,102.723
7.97857,-0,0,-0,0,-0,0,-0,0,0.0517784,0.0388844,102.723,102.723
8.05859,-0,0,-0,0,-0,0,-0,0,0.0481041,0.035805,102.723,102.723
8.13858,-0,0,-0,0,-0,0,-0,0,0.0486415,0.0409634,102.723,102.723
8.21857,-0,0,-0,0,-0,0,-0,0,0.0516624,0.0359166,102.723,102.723
8.29856,-0,0,-0,0,-0,0,-0,0,0.0538609,0.0363593,102.723,102.723
8.37863,-0,0,-0,0,-0,0,-0,0,0.0510979,0.0395727,102.723,102.723
8.45854,-0,0,-0,0,-0,0,-0,0,0.0572538,0.0453652,102.723,102.723
8.53854,-0,0,-0,0,-0,0,-0,0,0.0580086,0.043589,102.723,102.723
8.6185,-0,0,-0,0,-0,0,-0,0,0.051049,0.0484252,102.723,102.723
8.69854,-0,0,-0,0,-0,0,-0,0,0.0628331,0.0474763,102.723,102.723
8.77854,-0,0,-0,0,-0,0,-0,0,0.0521344,0.0412432,102.723,102.723
8.85854,-0,0,-0,0,-0,0,-0,0,0.0666783,0.0600916,102.723,102.723
8.93853,-0,0,-0,0,-0,0,-0,0,0.0687459,0.054754,102.723,102.723
9.01848,-0,0,-0,0,-0,0,-0,0,0.0620806,0.0588303,102.723,102.723
9.09854,-0,0,-0,0,-0,0,-0,0,0.0695342,0.0608769,102.723,102.723
9.17854,-0,0,-0,0,-0,0,-0,0,0.0673869,0.0622736,102.723,102.723
9.25852,-0,0,-0,0,-0,0,-0,0,0.0682788,0.0622093,102.723,102.723
9.33853,-0,0,-0,0,-0,0,-0,0,0.0738241,0.0641405,102.723,102.723
9.41852,-0,0,-0,0,-0,0,-0,0,0.0694262,0.0700999,102.723,102.723
9.49848,-0,0,-0,0,-0,0,-0,0,0.0697854,0.0588643,102.723,102.723
9.57848,-0,0,-0,0,-0,0,-0,0,0.0774984,0.0701783,102.723,102.723
9.65849,-0,0,-0,0,-0,0,-0,0,0.0720902,0.0739865,102.723,102.723
9.73845,-0,0,-0,0,-0,0,-0,0,0.0872983,0.07687,102.723,102.723
9.81851,-0,0,-0,0,-0,0,-0,0,0.0842378,0.0843623,102.723,102.723
9.89852,-0,0,-0,0,-0,0,-0,0,0.0735187,0.0757166,102.723,102.723
9.97846,-0,0,-0,0,-0,0,-0,0.00810264,0.0954149,0.0852174,102.723,102.723
10.0585,-0,0,-0,0,-0,0,-0,0.0376194,0.0866833,0.0843682,102.723,102.723
10.1385,-0,0,-0,0,-0,0,-0,0.057876,0.104101,0.0944352,102.723,102.723
10.2185,-0,0,-0,0,-0,0,-0,0.105334,0.0949158,0.0929624,102.723,102.723
10.2985,-0,0,-0,0,-0,0,-0,0.139192,0.08923,0.0895824,102.723,102.723
10.3784,-0,0,-0,0.00839202,-0,0,-0,0.186939,0.103783,0.0962133,102.723,101.985
10.4584,-0,0,-0,0.0396451,-0,0,-0,0.207775,0.093984,0.0984733,102.723,99.2381
10.5385,-0,0,-0,0.0943379,-0,0,-0,0.217903,0.09996,0.0991413,102.723,94.4307
10.6184,-0,0,-0,0.155397,-0,0,-0,0.239896,0.0966954,0.0900444,102.723,89.0637
10.6985,-0,0,-0.00153398,0.203724,-0,0,-0,0.247999,0.0926229,0.0975449,102.723,84.8159
10.7784,-0,0,-0.00153398,0.232951,-0,0,-0,0.277515,0.10223,0.0945622,102.723,82.2469
10.8584,-0,0,-0,0.245684,-0,0,-0.0076699,0.309347,0.0875043,0.0845281,102.723,81.1277
10.9384,-0,0,-0.00153398,0.246552,-0,0,-0.00153398,0.347256,0.0871321,0.0892917,102.723,81.0514
11.0184,-0,0,-0,0.246552,-0,0,-0,0.38719,0.089342,0.0761906,102.723,81.0514
11.0984,-0,0,-0.00153398,0.248867,-0,0,-0,0.417865,0.0800687,0.079555,102.723,80.8479
11.1785,-0,0,-0.00153398,0.263046,-0,0,-0,0.458957,0.0828855,0.0728011,102.723,79.6015
11.2584,-0,0,-0.00153398,0.291695,-0,0,-0,0.497444,0.0822982,0.0748398,102.723,77.0834
11.3384,-0,0,-0.00153398,0.326999,-0,0,-0,0.509888,0.077013,0.0740473,102.723,73.9802
11.4185,-0,0,-0.00153398,0.349571,-0,0,-0,0.509888,0.084119,0.189789,102.723,71.9962
11.4984,-0,0,-0.00153398,0.349571,-0,0,-0,0.527829,0.0756175,0.228309,102.723,71.9962
11.5784,-0,0,-0.00153398,0.349571,-0,0,-0,0.547507,0.0753525,0.233797,102.723,71.9962
11.6584,-0,0,-0.00153398,0.349571,-0,0,-0,0.577892,0.0811973,0.228648,102.723,71.9962
11.7384,-0,0,-0.00153398,0.349571,-0,0,-0,0.590046,0.0661967,0.241413,102.723,71.9962
11.8184,-0,0,-0.00153398,0.349571,-0,0,-0,0.590046,0.0732189,0.239161,102.723,71.9962
11.8984,-0,0,-0.00153398,0.349282,-0,0,-0,0.590046,0.0713512,0.235315,102.723,72.0216
11.9784,-0,0,-0.00153398,0.349571,-0,0,-0,0.599885,0.0653146,0.249048,102.723,71.9962
12.0583,-0,0,-0.00153398,0.349571,-0,0,-0,0.599885,0.0743909,0.239059,102.723,71.9962
12.1383,-0,0,-0.00153398,0.349571,-0,0,-0,0.599885,0.0604979,0.245626,102.723,71.9962
12.2184,-0,0,-0.00153398,0.349571,-0,0,-0,0.599885,0.0632297,0.248463,102.723,71.9962
12.2984,-0,0,-0.00153398,0.349571,-0,0,-0,0.599885,0.0613514,0.247132,102.723,71.9962
12.3784,-0,0,-0.00153398,0.349571,-0,0,-0.0076699,0.599885,0.0617252,0.247154,102.723,71.9962
12.4584,-0,0,-0.00153398,0.349571,-0,0,-0,0.590046,0.0622977,0.247851,102.723,71.9962
12.5384,-0,0,-0.00153398,0.349571,-0,0,-0,0.590046,0.0576975,0.251503,102.723,71.9962
12.6183,-0,0,-0.00153398,0.349282,-0,0,-0,0.599885,0.0583267,0.251899,102.723,72.0216
12.6983,-0,0,-0.00153398,0.349282,-0,0,-0,0.599595,0.0593717,0.246449,102.723,72.0216
12.7784,-0,0,-0.00153398,0.349571,-0,0,-0,0.599885,0.0551815,0.261933,102.723,71.9962
12.8583,-0,0,-0.00153398,0.349571,-0,0,-0,0.599885,0.0548544,0.258012,102.723,71.9962
12.9383,-0,0,-0.00153398,0.349571,-0,0,-0,0.599885,0.0530472,0.246516,102.723,71.9962
13.0182,-0,0,-0.00153398,0.349282,-0,0,-0,0.599885,0.0524786,0.257208,102.723,72.0216
13.0983,-0,0,-0.00153398,0.349282,-0,0,-0,0.599885,0.0640703,0.250348,102.723,72.0216
13.1783,-0,0,-0.00153398,0.349571,-0,0,-0,0.599885,0.0580172,0.254719,102.723,71.9962
13.2583,-0,0,-0.00153398,0.349571,-0,0,-0,0.599885,0.0570789,0.25708,102.723,71.9962
13.3383,-0,0,-0.00153398,0.349571,-0,0,-0,0.610013,0.0555428,0.252614,102.723,71.9962
13.4183,-0,0,-0.00153398,0.349282,-0,0,-0,0.610013,0.051049,0.259095,102.723,72.0216
13.4983,-0,0,-0.00153398,0.349571,-0,0,-0,0.610013,0.0593464,0.252812,102.723,71.9962
13.5783,-0,0,-0.00153398,0.349571,-0,0,-0,0.610013,0.0511664,0.260693,102.723,71.9962
13.6583,-0,0,-0.00153398,0.349571,-0,0,-0,0.60191,0.0543875,0.256459,102.723,71.9962
13.7383,-0,0,-0.00153398,0.349571,-0,0,-0,0.599885,0.0554707,0.254002,102.723,71.9962
13.8183,-0,0,-0.00153398,0.349571,-0,0,-0,0.599885,0.0494065,0.260722,102.723,71.9962
13.8982,-0,0,-0.00153398,0.349571,-0,0,-0,0.599885,0.0546717,0.25386,102.723,71.9962
13.9782,-0,0,-0.00153398,0.349282,-0,0,-0,0.599885,0.0519326,0.258198,102.723,72.0216
14.0582,-0,0,-0.00153398,0.349571,-0,0,-0,0.599885,0.0554437,0.259278,102.723,71.9962
14.1382,-0,0,-0.00153398,0.349571,-0,0,-0,0.599885,0.0525357,0.257963,102.723,71.9962
14.2182,-0,0,-0.00153398,0.349282,-0,0,-0,0.599885,0.0491732,0.258029,102.723,72.0216
14.2982,-0,0,-0.00153398,0.349571,-0,0,-0,0.599885,0.05007,0.259118,102.723,71.9962
14.3782,-0,0,-0.00153398,0.349571,-0,0,-0,0.599885,0.0482183,0.260467,102.723,71.9962
14.4582,-0,0,-0.00153398,0.349282,-0,0,-0,0.599885,0.0477703,0.262878,102.723,72.0216
14.5382,-0,0,-0.00153398,0.349571,-0,0,-0,0.599885,0.0517784,0.261084,102.723,71.9962
14.6182,-0,0,-0.00153398,0.349571,-0,0,-0,0.599885,0.047697,0.260979,102.723,71.9962
14.6981,-0,0,-0.00153398,0.349571,-0,0,-0,0.608277,0.0483115,0.261245,102.723,71.9962
14.7782,-0,0,-0.00153398,0.349571,-0,0,-0,0.600174,0.0513517,0.257181,102.723,71.9962
14.8581,-0,0,-0.00153398,0.349571,-0,0,-0,0.607987,0.0453652,0.267316,102.723,71.9962
14.9382,-0,0,-0.00153398,0.349571,-0,0,-0,0.60191,0.0498899,0.262802,102.723,71.9962
15.0182,-0,0,-0.00153398,0.349571,-0,0,-0,0.60191,0.0489183,0.25877,102.723,71.9962
15.0982,-0,0,-0.00153398,0.349571,-0,0,-0,0.610013,0.0454863,0.267767,102.723,71.9962
15.1782,-0,0,-0.00153398,0.349571,-0,0,-0,0.600464,0.0529245,0.258737,102.723,71.9962
15.2582,-0,0,-0.00153398,0.349571,-0,0,-0,0.599885,0.0488365,0.258793,102.723,71.9962
15.3381,-0,0,-0.00153398,0.349282,-0,0,-0,0.599885,0.056648,0.252054,102.723,72.0216
15.4182,-0,0,-0.00153398,0.349571,-0,0,-0,0.599885,0.0565155,0.250761,102.723,71.9962
15.4981,-0,0,-0.00153398,0.349571,-0,0,-0,0.599885,0.0576021,0.252343,102.723,71.9962
15.5781,-0,0,-0.00153398,0.349571,-0,0,-0,0.599885,0.060959,0.252889,102.723,71.9962
15.6581,-0,0,-0.00153398,0.349571,-0,0,-0,0.599885,0.0563383,0.252121,102.723,71.9962
15.7381,-0,0,-0.00153398,0.349571,-0,0,-0,0.599885,0.0667008,0.243699,102.723,71.9962
15.8181,-0,0,-0.00153398,0.349571,-0,0,-0,0.601621,0.066468,0.245923,102.723,71.9962
15.8981,-0,0,-0.00153398,0.349282,-0,0,-0.00153398,0.601621,0.0677938,0.249828,102.723,72.0216
15.9781,-0,0,-0.00153398,0.349282,-0,0,-0,0.599885,0.062145,0.247663,102.723,72.0216
16.0581,-0,0,-0.00153398,0.349571,-0,0,-0,0.599885,0.0641327,0.23693,102.723,71.9962
16.1381,-0,0,-0.00153398,0.349571,-0,0,-0,0.601621,0.0737835,0.240778,102.723,71.9962
16.2181,-0,0,-0.00153398,0.349571,-0,0,-0,0.599885,0.0830241,0.235359,102.723,71.9962
16.2982,-0,0,-0.00153398,0.349571,-0,0,-0,0.599885,0.0785175,0.235359,102.723,71.9962
16.3782,-0,0,-0.00153398,0.349571,-0,0,-0,0.600464,0.0789557,0.234491,102.723,71.9962
16.4581,-0,0,-0.00153398,0.349282,-0,0,-0,0.599885,0.0816395,0.233268,102.723,72.0216
16.5381,-0,0,-0.00153398,0.349571,-0,0,-0,0.599885,0.0793221,0.233666,102.723,71.9962
16.6181,-0,0,-0.00153398,0.349571,-0,0,-0,0.599885,0.0929624,0.227618,102.723,71.9962
16.6981,-0,0,-0.00153398,0.349571,-0,0,0.0076699,0.599885,0.0792465,0.234747,102.723,71.9962
16.778,-0,0,-0.00153398,0.349571,-0,0,-0,0.599885,0.0843208,0.230627,102.723,71.9962
16.858,-0,0,-0.00153398,0.349571,-0,0,-0,0.599885,0.0946256,0.221626,102.723,71.9962
16.938,-0,0,-0.00153398,0.349571,-0,0,-0,0.599885,0.0838868,0.228677,102.723,71.9962
17.0181,-0,0,-0.00153398,0.349571,-0,0,0.00153398,0.599885,0.10025,0.219062,102.723,71.9962
17.0981,-0,0,-0.00153398,0.349571,-0,0,-0,0.599885,0.0961561,0.21735,102.723,71.9962
17.178,-0,0,-0.00153398,0.349571,-0,0,-0,0.599885,0.0904378,0.225697,102.723,71.9962
17.2581,-0,0,-0,0.349571,-0,0,-0,0.600464,0.0998098,0.218726,102.723,71.9962
17.338,-0,0,-0.00153398,0.349571,-0,0,0.00153398,0.601621,0.0928978,0.218982,102.723,71.9962
17.418,-0,0,-0.00153398,0.349282,-0,0,-0,0.599885,0.0957392,0.223549,102.723,72.0216
17.498,-0,0,-0.00153398,0.349571,-0,0,-0,0.599885,0.094689,0.222843,102.723,71.9962
17.578,-0,0,-0.00153398,0.349571,-0,0,-0,0.601621,0.0900389,0.228449,102.723,71.9962
17.6581,-0,0,-0.00153398,0.349571,-0,0,-0,0.599885,0.0895042,0.224724,102.723,71.9962
17.738,-0,0,-0.00153398,0.349571,-0,0,-0,0.599885,0.0862902,0.226894,102.723,71.9962
17.818,-0,0,-0.00153398,0.349571,-0,0,-0,0.599885,0.0826438,0.231605,102.723,71.9962
17.898,-0,0,-0.00153398,0.349571,-0,0,-0,0.599885,0.0845577,0.229129,102.723,71.9962
17.9781,-0,0,-0.00153398,0.349571,-0,0,-0,0.599885,0.0780256,0.23527,102.723,71.9962
18.058,-0,0,-0.00153398,0.349571,-0,0,-0,0.599885,0.0810555,0.233497,102.723,71.9962
18.138,-0,0,-0.00153398,0.349571,-0,0,-0,0.599885,0.0820853,0.227653,102.723,71.9962
18.218,-0,0,-0.00153398,0.349571,-0,0,-0,0.599885,0.0775887,0.236951,102.723,71.9962
18.298,-0,0,-0.00153398,0.349571,-0,0,-0,0.599885,0.0830301,0.234261,102.723,71.9962
18.3779,-0,0,-0.00153398,0.349571,-0,0,-0,0.599885,0.0769025,0.236328,102.723,71.9962
18.458,-0,0,-0.00153398,0.349571,-0,0,-0,0.601621,0.0730274,0.240435,102.723,71.9962
18.538,-0,0,-0.00153398,0.349571,-0,0,-0,0.599885,0.0758288,0.23603,102.723,71.9962
18.6179,-0,0,-0.00153398,0.349571,-0,0,-0,0.599885,0.0698642,0.242365,102.723,71.9962
18.6979,-0,0,-0.00153398,0.349571,-0,0,-0,0.599885,0.0796492,0.23887,102.723,71.9962
18.7779,-0,0,-0.00153398,0.349571,-0,0,-0,0.599885,0.0649692,0.245943,102.723,71.9962
18.8579,-0,0,-0.00153398,0.349571,-0,0,-0,0.599885,0.0672533,0.245565,102.723,71.9962
18.938,-0,0,-0.00153398,0.349571,-0,0,-0,0.599885,0.065215,0.246366,102.723,71.9962
19.0179,-0,0,-0.00153398,0.349571,-0,0,-0,0.599885,0.0587878,0.253988,102.723,71.9962
19.0979,-0,0,-0.00153398,0.349282,-0,0,-0,0.599885,0.0606218,0.248326,102.723,72.0216
19.1779,-0,0,-0.00153398,0.349571,-0,0,-0,0.599885,0.0558301,0.248149,102.723,71.9962
19.2579,-0,0,-0.00153398,0.349571,-0,0,-0,0.599885,0.0579137,0.254429,102.723,71.9962
19.3378,-0,0,-0.00153398,0.349571,-0,0,-0,0.599885,0.0625939,0.25145,102.723,71.9962
19.4178,-0,0,-0.00153398,0.349571,-0,0,0.00153398,0.599885,0.0590424,0.251408,102.723,71.9962
19.4978,-0,0,-0.00153398,0.349571,-0,0,-0,0.599885,0.0587282,0.255345,102.723,71.9962
19.5779,-0,0,-0.00153398,0.349571,-0,0,-0,0.599885,0.057,0.254167,102.723,71.9962
19.6578,-0,0,-0.00153398,0.349571,-0,0,-0,0.601621,0.0531507,0.25741,102.723,71.9962
19.7379,-0,0,-0.00153398,0.349571,-0,0,-0.00153398,0.599885,0.0593464,0.253809,102.723,71.9962
19.8179,-0,0,-0.00153398,0.349571,-0,0,-0,0.599885,0.0560535,0.253146,102.723,71.9962
19.8979,-0,0,-0.00153398,0.349571,-0,0,-0,0.598438,0.0531413,0.257616,102.723,71.9962
19.9778,-0,0,-0.00153398,0.349571,-0,0,0.0076699,0.598438,0.0595147,0.24909,102.723,71.9962
20.0578,-0,0,-0.00153398,0.349282,-0,0,-0,0.58339,0.053535,0.258441,102.723,72.0216
20.1378,-0,0,-0.00153398,0.349571,-0,0,-0,0.524935,0.0573934,0.254026,102.723,71.9962
20.2179,-0,0,-0.00153398,0.349571,-0,0,-0,0.423942,0.0586003,0.250442,102.723,71.9962
20.2978,-0,0,-0.00153398,0.349571,-0,0,-0,0.357095,0.0527352,0.259309,102.723,71.9962
20.3778,-0,0,-0.00153398,0.349282,-0,0,-0,0.239317,0.0592621,0.250254,102.723,72.0216
20.4578,-0,0,-0.00153398,0.348992,-0,0,-0,0.108517,0.0557225,0.248608,102.723,72.047
20.5378,-0,0,-0.00153398,0.342337,-0,0,-0,0.00549822,0.0555878,0.147993,102.723,72.6321
20.6178,-0,0,-0.00153398,0.309058,-0,0,-0,0,0.0543047,0.0325115,102.723,75.5572
20.6978,-0,0,-0.00153398,0.244815,-0,0,-0,0,0.0494571,0.0380132,102.723,81.204
20.7778,-0,0,-0.00153398,0.164078,-0,0,-0,0,0.0565066,0.0322025,102.723,88.3006
20.8578,-0,0,-0.00153398,0.0818945,-0,0,-0,0,0.0492037,0.0382884,102.723,95.5245
20.9379,-0,0,-0.00153398,0.0217035,-0,0,-0,0,0.0520481,0.0402492,102.723,100.815
21.0178,-0,0,-0.00153398,0,-0,0,-0,0,0.0531225,0.0335261,102.723,102.723
21.0978,-0,0,-0.00153398,0,-0,0,-0,0,0.0519423,0.0456508,102.723,102.723
21.1778,-0,0,-0.00153398,0,-0,0,-0,0,0.0527162,0.0336601,102.723,102.723
21.2578,-0,0,-0.00153398,0,-0,0,-0,0,0.0546717,0.0384838,102.723,102.723
21.3377,-0,0,-0.00153398,0,-0,0,-0,0,0.0502892,0.0432319,102.723,102.723
21.4178,-0,0,-0.00153398,0,-0,0,-0,0,0.0533854,0.0339706,102.723,102.723
21.4978,-0,0,-0.00153398,0,-0,0,-0,0,0.0498598,0.0413038,102.723,102.723
21.5777,-0,0,-0.00153398,0,-0,0,-0,0,0.0508626,0.0363731,102.723,102.723
21.6578,-0,0,-0.00153398,0,-0,0,-0,0,0.0561872,0.0340881,102.723,102.723
21.7378,-0,0,-0.00153398,0,-0,0,-0,0,0.0498598,0.0386523,102.723,102.723
21.8178,-0,0,-0.00153398,0,-0,0,-0,0,0.0612699,0.0372156,102.723,102.723
21.8977,-0,0,-0.00153398,0,-0,0,-0,0,0.0471063,0.0343074,102.723,102.723
21.9777,-0,0,-0.00153398,0,-0,0,-0,0,0.04999,0.0358469,102.723,102.723
22.0577,-0,0,-0.00153398,0,-0,0,-0,0,0.0591608,0.0414849,102.723,102.723
22.1378,-0,0,-0.00153398,0,-0,0,-0,0,0.0564358,0.0510882,102.723,102.723
22.2178,-0,0,-0.00153398,0,-0,0,-0,0,0.0601415,0.0492037,102.723,102.723
22.2977,-0,0,-0.00153398,0,-0,0,-0,0,0.0609344,0.0485386,102.723,102.723
22.3777,-0,0,-0.00153398,0,-0,0,-0,0,0.0581292,0.0562228,102.723,102.723
22.4577,-0,0,-0.00153398,0,-0,0,-0,0,0.066873,0.0519711,102.723,102.723
22.5377,-0,0,-0.00153398,0,-0,0,-0,0,0.0622656,0.0555248,102.723,102.723
22.6177,-0,0,-0.00153398,0,-0,0,-0,0,0.0653758,0.0626977,102.723,102.723
22.6977,-0,0,-0.00153398,0,-0,0,-0,0,0.0724776,0.0564712,102.723,102.723
22.7776,-0,0,-0.00153398,0,-0,0,-0,0,0.0638514,0.0600167,102.723,102.723
22.8577,-0,0,-0.00153398,0,-0,0,-0,0,0.070859,0.0630952,102.723,102.723
22.9377,-0,0,-0.00153398,0,-0,0,-0,0,0.0732189,0.06257,102.723,102.723
23.0177,-0,0,-0.00153398,0,-0,0,-0,0,0.0662948,0.0639609,102.723,102.723
23.0977,-0,0,-0.00153398,0,-0,0,-0,0,0.0848646,0.0714563,102.723,102.723
23.1777,-0,0,-0.00153398,0,-0,0,-0,0,0.0785175,0.0754255,102.723,102.723
23.2577,-0,0,-0.00153398,0,-0,0,-0,0,0.0781089,0.0696348,102.723,102.723
23.3376,-0,0,-0.00153398,0,-0,0,-0,0,0.0890056,0.0744983,102.723,102.723
23.4177,-0,0,-0.00153398,0,-0,0,-0,0,0.0737835,0.0784538,102.723,102.723
23.4977,-0,0,-0.00153398,0,-0,0,-0,0,0.0911757,0.0821888,102.723,102.723
23.5776,-0,0,-0.00153398,0,-0,0,-0,0,0.0907965,0.0848057,102.723,102.723
23.6576,-0,0,-0.00153398,0,-0,0,-0,0,0.0868907,0.0895042,102.723,102.723
23.7376,-0,0,-0.00153398,0,-0,0,-0,0,0.0973447,0.0873327,102.723,102.723
23.8177,-0,0,-0.00153398,0,-0,0,-0,0,0.0875557,0.0892693,102.723,102.723
23.8976,-0,0,-0.00153398,0,-0,0,-0,0,0.0954254,0.0916842,102.723,102.723
23.9776,-0,0,-0.00153398,0,-0,0,-0,0,0.102908,0.0973345,102.723,102.723
24.0576,-0,0,-0.00153398,0,-0,0,-0,0,0.0996393,0.102294,102.723,102.723
24.1376,-0,0,-0.00153398,0,-0,0,-0,0,0.102147,0.0904434,102.723,102.723
24.2176,-0,0,-0.00153398,0,-0,0,-0,0,0.0939468,0.0921792,102.723,102.723
24.2976,-0,0,-0.00153398,0,-0,0,-0,0,0.0940957,0.0888426,102.723,102.723
24.3776,-0,0,-0.00153398,0,-0,0,-0,0,0.0946784,0.0841724,102.723,102.723
24.4576,-0,0,-0.00153398,0,-0,0,-0,0,0.0858487,0.0880795,102.723,102.723
24.5376,-0,0,-0.00153398,0,-0,0,-0,0,0.0891852,0.0767398,102.723,102.723
24.6176,-0,0,-0.00153398,0,-0,0,-0,0,0.088244,0.0846699,102.723,102.723
24.6976,-0,0,-0.00153398,0,-0,0,-0,0,0.0813265,0.0785939,102.723,102.723
24.7775,-0,0,-0.00153398,0,-0,0,-0,0,0.0890225,0.074135,102.723,102.723
24.8575,-0,0,-0.00153398,0,-0,0,-0,0,0.0783837,0.0765833,102.723,102.723
24.9376,-0,0,-0.00153398,0,-0,0,-0,0,0.0778075,0.0697065,102.723,102.723
25.0176,-0,0,-0.00153398,0,-0,0,-0,0,0.0823772,0.0715961,102.723,102.723
25.0975,-0,0,-0.00153398,0,-0,0,-0,0,0.0724293,0.0672309,102.723,102.723
25.1776,-0,0,-0.00153398,0,-0,0,-0,0,0.0802122,0.0678675,102.723,102.723
25.2576,-0,0,-0.00153398,0,-0,0,-0,0,0.0670522,0.0654905,102.723,102.723
25.3375,-0,0,-0.00153398,0,-0,0,-0,0,0.0674907,0.065146,102.723,102.723
25.4175,-0,0,-0.00153398,0,-0,0,-0,0,0.0796681,0.0676092,102.723,102.723
25.4975,-0,0,-0.00153398,0,-0,0,-0,0,0.0712811,0.0670075,102.723,102.723
25.5775,-0,0,-0.00153398,0,-0,0,-0,0,0.0739324,0.0592453,102.723,102.723
25.6575,-0,0,-0.00153398,0,-0,0,-0,0,0.0671491,0.0572887,102.723,102.723
25.7375,-0,0,-0.00153398,0,-0,0,-0,0,0.0602412,0.0594727,102.723,102.723
25.8175,-0,0,-0.00153398,0,-0,0,-0,0,0.066888,0.0528583,102.723,102.723
25.8975,-0,0,-0.00153398,0,-0,0,-0,0,0.0662873,0.0622415,102.723,102.723
25.9775,-0,0,-0.00153398,0,-0,0,-0,0,0.0595399,0.0522685,102.723,102.723
26.0575,-0,0,-0.00153398,0,-0,0,-0,0,0.059338,0.0484355,102.723,102.723
26.1375,-0,0,-0.00153398,0,-0,0,-0,0,0.0569034,0.0529717,102.723,102.723
26.2175,-0,0,-0.00153398,0,-0,0,-0,0,0.0577841,0.0435775,102.723,102.723
26.2975,-0,0,-0.00153398,0,-0,0,-0,0,0.0569034,0.0501498,102.723,102.723
26.3775,-0,0,-0.00153398,0,-0,0,-0,0,0.0532259,0.0431856,102.723,102.723
26.4575,-0,0,-0.00153398,0,-0,0,-0,0,0.0583267,0.0436119,102.723,102.723
26.5374,-0,0,-0.00153398,0,-0,0,-0,0,0.051517,0.0478435,102.723,102.723
26.6175,-0,0,-0.00153398,0,-0,0,-0,0,0.0546717,0.0432782,102.723,102.723
26.6976,-0,0,-0.00153398,0,-0,0,-0,0,0.0588303,0.0441475,102.723,102.723
26.7775,-0,0,-0.00153398,0,-0,0,-0,0,0.0526972,0.0481456,102.723,102.723
26.8575,-0,0,-0.00153398,0,-0,0,-0,0,0.0565155,0.0430581,102.723,102.723
26.9375,-0,0,-0.00153398,0,-0,0,-0,0,0.0519519,0.0431393,102.723,102.723
27.0174,-0,0,-0.00153398,0,-0,0,-0,0,0.0536097,0.0449222,102.723,102.723
27.0975,-0,0,-0.00153398,0,-0,0,-0,0,0.0536843,0.0400375,102.723,102.723
27.1774,-0,0,-0.00153398,0,-0,0,-0,0,0.0532447,0.0457056,102.723,102.723
27.2574,-0,0,-0.00153398,0,-0,0,-0,0,0.0565066,0.0406571,102.723,102.723
27.3374,-0,0,-0.00153398,0,-0,0,-0,0,0.051643,0.0415812,102.723,102.723
27.4174,-0,0,-0.00153398,0,-0,0,-0,0,0.0527826,0.0429651,102.723,102.723
27.4974,-0,0,-0.00153398,0,-0,0,-0,0,0.0526403,0.0349428,102.723,102.723
27.5775,-0,0,-0.00153398,0,-0,0,-0,0,0.0495379,0.0467547,102.723,102.723
27.6574,-0,0,-0.00153398,0,-0,0,-0,0,0.0524786,0.03937,102.723,102.723
27.7374,-0,0,-0.00153398,0,-0,0,-0,0,0.0550636,0.0407554,102.723,102.723
27.8173,-0,0,-0.00153398,0,-0,0,-0,0,0.0530943,0.0491223,102.723,102.723
27.8974,-0,0,-0.00153398,0,-0,0,-0,0,0.0525357,0.0337491,102.723,102.723
27.9774,-0,0,-0.00153398,0,-0,0,-0,0,0.052811,0.0432897,102.723,102.723
28.0575,-0,0,-0.00153398,0,-0,0,-0,0,0.0508626,0.0351141,102.723,102.723
28.1374,-0,0,-0.00153398,0,-0,0,-0,0,0.0505767,0.0360139,102.723,102.723
28.2174,-0,0,-0.00153398,0,-0,0,-0,0,0.047,0.0423084,102.723,102.723
28.2974,-0,0,-0.00153398,0,-0,0,-0,0,0.0512445,0.0374967,102.723,102.723
28.3773,-0,0,-0.00153398,0,-0,0,-0,0,0.0486929,0.0418688,102.723,102.723
28.4573,-0,0,-0.00153398,0,-0,0,-0,0,0.0478017,0.0389487,102.723,102.723
28.5373,-0,0,-0.00153398,0,-0,0,-0,0,0.0546443,0.0372693,102.723,102.723
28.6174,-0,0,-0.00153398,0,-0,0,-0,0,0.0546717,0.0461844,102.723,102.723
28.6973,-0,0,-0.00153398,0,-0,0,-0,0,0.0577062,0.0446094,102.723,102.723
28.7773,-0,0,-0.00153398,0,-0,0,-0,0,0.0522398,0.0398623,102.723,102.723
28.8573,-0,0,-0.00153398,0,-0,0,-0,0,0.0551181,0.0519038,102.723,102.723
28.9373,-0,0,-0.00153398,0,-0,0,-0,0,0.0563028,0.0437836,102.723,102.723
29.0173,-0,0,-0.00153398,0,-0,0,-0,0,0.0619758,0.0514879,102.723,102.723
29.0973,-0,0,-0.00153398,0,-0,0,-0,0,0.061498,0.0548179,102.723,102.723
29.1774,-0,0,-0.00153398,0,-0,0,-0,0,0.0660757,0.0524309,102.723,102.723
29.2573,-0,0,-0.00153398,0,-0,0,-0,0,0.0669552,0.0653988,102.723,102.723
29.3373,-0,0,-0.00153398,0,-0,0,-0,0,0.0702567,0.0554527,102.723,102.723
29.4173,-0,0,-0.00153398,0,-0,0,-0,0,0.069,0.0585406,102.723,102.723
29.4973,-0,0,-0.00153398,0,-0,0,-0,0,0.0640312,0.0621852,102.723,102.723
29.5773,-0,0,-0.00153398,0,-0,0,-0,0,0.0679853,0.0578273,102.723,102.723
29.6572,-0,0,-0.00153398,0,-0,0,-0,0,0.0731163,0.0754255,102.723,102.723
29.7372,-0,0,-0.00153398,0,-0,0,-0,0,0.0683008,0.0639844,102.723,102.723
29.8173,-0,0,-0.00153398,0,-0,0,-0,0.0431176,0.0837854,0.0721734,102.723,102.723
29.8973,-0,0,-0.00153398,0,-0,0,-0,0.126748,0.0744245,0.0728148,102.723,102.723
29.9773,-0,0,-0.00153398,0,-0,0,-0,0.199383,0.0882326,0.0765376,102.723,102.723
30.0572,-0,0,-0.00153398,0.00926016,-0,0,-0,0.227453,0.087046,0.0855687,102.723,101.909
30.1373,-0,0,-0.00153398,0.0541141,-0,0,-0,0.257259,0.0820792,0.0832226,102.723,97.9663
30.2172,-0,0,-0.00153398,0.128195,-0,0,-0,0.287644,0.0948367,0.0804239,102.723,91.4547
30.2972,-0,0,-0.00153398,0.204013,-0,0,-0,0.309637,0.0849647,0.0855336,102.723,84.7905
30.3773,-0,0,-0.00153398,0.261889,-0,0,-0,0.320054,0.0958071,0.0922226,102.723,79.7033
30.4573,-0,0,-0.00153398,0.292563,-0,0,-0,0.368959,0.0966954,0.0917932,102.723,77.007
30.5372,-0,0,-0.00153398,0.296036,-0,0,0.00153398,0.408605,0.0909285,0.0986712,102.723,76.7018
30.6172,-0,0,-0.00153398,0.296036,-0,0,-0,0.443909,0.102776,0.0948314,102.723,76.7018
30.6972,-0,0,-0.00153398,0.297483,-0,0,-0,0.487316,0.0948947,0.0977395,102.723,76.5746
30.7772,-0,0,-0.00153398,0.30327,-0,0,-0,0.517122,0.104005,0.102976,102.723,76.0659
30.8573,-0,0,-0.00153398,0.319186,-0,0,-0,0.555899,0.0984835,0.0920706,102.723,74.6669
30.9372,-0,0,-0.00153398,0.344941,-0,0,-0,0.577892,0.0938296,0.0812527,102.723,72.4031
31.0172,-0,0,-0.00153398,0.348703,-0,0,-0,0.597859,0.0975756,0.196657,102.723,72.0725
31.0972,-0,0,-0.00153398,0.348703,-0,0,-0,0.610013,0.0975038,0.193378,102.723,72.0725
31.1772,-0,0,-0.00153398,0.348703,-0,0,-0,0.610013,0.0872869,0.205801,102.723,72.0725
31.2572,-0,0,-0.00153398,0.348703,-0,0,-0,0.619563,0.0920978,0.203917,102.723,72.0725
31.3372,-0,0,-0.00153398,0.348703,-0,0,-0,0.641845,0.0850294,0.209299,102.723,72.0725
31.4172,-0,0,-0.00153398,0.348703,-0,0,-0,0.6676,0.083672,0.214763,102.723,72.0725
31.4972,-0,0,-0.00153398,0.348703,-0,0,-0,0.669915,0.0817619,0.206712,102.723,72.0725
31.5772,-0,0,-0.00153398,0.348703,-0,0,-0,0.678307,0.0821219,0.207678,102.723,72.0725
31.6571,-0,0,-0.00153398,0.348703,-0,0,-0,0.688435,0.0881249,0.211275,102.723,72.0725
31.7372,-0,0,-0.00153398,0.348703,-0,0,-0,0.688435,0.0805047,0.214117,102.723,72.0725
31.8172,-0,0,-0.00153398,0.348703,-0,0,-0,0.689882,0.0802683,0.21735,102.723,72.0725
31.8971,-0,0,-0.00153398,0.348703,-0,0,0.0076699,0.689882,0.0767138,0.215708,102.723,72.0725
31.9771,-0,0,-0.00153398,0.348703,-0,0,-0,0.691618,0.0696491,0.225222,102.723,72.0725
32.0571,-0,0,-0.00153398,0.348703,-0,0,-0,0.690461,0.0778075,0.218037,102.723,72.0725
32.1371,-0,0,-0.00153398,0.348703,-0,0,-0,0.691618,0.0679412,0.221777,102.723,72.0725
32.2171,-0,0,-0.00153398,0.348703,-0,0,-0,0.689882,0.0691086,0.224154,102.723,72.0725
32.2971,-0,0,-0.00153398,0.348703,-0,0,-0,0.689882,0.0717217,0.221709,102.723,72.0725
32.3771,-0,0,-0.00153398,0.348703,-0,0,-0,0.689882,0.0649461,0.224466,102.723,72.0725
32.4571,-0,0,-0.00153398,0.348703,-0,0,-0,0.689882,0.0685128,0.227346,102.723,72.0725
32.5371,-0,0,-0.00153398,0.348703,-0,0,-0,0.689882,0.06249,0.225231,102.723,72.0725
32.6171,-0,0,-0.00153398,0.348703,-0,0,-0,0.689882,0.0645755,0.229044,102.723,72.0725
32.6971,-0,0,-0.00153398,0.348703,-0,0,-0,0.689882,0.067897,0.227756,102.723,72.0725
32.7771,-0,0,-0.00153398,0.348703,-0,0,-0,0.689882,0.0596741,0.230662,102.723,72.0725
32.8571,-0,0,-0.00153398,0.348703,-0,0,-0,0.689882,0.0598247,0.232581,102.723,72.0725
32.9371,-0,0,-0.00153398,0.348703,-0,0,-0,0.689882,0.0584893,0.231875,102.723,72.0725
33.017,-0,0,-0.00153398,0.348703,-0,0,-0,0.689882,0.0551181,0.237853,102.723,72.0725
33.097,-0,0,-0.00153398,0.348703,-0,0,-0,0.689882,0.0603158,0.232127,102.723,72.0725
33.1771,-0,0,-0.00153398,0.348703,-0,0,0.0076699,0.689882,0.0554797,0.231097,102.723,72.0725
33.257,-0,0,-0.00153398,0.348703,-0,0,-0,0.689882,0.053376,0.240019,102.723,72.0725
33.337,-0,0,-0.00153398,0.348703,-0,0,-0,0.689882,0.0593717,0.230074,102.723,72.0725
33.417,-0,0,-0.00153398,0.348703,-0,0,-0,0.689882,0.0532916,0.236138,102.723,72.0725
33.497,-0,0,-0.00153398,0.348703,-0,0,-0,0.689882,0.0609672,0.231767,102.723,72.0725
33.577,-0,0,-0.00153398,0.348703,-0,0,-0,0.691618,0.0583866,0.231976,102.723,72.0725
33.657,-0,0,-0.00153398,0.348703,-0,0,-0,0.697985,0.0577062,0.231363,102.723,72.0725
33.737,-0,0,-0.00153398,0.348703,-0,0,-0,0.70001,0.0607454,0.241052,102.723,72.0725
33.817,-0,0,-0.00153398,0.348703,-0,0,-0,0.697985,0.0540185,0.238382,102.723,72.0725
33.897,-0,0,-0.00153398,0.348703,-0,0,-0,0.690461,0.0527067,0.236095,102.723,72.0725
33.977,-0,0,-0.00153398,0.348703,-0,0,-0,0.689882,0.0565774,0.233232,102.723,72.0725
34.057,-0,0,-0.00153398,0.348703,-0,0,-0,0.689882,0.0570438,0.232628,102.723,72.0725
34.137,-0,0,-0.00153398,0.348703,-0,0,-0,0.689882,0.056648,0.237727,102.723,72.0725
34.217,-0,0,-0.00153398,0.348703,-0,0,-0,0.689882,0.0558301,0.236087,102.723,72.0725
34.297,-0,0,-0.00153398,0.348703,-0,0,-0,0.697985,0.0542402,0.238002,102.723,72.0725
34.377,-0,0,-0.00153398,0.348703,-0,0,-0,0.697985,0.0495379,0.240406,102.723,72.0725
34.457,-0,0,-0.00153398,0.348703,-0,0,-0,0.691908,0.0565066,0.239944,102.723,72.0725
34.537,-0,0,-0.00153398,0.348703,-0,0,-0,0.70001,0.0484252,0.24551,102.723,72.0725
34.617,-0,0,-0.00153398,0.348703,-0,0,-0,0.70001,0.0518941,0.238166,102.723,72.0725
34.697,-0,0,-0.00153398,0.348703,-0,0,-0,0.70001,0.0513615,0.237392,102.723,72.0725
34.7769,-0,0,-0.00153398,0.348703,-0,0,-0,0.70001,0.0510882,0.241052,102.723,72.0725
34.857,-0,0,-0.00153398,0.348703,-0,0,-0.0076699,0.70001,0.0515558,0.240056,102.723,72.0725
34.9369,-0,0,-0.00153398,0.348703,-0,0,-0,0.70001,0.0531601,0.236707,102.723,72.0725
35.017,-0,0,-0.00153398,0.348703,-0,0.00839202,-0,0.70001,0.0473814,0.244338,102.723,72.0725
35.097,-0,0,-0.00153398,0.348703,-0,0.00202566,-0,0.70001,0.0550636,0.242438,102.723,72.0725
35.1769,-0,0,-0.00153398,0.348703,-0,0,-0,0.70001,0.0512835,0.241027,102.723,72.0725
35.2569,-0,0,-0.00153398,0.348703,-0,0,-0,0.70001,0.0486724,0.244561,102.723,72.0725
35.3369,-0,0,-0.00153398,0.348703,-0,0.00954954,-0,0.70001,0.0549454,0.23859,102.723,72.0725
35.4169,-0,0,-0.00153398,0.348703,-0,0.00028938,-0.0076699,0.70001,0.0522877,0.239485,102.723,72.0725
35.497,-0,0,-0.00153398,0.348703,-0,0,-0,0.70001,0.057,0.233564,102.723,72.0725
35.5769,-0,0,-0.00153398,0.348703,-0,0,-0,0.70001,0.0561516,0.233088,102.723,72.0725
35.6569,-0,0,-0.00153398,0.348703,-0,0.00954954,-0,0.70001,0.0518941,0.239048,102.723,72.0725
35.7369,-0,0,-0.00153398,0.348703,-0,0,-0,0.70001,0.0543507,0.231041,102.723,72.0725
35.8169,-0,0,-0.00153398,0.348703,-0,0,-0,0.70001,0.0572975,0.23116,102.723,72.0725
35.8969,-0,0,-0.00153398,0.348703,-0,0.00954954,-0,0.70001,0.0645368,0.232489,102.723,72.0725
35.9768,-0,0,-0.00153398,0.348703,-0,0,-0,0.70001,0.0596741,0.229917,102.723,72.0725
36.0568,-0,0,-0.00153398,0.348703,-0,0,-0,0.70001,0.063293,0.230601,102.723,72.0725
36.1369,-0,0,-0.00153398,0.348703,-0,0.00173628,-0,0.70001,0.0713372,0.22557,102.723,72.0725
36.2169,-0,0,-0.00153398,0.348703,-0,0.00202566,-0,0.70001,0.0686659,0.225091,102.723,72.0725
36.2968,-0,0,-0.00153398,0.348703,-0,0,-0,0.70001,0.0688331,0.226161,102.723,72.0725
36.3769,-0,0,-0.00153398,0.348703,-0,0,-0,0.70001,0.0684763,0.225411,102.723,72.0725
36.4569,-0,0,-0.00153398,0.348703,-0,0,-0,0.70001,0.0773175,0.215706,102.723,72.0725
36.5368,-0,0,-0.00153398,0.348703,-0,0,-0,0.70001,0.0793788,0.216613,102.723,72.0725
36.6168,-0,0,-0.00153398,0.348703,-0,0,-0,0.70001,0.0800375,0.216384,102.723,72.0725
36.6968,-0,0,-0.00153398,0.348703,-0,0,-0,0.70001,0.0828674,0.215984,102.723,72.0725
36.7769,-0,0,-0.00153398,0.348703,-0,0,-0,0.70001,0.0814371,0.211899,102.723,72.0725
36.8568,-0,0,-0.00153398,0.348703,-0,0,-0,0.70001,0.0841784,0.21356,102.723,72.0725
36.9368,-0,0,-0.00153398,0.348703,-0,0,-0,0.70001,0.0917115,0.207889,102.723,72.0725
37.0168,-0,0,-0.00153398,0.348703,-0,0,-0,0.70001,0.090879,0.203534,102.723,72.0725
37.0968,-0,0,-0.00153398,0.348703,-0,0,-0,0.70001,0.0822253,0.21174,102.723,72.0725
37.1768,-0,0,-0.00153398,0.348703,-0,0,-0,0.70001,0.0992673,0.199412,102.723,72.0725
37.2568,-0,0,-0.00153398,0.348703,-0,0,0.0076699,0.70001,0.098158,0.197226,102.723,72.0725
37.3368,-0,0,-0.00153398,0.348703,-0,0,-0,0.70001,0.0965246,0.203062,102.723,72.0725
37.4168,-0,0,-0.00153398,0.348703,-0,0,-0.00153398,0.70001,0.0983158,0.19639,102.723,72.0725
37.4968,-0,0,-0.00153398,0.348703,-0,0,-0,0.70001,0.0943027,0.206,102.723,72.0725
37.5768,-0,0,-0.00153398,0.348703,-0,0,0.00153398,0.70001,0.106911,0.201534,102.723,72.0725
37.6568,-0,0,-0.00153398,0.348703,-0,0,-0,0.70001,0.0896493,0.205769,102.723,72.0725
37.7368,-0,0,-0.00153398,0.348703,-0,0,-0,0.70001,0.0904544,0.200686,102.723,72.0725
37.8168,-0,0,-0.00153398,0.348703,-0,0,-0,0.70001,0.0950105,0.200746,102.723,72.0725
37.8967,-0,0,-0.00153398,0.348703,-0,0,-0,0.70001,0.0884138,0.211807,102.723,72.0725
37.9767,-0,0,-0.00153398,0.348703,-0,0,-0,0.70001,0.0942125,0.205597,102.723,72.0725
38.0568,-0,0,-0.00153398,0.348703,-0,0,-0,0.70001,0.0866603,0.204502,102.723,72.0725
38.1367,-0,0,-0.00153398,0.348703,-0,0,-0,0.70001,0.0811542,0.216968,102.723,72.0725
38.2168,-0,0,-0.00153398,0.348703,-0,0,0.0076699,0.70001,0.090233,0.211785,102.723,72.0725
38.2968,-0,0,-0.00153398,0.348703,-0,0,-0,0.70001,0.0801374,0.212767,102.723,72.0725
38.3768,-0,0,-0.00153398,0.348703,-0,0,-0,0.70001,0.0815475,0.216354,102.723,72.0725
38.4567,-0,0,-0.00153398,0.348703,-0,0,-0,0.70001,0.0823711,0.210107,102.723,72.0725
38.5368,-0,0,-0.00153398,0.348703,-0,0,-0,0.70001,0.0728972,0.220737,102.723,72.0725
38.6167,-0,0,-0.00153398,0.348703,-0,0,0.00153398,0.70001,0.0802558,0.217575,102.723,72.0725
38.6967,-0,0,-0.00153398,0.348703,-0,0,0.00153398,0.70001,0.0747596,0.218653,102.723,72.0725
38.7767,-0,0,-0.00153398,0.348703,-0,0.00810264,-0,0.70001,0.0735799,0.220366,102.723,72.0725
38.8567,-0,0,-0.00153398,0.348703,-0,0,-0,0.70001,0.0774919,0.214385,102.723,72.0725
38.9367,-0,0,-0.00153398,0.348703,-0,0,-0,0.70001,0.0687386,0.227361,102.723,72.0725
39.0167,-0,0,-0.00153398,0.348703,-0,0,-0,0.70001,0.0715681,0.2199,102.723,72.0725
39.0967,-0,0,-0.00153398,0.348703,-0,0,0.00153398,0.70001,0.0727942,0.21828,102.723,72.0725
39.1767,-0,0,-0.00153398,0.348703,-0,0.00173628,-0,0.70001,0.0658711,0.229874,102.723,72.0725
39.2567,-0,0,-0.00153398,0.348703,-0,0.00810264,-0,0.70001,0.0697854,0.22498,102.723,72.0725
39.3367,-0,0,-0.00153398,0.348703,-0,0.00028938,-0,0.70001,0.061384,0.227631,102.723,72.0725
39.4167,-0,0,-0.00153398,0.348703,-0,0,-0,0.70001,0.068775,0.227884,102.723,72.0725
39.4967,-0,0,-0.00153398,0.348703,-0,0.00983892,-0,0.70001,0.0609426,0.231182,102.723,72.0725
39.5767,-0,0,-0.00153398,0.348703,-0,0,-0,0.70001,0.0600167,0.233996,102.723,72.0725
39.6566,-0,0,-0.00153398,0.348703,-0,0.00810264,-0,0.70001,0.0606218,0.233985,102.723,72.0725
39.7366,-0,0,-0.00153398,0.348703,-0,0,-0,0.70001,0.0559821,0.237727,102.723,72.0725
39.8166,-0,0,-0.00153398,0.348703,-0,0.00983892,-0,0.70001,0.0582924,0.232297,102.723,72.0725
39.8966,-0,0,-0.00153398,0.348703,-0,0.0101283,-0,0.697985,0.0562317,0.236966,102.723,72.0725
39.9766,-0,0,-0.00153398,0.348703,-0,0.0101283,-0,0.656024,0.0547266,0.238581,102.723,72.0725
40.0566,-0,0,-0.00153398,0.348703,-0,0.0101283,-0,0.593518,0.0562317,0.240052,102.723,72.0725
40.1366,-0,0,-0.00153398,0.348703,-0,0.0101283,-0,0.484422,0.0553353,0.235502,102.723,72.0725
40.2166,-0,0,-0.00153398,0.348703,-0,0,-0,0.395582,0.052345,0.239403,102.723,72.0725
40.2966,-0,0,-0.00153398,0.348703,-0,0,-0,0.207485,0.0561605,0.237592,102.723,72.0725
40.3766,-0,0,-0.00153398,0.348414,-0,0,-0,0.0599017,0.0537215,0.228094,102.723,72.0979
40.4566,-0,0,-0.00153398,0.337417,-0,0,-0,0.00028938,0.0519038,0.102005,102.723,73.0645
40.5366,-0,0,-0.00153398,0.296614,-0,0,-0,0,0.0556866,0.0334963,102.723,76.6509
40.6166,-0,0,-0.00153398,0.227742,-0,0,-0,0,0.0514684,0.0395095,102.723,82.7047
40.6966,-0,0,-0.00153398,0.144979,-0,0,-0,0,0.0583267,0.0384057,102.723,89.9794
40.7766,-0,0,-0.00153398,0.0674255,-0,0,-0,0,0.0498197,0.0399375,102.723,96.7963
40.8566,-0,0,-0.00153398,0.0162053,-0,0,-0,0,0.0494469,0.033121,102.723,101.298
40.9366,-0,0,-0.00153398,0,-0,0,-0,0,0.0529245,0.0309516,102.723,102.723
41.0166,-0,0,-0.00153398,0,-0,0,-0,0,0.0510882,0.0414849,102.723,102.723
41.0966,-0,0,-0.00153398,0,-0,0,-0,0,0.0571489,0.0364555,102.723,102.723
41.1766,-0,0,-0.00153398,0,-0,0,-0,0,0.0512835,0.0361525,102.723,102.723
41.2567,-0,0,-0.00153398,0,-0,0,-0,0,0.0506261,0.0416773,102.723,102.723
41.3366,-0,0,-0.00153398,0,-0,0,-0,0,0.0515461,0.0304302,102.723,102.723
41.4165,-0,0,-0.00153398,0,0.0076699,0,-0,0,0.05,0.0380526,102.723,102.723
41.4965,-0,0,-0.00153398,0,0.00153398,0,-0,0,0.052811,0.0359583,102.723,102.723
41.5765,-0,0,-0.00153398,0,-0,0,-0,0,0.05007,0.0364555,102.723,102.723
41.6565,-0,0,-0.00153398,0,0.0076699,0,-0,0,0.0485901,0.039,102.723,102.723
41.7365,-0,0,-0.00153398,0,-0,0,-0,0,0.0508035,0.0325269,102.723,102.723
41.8166,-0,0,-0.00153398,0,-0,0.00954954,-0,0,0.0487134,0.0415933,102.723,102.723
41.8965,-0,0,-0.00153398,0,-0,0.0101283,-0,0,0.0499099,0.0322955,102.723,102.723
41.9765,-0,0,-0.00153398,0,-0,0.0101283,-0,0,0.0540555,0.032573,102.723,102.723
42.0565,-0,0,-0.00153398,0,-0,0.0101283,-0,0,0.0461411,0.035819,102.723,102.723
42.1366,-0,0,-0.00153398,0,-0,0.0101283,-0,0,0.0514879,0.030692,102.723,102.723
42.2165,-0,0,-0.00153398,0,-0,0.0101283,-0,0,0.0508429,0.0374967,102.723,102.723
42.2965,-0,0,-0.00153398,0,-0,0.0101283,-0,0,0.0506458,0.0346699,102.723,102.723
42.3765,-0,0,-0.00153398,0,-0,0.0101283,-0,0,0.0568946,0.0402741,102.723,102.723
42.4565,-0,0,-0.00153398,0,-0,0.0101283,-0,0,0.0529245,0.0436921,102.723,102.723
42.5365,-0,0,-0.00153398,0,-0,0.0101283,-0,0,0.0589067,0.0440908,102.723,102.723
42.6165,-0,0,-0.00153398,0,-0,0.0101283,-0,0,0.063293,0.0544518,102.723,102.723
42.6965,-0,0,-0.00153398,0,-0,0.0101283,-0,0,0.0584893,0.0441928,102.723,102.723
42.7765,-0,0,-0.00153398,0,-0,0.0101283,-0,0,0.0732189,0.0552268,102.723,102.723
42.8565,-0,0,-0.00153398,0,-0,0.0101283,-0,0,0.0596741,0.0539444,102.723,102.723
42.9365,-0,0,-0.00153398,0,-0,0.0101283,-0,0,0.0699214,0.0611392,102.723,102.723
43.0165,-0,0,-0.00153398,0,-0,0.0101283,-0,0,0.0716798,0.0589322,102.723,102.723
43.0965,-0,0,-0.00153398,0,-0,0.0101283,-0,0,0.0676831,0.0630635,102.723,102.723
43.1765,-0,0,-0.00153398,0,-0,0.0101283,-0,0,0.075213,0.065307,102.723,102.723
43.2565,-0,0,-0.00153398,0,-0,0.0101283,-0,0,0.0702567,0.0630159,102.723,102.723
43.3364,-0,0,-0.00153398,0,-0,0.0101283,-0,0,0.0754188,0.0704344,102.723,102.723
43.4164,-0,0,-0.00153398,0,-0,0.0101283,-0,0,0.0800625,0.0656506,102.723,102.723
43.4964,-0,0,-0.00153398,0,-0,0.0101283,-0,0,0.0818535,0.0815475,102.723,102.723
43.5764,-0,0,-0.00153398,0,-0,0.0101283,-0,0,0.0805854,0.0656201,102.723,102.723
43.6564,-0,0,-0.00153398,0,-0,0.0101283,-0,0,0.0827768,0.0775242,102.723,102.723
43.7364,-0,0,-0.00153398,0,-0,0.0101283,-0,0,0.0839405,0.0816211,102.723,102.723
43.8164,-0,0,-0.00153398,0,-0,0.0101283,-0,0,0.0926607,0.0819146,102.723,102.723
43.8964,-0,0,-0.00153398,0,-0,0.0101283,-0,0,0.0833187,0.0872754,102.723,102.723
43.9764,-0,0,-0.00153398,0,-0,0.0101283,-0,0,0.0890898,0.0811049,102.723,102.723
44.0564,-0,0,-0.00153398,0,-0,0.00028938,-0,0,0.104561,0.0911757,102.723,102.723
44.1364,-0,0,-0.00153398,0,-0,0,-0,0,0.0878237,0.093086,102.723,102.723
44.2164,-0,0,-0.00153398,0,-0,0.00810264,-0,0,0.105891,0.0956818,102.723,102.723
44.2964,-0,0,-0.00153398,0,-0,0.0101283,-0,0,0.0974269,0.0948683,102.723,102.723
44.3763,-0,0,-0.00153398,0,-0,0.0101283,-0,0,0.0933274,0.0915915,102.723,102.723
44.4563,-0,0,-0.00153398,0,-0,0.00983892,-0,0,0.0938829,0.0843149,102.723,102.723
44.5363,-0,0,-0.00153398,0,-0,0.0101283,-0,0,0.0892973,0.0871895,102.723,102.723
44.6164,-0,0,-0.00153398,0,-0,0.0101283,-0,0,0.0966282,0.0900333,102.723,102.723
44.6964,-0,0,-0.00153398,0,-0,0.0101283,-0,0,0.0835823,0.0799625,102.723,102.723
44.7763,-0,0,-0.00153398,0,-0,0.0101283,-0,0,0.0879318,0.0888482,102.723,102.723
44.8564,-0,0,-0.00153398,0,0.00153398,0.0101283,-0,0,0.0862148,0.0752994,102.723,102.723
44.9363,-0,0,-0.00153398,0,-0,0.0101283,-0,0,0.0809568,0.0816456,102.723,102.723
45.0163,-0,0,-0.00153398,0,-0,0.0101283,-0,0,0.0872009,0.0828613,102.723,102.723
45.0963,-0,0,-0.00153398,0,-0,0.0101283,-0,0,0.0815904,0.0753525,102.723,102.723
45.1764,-0,0,-0.00153398,0,-0,0.0101283,-0,0,0.0763413,0.0783645,102.723,102.723
45.2563,-0,0,-0.00153398,0,-0,0.0101283,-0,0,0.0816701,0.0681249,102.723,102.723
45.3363,-0,0,-0.00153398,0,-0,0.0101283,-0,0,0.0809197,0.0753392,102.723,102.723
45.4163,-0,0,-0.00153398,0,-0,0.0101283,-0,0,0.0732735,0.0691231,102.723,102.723
45.4963,-0,0,-0.00153398,0,-0,0.0101283,-0,0,0.0796555,0.066873,102.723,102.723
45.5763,-0,0,-0.00153398,0,-0,0.0101283,-0,0,0.0736206,0.0703776,102.723,102.723
45.6563,-0,0,-0.00153398,0,-0,0.0101283,-0,0,0.0731163,0.0599833,102.723,102.723
45.7363,-0,0,-0.00153398,0,-0,0.0101283,-0,0,0.0698427,0.0641483,102.723,102.723
45.8163,-0,0,-0.00153398,0,-0,0.0101283,-0,0,0.0664003,0.0621128,102.723,102.723
45.8963,-0,0,-0.00153398,0,-0,0.0101283,-0,0,0.0718749,0.0585235,102.723,102.723
45.9763,-0,0,-0.00153398,0,-0,0.0101283,-0,0,0.0645291,0.061327,102.723,102.723
46.0562,-0,0,-0.00153398,0,-0,0.0101283,-0,0,0.0650538,0.0565243,102.723,102.723
46.1362,-0,0,-0.00153398,0,-0,0.0101283,-0,0,0.0680294,0.0565155,102.723,102.723
46.2163,-0,0,-0.00153398,0,-0,0.0101283,-0,0,0.0588303,0.0533854,102.723,102.723
46.2962,-0,0,-0.00153398,0,-0,0.0101283,-0,0,0.0654676,0.050448,102.723,102.723
46.3762,-0,0,-0.00153398,0,-0,0.0101283,-0,0,0.059439,0.0470956,102.723,102.723
46.4562,-0,0,-0.00153398,0,-0,0.00839202,-0,0,0.0572276,0.0553715,102.723,102.723
46.5362,-0,0,-0.00153398,0,-0,0,-0,0,0.0633167,0.0436119,102.723,102.723
46.6162,-0,0,-0.00153398,0,-0,0.0101283,-0,0,0.0545252,0.0475079,102.723,102.723
46.6962,-0,0,-0.00153398,0,-0,0.00839202,-0,0,0.0613351,0.0483735,102.723,102.723
46.7762,-0,0,-0.00153398,0,-0,0.0101283,-0,0,0.0539351,0.0442154,102.723,102.723
46.8562,-0,0,-0.00153398,0,-0,0.00202566,-0,0,0.0564624,0.0501298,102.723,102.723
46.9362,-0,0,-0.00153398,0,-0,0,-0,0,0.0583267,0.04531,102.723,102.723
47.0162,-0,0,-0.00153398,0,-0,0,-0,0,0.0548817,0.0511566,102.723,102.723
47.0962,-0,0,-0.00153398,0,0.0076699,0,-0,0,0.0570175,0.0437035,102.723,102.723
47.1762,-0,0,-0.00153398,0,0.0076699,0,-0,0,0.0593464,0.0406448,102.723,102.723
47.2562,-0,0,-0.00153398,0,0.00920388,0,-0,0,0.05004,0.0452659,102.723,102.723
47.3362,-0,0,-0.00153398,0,0.0107379,0,-0,0,0.0581808,0.0406448,102.723,102.723
47.4162,-0,0,-0.00153398,0,0.0107379,0,-0,0,0.0542125,0.0444635,102.723,102.723
47.4962,-0,0,-0.00153398,0,0.0107379,0,-0,0,0.0498899,0.0434281,102.723,102.723
47.5762,-0,0,-0.00153398,0,0.0107379,0,-0,0,0.0561249,0.0404599,102.723,102.723
47.6562,-0,0,-0.00153398,0,0.0107379,0,-0,0,0.050319,0.0443847,102.723,102.723
47.7361,-0,0,-0.00153398,0,0.00920388,0,-0,0,0.0540185,0.0393573,102.723,102.723
47.8162,-0,0,-0.00153398,0,0.0107379,0,-0,0,0.0532916,0.0394968,102.723,102.723
47.8962,-0,0,-0.00153398,0,0.0107379,0,-0,0,0.0511664,0.0416653,102.723,102.723
47.9761,-0,0,-0.00153398,0,0.00153398,0,-0,0,0.0567362,0.0400749,102.723,102.723
48.0562,-0,0,-0.00153398,0,0.00920388,0,-0,0,0.0496488,0.0410853,102.723,102.723
48.1361,-0,0,-0.00153398,0,0.0107379,0,-0,0,0.052345,0.0415331,102.723,102.723
48.2161,-0,0,-0.00153398,0,0.0107379,0,-0,0,0.0529623,0.0369324,102.723,102.723
48.2962,-0,0,-0.00153398,0,0.00153398,0,-0,0,0.0493457,0.0445197,102.723,102.723
48.3761,-0,0,-0.00153398,0,0.0107379,0,-0,0,0.0542955,0.0375366,102.723,102.723
48.4561,-0,0,-0.00153398,0,0.0107379,0,-0,0,0.0527067,0.0384838,102.723,102.723
48.5361,-0,0,-0.00153398,0,0.0107379,0,-0,0,0.0485901,0.0422493,102.723,102.723
48.6161,-0,0,-0.00153398,0,0.0107379,0,-0,0,0.0527826,0.0373497,102.723,102.723
48.6961,-0,0,-0.00153398,0,0.00920388,0,-0,0,0.0495278,0.039,102.723,102.723
48.7762,-0,0,-0.00153398,0,0.0107379,0,-0,0,0.0478957,0.033121,102.723,102.723
48.8562,-0,0,-0.00153398,0,0.0107379,0,-0,0,0.0520481,0.0351568,102.723,102.723
48.9361,-0,0,-0.00153398,0,0.00153398,0,-0,0,0.0482183,0.0416893,102.723,102.723
49.0161,-0,0,-0.00153398,0,0.0107379,0,-0,0,0.0528961,0.0371618,102.723,102.723
49.0961,-0,0,-0.00153398,0,0.0107379,0,-0,0,0.0542125,0.0447325,102.723,102.723
49.176,-0,0,-0.00153398,0,0.00920388,0,-0,0,0.0592453,0.0498297,102.723,102.723
49.256,-0,0,-0.00153398,0,0.0076699,0,-0,0,0.0560535,0.0439204,102.723,102.723
49.336,-0,0,-0.00153398,0,0.0107379,0.0101283,-0,0,0.0555968,0.0493457,102.723,102.723
49.416,-0,0,-0.00153398,0,0.0107379,0.0101283,-0,0,0.0636632,0.0515073,102.723,102.723
49.4961,-0,0,-0.00153398,0,0.0107379,0.00954954,-0,0,0.0691158,0.0594475,102.723,102.723
49.5761,-0,0,-0.00153398,0,0.0107379,0.0101283,-0,0,0.0559732,0.0561605,102.723,102.723
49.6561,-0,0,-0.00153398,0,0.0107379,0.00028938,-0,0.0370406,0.0731163,0.0532447,102.723,102.723
49.736,-0,0,-0.00153398,0,0.00920388,0.00173628,-0,0.127327,0.0660454,0.0574282,102.723,102.723
49.8161,-0,0,-0.00153398,0,0.0107379,0.00028938,-0,0.196489,0.0650077,0.0570175,102.723,102.723
49.8961,-0,0,-0.00153398,0.00926016,0.0107379,0,-0,0.226006,0.0772593,0.0662269,102.723,101.909
49.9761,-0,0,-0.00153398,0.0535353,0.0107379,0,-0,0.247709,0.0657723,0.0667608,102.723,98.0172
50.056,-0,0,-0.00153398,0.127327,0.0107379,0,-0,0.287644,0.0700357,0.0621772,102.723,91.531
50.136,-0,0,-0.00153398,0.202277,0.0076699,0.00810264,-0,0.3079,0.0723464,0.0703847,102.723,84.9431
50.216,-0,0,-0.00153398,0.259284,0.0107379,0.00028938,-0,0.309926,0.0751598,0.0760329,102.723,79.9322
50.296,-0,0,-0.00153398,0.28938,0.0107379,0,-0,0.348703,0.0789493,0.0687314,102.723,77.2868
50.376,-0,0,-0.00153398,0.29401,0.0107379,0,-0,0.385454,0.0805047,0.0785875,102.723,76.8799
50.456,-0,0,-0.00153398,0.293721,0.0107379,0.00028938,-0,0.445356,0.0892861,0.0871837,102.723,76.9053
50.536,-0,0,-0.00153398,0.29401,0.0107379,0.00810264,-0,0.497444,0.0883742,0.0811542,102.723,76.8799
50.616,-0,0,-0.00153398,0.299219,0.0107379,0.00202566,-0,0.554741,0.0805978,0.0881476,102.723,76.422
50.6961,-0,0,-0.00153398,0.318318,0.0107379,0.00173628,-0,0.586284,0.093322,0.0852408,102.723,74.7432
50.776,-0,0,-0.00153398,0.349282,0.0107379,0,-0,0.601332,0.0907965,0.101735,102.723,72.0216
50.8561,-0,0,-0.00153398,0.352175,0.00920388,0,-0,0.617826,0.0925419,0.285093,102.723,71.7672
50.936,-0,0,-0.00153398,0.352175,0.0107379,0,-0,0.627955,0.0960885,0.286052,102.723,71.7672
51.016,-0,0,-0.00153398,0.352175,0.0107379,0,-0,0.641266,0.0904544,0.291404,102.723,71.7672
51.096,-0,0,-0.00153398,0.352175,0.0107379,0,-0,0.679464,0.103832,0.279639,102.723,71.7672
51.1759,-0,0,-0.00153398,0.352175,0.0107379,0,-0,0.680043,0.0973499,0.28626,102.723,71.7672
51.2559,-0,0,-0.00153398,0.352175,0.0107379,0,-0,0.689882,0.090846,0.292147,102.723,71.7672
51.336,-0,0,-0.00153398,0.352175,0.00920388,0,-0,0.699721,0.0979847,0.28451,102.723,71.7672
51.4159,-0,0,-0.00153398,0.352175,0.0107379,0,-0,0.717952,0.0892076,0.288562,102.723,71.7672
51.4959,-0,0,-0.00153398,0.352175,0.0107379,0,-0,0.719688,0.088295,0.292027,102.723,71.7672
51.576,-0,0,-0.00153398,0.352175,0.0107379,0,-0,0.719977,0.088459,0.287357,102.723,71.7672
51.656,-0,0,-0.00153398,0.352175,-0,0,-0,0.719977,0.0845577,0.299818,102.723,71.7672
51.736,-0,0,-0.00153398,0.352175,0.00920388,0,-0,0.72808,0.0845044,0.296316,102.723,71.7672
51.8159,-0,0,-0.00153398,0.352175,0.0107379,0,-0,0.730106,0.0816701,0.289898,102.723,71.7672
51.8959,-0,0,-0.00153398,0.352175,0.0107379,0,-0.0076699,0.730106,0.0777817,0.30136,102.723,71.7672
51.9759,-0,0,-0.00153398,0.352175,0.0107379,0,-0,0.730106,0.0828794,0.296827,102.723,71.7672
52.0559,-0,0,-0.00153398,0.352175,0.0107379,0,-0,0.730106,0.0804612,0.297735,102.723,71.7672
52.1359,-0,0,-0.00153398,0.352175,0.0107379,0,-0,0.730106,0.0783964,0.301047,102.723,71.7672
52.2159,-0,0,-0.00153398,0.352175,0.00153398,0,-0,0.738208,0.0777174,0.30049,102.723,71.7672
52.2959,-0,0,-0.00153398,0.352175,0.00153398,0,-0,0.739945,0.068644,0.310743,102.723,71.7672
52.3759,-0,0,-0.00153398,0.352175,0.00153398,0,-0,0.739945,0.0797245,0.299232,102.723,71.7672
52.4558,-0,0,-0.00153398,0.352175,0.00153398,0,-0,0.739945,0.0630555,0.309945,102.723,71.7672
52.5358,-0,0,-0.00153398,0.352175,0.00920388,0,-0,0.739945,0.0672161,0.307695,102.723,71.7672
52.6159,-0,0,-0.00153398,0.352175,0.00153398,0,-0,0.739945,0.0727942,0.301433,102.723,71.7672
52.6958,-0,0,-0.00153398,0.352175,0.00920388,0,-0,0.739945,0.0605805,0.316258,102.723,71.7672
52.7758,-0,0,-0.00153398,0.352175,0.0107379,0,-0.0076699,0.739945,0.0663476,0.308879,102.723,71.7672
52.8559,-0,0,-0.00153398,0.352175,0.0107379,0,-0,0.739945,0.0620161,0.311849,102.723,71.7672
52.9358,-0,0,-0.00153398,0.352175,0.0107379,0,-0,0.739945,0.0610574,0.316899,102.723,71.7672
53.0159,-0,0,-0.00153398,0.352175,0.0107379,0,-0,0.739945,0.0626817,0.317107,102.723,71.7672
53.0958,-0,0,-0.00153398,0.352175,0.00153398,0,-0,0.739945,0.0560446,0.320981,102.723,71.7672
53.1758,-0,0,-0.00153398,0.352175,0.00920388,0,-0,0.738498,0.0588558,0.310525,102.723,71.7672
53.2558,-0,0,-0.00153398,0.352175,0.0107379,0,-0,0.739945,0.0551815,0.318918,102.723,71.7672
53.3358,-0,0,-0.00153398,0.352175,0.00920388,0,-0,0.739945,0.0616928,0.315351,102.723,71.7672
53.4158,-0,0,-0.00153398,0.352175,0.0107379,0,-0,0.740234,0.0595147,0.316646,102.723,71.7672
53.4958,-0,0,-0.00153398,0.352175,0.0107379,0,-0,0.739945,0.055,0.320222,102.723,71.7672
53.5759,-0,0,-0.00153398,0.352175,0.0076699,0,-0,0.739945,0.0579396,0.318561,102.723,71.7672
53.6559,-0,0,-0.00153398,0.352175,0.0107379,0,-0,0.739945,0.0548544,0.316022,102.723,71.7672
53.7358,-0,0,-0.00153398,0.352175,0.0107379,0,-0,0.739945,0.0531507,0.320509,102.723,71.7672
53.8158,-0,0,-0.00153398,0.352175,0.0107379,0,-0,0.739945,0.0565774,0.31964,102.723,71.7672
53.8958,-0,0,-0.00153398,0.352175,0.0107379,0,-0,0.739945,0.0543783,0.319453,102.723,71.7672
53.9758,-0,0,-0.00153398,0.352175,0.0107379,0,-0,0.739945,0.0517784,0.323481,102.723,71.7672
54.0558,-0,0,-0.00153398,0.352175,0.0107379,0,-0,0.739945,0.0573585,0.315248,102.723,71.7672
54.1358,-0,0,-0.00153398,0.352175,0.0107379,0,-0,0.749494,0.0527826,0.322113,102.723,71.7672
54.2158,-0,0,-0.00153398,0.352175,0.0107379,0,-0,0.739945,0.0576194,0.32018,102.723,71.7672
54.2958,-0,0,-0.00153398,0.352175,0.00153398,0,-0,0.750073,0.0532447,0.320362,102.723,71.7672
54.3757,-0,0,-0.00153398,0.352175,0.00920388,0,-0,0.750073,0.0514684,0.322343,102.723,71.7672
54.4558,-0,0,-0.00153398,0.352175,0.0107379,0,-0,0.750073,0.0575065,0.317918,102.723,71.7672
54.5358,-0,0,-0.00153398,0.352175,0.0076699,0,-0,0.750073,0.04999,0.321977,102.723,71.7672
54.6158,-0,0,-0.00153398,0.352175,0.0107379,0,-0,0.750073,0.0531413,0.322362,102.723,71.7672
54.6957,-0,0,-0.00153398,0.352175,0.0107379,0,-0,0.750073,0.0530094,0.320732,102.723,71.7672
54.7757,-0,0,-0.00153398,0.352175,0.00920388,0,-0,0.750073,0.0474447,0.327469,102.723,71.7672
54.8557,-0,0,-0.00153398,0.352175,0.00920388,0,-0,0.750073,0.0548999,0.323815,102.723,71.7672
54.9357,-0,0,-0.00153398,0.352175,0.0107379,0,-0,0.749784,0.0507346,0.324878,102.723,71.7672
55.0157,-0,0,-0.00153398,0.352175,0.0107379,0,-0,0.750073,0.05,0.323456,102.723,71.7672
55.0957,-0,0,-0.00153398,0.352175,0.0107379,0,-0,0.750073,0.0517784,0.325414,102.723,71.7672
55.1757,-0,0,-0.00153398,0.352175,0.0107379,0,-0,0.750073,0.04755,0.3251,102.723,71.7672
55.2558,-0,0,-0.00153398,0.352175,0.0107379,0,-0,0.750073,0.0513517,0.321966,102.723,71.7672
55.3357,-0,0,-0.00153398,0.352175,0.00153398,0,-0,0.750073,0.0509902,0.32305,102.723,71.7672
55.4157,-0,0,-0.00153398,0.352175,0.0076699,0,-0,0.750073,0.0490408,0.328061,102.723,71.7672
55.4957,-0,0,-0.00153398,0.352175,0.0107379,0,-0,0.750073,0.0524786,0.322978,102.723,71.7672
55.5757,-0,0,-0.00153398,0.352175,0.0107379,0,-0,0.750073,0.047697,0.326107,102.723,71.7672
55.6557,-0,0,-0.00153398,0.352175,0.0107379,0,-0.0076699,0.750073,0.0495681,0.326769,102.723,71.7672
55.7357,-0,0,-0.00153398,0.352175,0.0107379,0,-0,0.750073,0.05007,0.324082,102.723,71.7672
55.8157,-0,0,-0.00153398,0.352175,0.0107379,0,-0,0.750073,0.047697,0.3297,102.723,71.7672
55.8957,-0,0,-0.00153398,0.352175,0.0107379,0,-0,0.750073,0.059439,0.317574,102.723,71.7672
55.9757,-0,0,-0.00153398,0.352175,0.0107379,0,-0,0.750073,0.0562228,0.314538,102.723,71.7672
56.0557,-0,0,-0.00153398,0.352175,0.0107379,0,-0,0.750073,0.0553624,0.322709,102.723,71.7672
56.1357,-0,0,-0.00153398,0.352175,0.00153398,0,-0,0.750073,0.0681982,0.314827,102.723,71.7672
56.2156,-0,0,-0.00153398,0.352175,0.00153398,0,-0,0.750073,0.0550091,0.315598,102.723,71.7672
56.2956,-0,0,-0.00153398,0.352175,0.0107379,0,-0,0.750073,0.0623779,0.312058,102.723,71.7672
56.3756,-0,0,-0.00153398,0.352175,0.0107379,0,-0,0.750073,0.0654981,0.307761,102.723,71.7672
56.4556,-0,0,-0.00153398,0.352175,0.0107379,0,-0,0.750073,0.0707814,0.310471,102.723,71.7672
56.5357,-0,0,-0.00153398,0.352175,0.0107379,0,-0,0.749784,0.0767398,0.301239,102.723,71.7672
56.6157,-0,0,-0.00153398,0.352175,0.0107379,0,-0,0.749784,0.0641093,0.30928,102.723,71.7672
56.6956,-0,0,-0.00153398,0.352175,0.0107379,0,-0,0.750073,0.0762693,0.29911,102.723,71.7672
56.7756,-0,0,-0.00153398,0.352175,0.0076699,0,-0,0.750073,0.0801561,0.296157,102.723,71.7672
56.8556,-0,0,-0.00153398,0.352175,0.0107379,0,-0,0.750073,0.065521,0.310145,102.723,71.7672
56.9357,-0,0,-0.00153398,0.352175,0.0107379,0,-0,0.750073,0.0770714,0.300403,102.723,71.7672
57.0156,-0,0,-0.00153398,0.352175,0.0107379,0,-0,0.750073,0.0813695,0.292358,102.723,71.7672
57.0956,-0,0,-0.00153398,0.352175,0.0107379,0,-0,0.750073,0.0773369,0.298459,102.723,71.7672
57.1756,-0,0,-0.00153398,0.352175,0.0107379,0,-0,0.750073,0.083006,0.294486,102.723,71.7672
57.2556,-0,0,-0.00153398,0.352175,0.0076699,0,-0,0.750073,0.0874757,0.285028,102.723,71.7672
57.3356,-0,0,-0.00153398,0.352175,0.0107379,0,-0,0.750073,0.0858429,0.295108,102.723,71.7672
57.4156,-0,0,-0.00153398,0.352175,0.0107379,0,-0,0.750073,0.0939628,0.281114,102.723,71.7672
57.4956,-0,0,-0.00153398,0.352175,0.0107379,0,-0,0.750073,0.0857088,0.290172,102.723,71.7672
57.5756,-0,0,-0.00153398,0.352175,0.0107379,0,-0,0.74197,0.096933,0.285648,102.723,71.7672
57.6556,-0,0,-0.00153398,0.352175,0.0107379,0,-0,0.74197,0.0933649,0.283771,102.723,71.7672
57.7356,-0,0,-0.00153398,0.352175,0.0107379,0,0.0076699,0.749494,0.091444,0.289598,102.723,71.7672
57.8156,-0,0,-0.00153398,0.352175,0.0107379,0,-0,0.750073,0.103759,0.273295,102.723,71.7672
57.8956,-0,0,-0.00153398,0.352175,0.0107379,0,-0,0.748047,0.0943027,0.282823,102.723,71.7672
57.9756,-0,0,-0.00153398,0.352175,0.0107379,0,-0,0.750073,0.100946,0.279711,102.723,71.7672
58.0556,-0,0,-0.00153398,0.352175,0.00920388,0,-0,0.750073,0.103359,0.276509,102.723,71.7672
58.1356,-0,0,-0.00153398,0.352175,0.0107379,0,-0,0.750073,0.0864697,0.287059,102.723,71.7672
58.2155,-0,0,-0.00153398,0.352175,0.00920388,0,-0,0.750073,0.0979949,0.284733,102.723,71.7672
58.2955,-0,0,-0.00153398,0.352175,0.0076699,0,-0,0.750073,0.0895433,0.283952,102.723,71.7672
58.3755,-0,0,-0.00153398,0.352175,0.0107379,0,-0,0.750073,0.086406,0.291137,102.723,71.7672
58.4555,-0,0,-0.00153398,0.352175,0.0107379,0,-0,0.750073,0.0845754,0.291901,102.723,71.7672
58.5355,-0,0,-0.00153398,0.352175,0.0107379,0.00810264,-0,0.750073,0.0826257,0.291921,102.723,71.7672
58.6155,-0,0,-0.00153398,0.352175,0.0107379,0,-0,0.750073,0.0859186,0.295036,102.723,71.7672
58.6955,-0,0,-0.00153398,0.352175,0.0107379,0.00983892,-0,0.750073,0.0813265,0.292178,102.723,71.7672
58.7755,-0,0,-0.00153398,0.352175,0.0107379,0.00028938,-0,0.750073,0.0770779,0.298037,102.723,71.7672
58.8555,-0,0,-0.00153398,0.352175,0.0107379,0.00983892,-0,0.750073,0.0808084,0.297752,102.723,71.7672
58.9355,-0,0,-0.00153398,0.352175,0.0107379,0,-0,0.750073,0.0776917,0.298896,102.723,71.7672
59.0155,-0,0,-0.00153398,0.352175,0.0107379,0,-0,0.750073,0.0757496,0.302156,102.723,71.7672
59.0955,-0,0,-0.00153398,0.352175,0.0107379,0,-0,0.750073,0.073089,0.295501,102.723,71.7672
59.1754,-0,0,-0.00153398,0.352175,0.0107379,0,-0,0.750073,0.0684471,0.312554,102.723,71.7672
59.2554,-0,0,-0.00153398,0.352175,0.0107379,0,-0,0.750073,0.0747596,0.305488,102.723,71.7672
59.3355,-0,0,-0.00153398,0.352175,0.0107379,0,-0,0.750073,0.0634744,0.304946,102.723,71.7672
59.4154,-0,0,-0.00153398,0.352175,0.0107379,0.00173628,-0,0.750073,0.0679043,0.301269,102.723,71.7672
59.4954,-0,0,-0.00153398,0.352175,0.0107379,0.00173628,0.0076699,0.750073,0.0705833,0.302286,102.723,71.7672
59.5754,-0,0,-0.00153398,0.352175,0.0107379,0,-0,0.750073,0.0616928,0.311585,102.723,71.7672
59.6554,-0,0,-0.00153398,0.352175,0.00153398,0,-0.00153398,0.750073,0.0709648,0.311822,102.723,71.7672
59.7355,-0,0,-0.00153398,0.352175,0.00920388,0.00810264,-0,0.750073,0.0620161,0.311439,102.723,71.7672
59.8154,-0,0,-0.00153398,0.352175,0.0107379,0.00173628,-0,0.74197,0.0622093,0.306349,102.723,71.7672
59.8954,-0,0,-0.00153398,0.352175,0.0107379,0.00810264,-0,0.722003,0.0551815,0.316956,102.723,71.7672
59.9754,-0,0,-0.00153398,0.352175,0.0107379,0,-0,0.670493,0.0664078,0.313603,102.723,71.7672
60.0554,-0,0,-0.00153398,0.352175,0.0107379,0,-0,0.568342,0.0537215,0.319697,102.723,71.7672
60.1354,-0,0,-0.00153398,0.352175,0.0107379,0,-0,0.459535,0.0565155,0.318807,102.723,71.7672
60.2155,-0,0,-0.00153398,0.352175,0.0107379,0,-0,0.362014,0.055254,0.318416,102.723,71.7672
60.2954,-0,0,-0.00153398,0.352175,0.0107379,0,-0,0.198515,0.0543875,0.321182,102.723,71.7672
60.3754,-0,0,-0.00153398,0.350729,0.0107379,0,-0,0.057876,0.0580861,0.294411,102.723,71.8944
60.4554,-0,0,-0.00153398,0.337706,0.0107379,0,-0,0.00491946,0.051614,0.134321,102.723,73.039
60.5354,-0,0,-0.00153398,0.292563,0.00153398,0,-0,0,0.0540185,0.0366333,102.723,77.007
60.6154,-0,0,-0.00153398,0.221954,0.00920388,0,-0,0,0.0542125,0.0323265,102.723,83.2134
60.6954,-0,0,-0.00153398,0.14006,0.0107379,0,-0,0,0.0523355,0.045618,102.723,90.4118
60.7754,-0,0,-0.00153398,0.0648211,0.0107379,0,-0,0,0.0561605,0.0368917,102.723,97.0252
60.8553,-0,0,-0.00153398,0.0162053,0.0107379,0,-0,0,0.0551906,0.0404228,102.723,101.298
60.9353,-0,0,-0.00153398,0,0.0107379,0,0.0076699,0,0.0514587,0.0444297,102.723,102.723
61.0154,-0,0,-0.00153398,0,0.0107379,0,0.00153398,0,0.0560446,0.0367696,102.723,102.723
61.0953,-0,0,-0.00153398,0.00028938,0.0107379,0,-0,0,0.0525071,0.0432319,102.723,102.697
61.1753,-0,0,-0.00153398,0.00028938,0.0107379,0,-0,0,0.0525357,0.0360694,102.723,102.697
61.2553,-0,0,-0.00153398,0.00028938,0.0107379,0,-0,0,0.0539073,0.0409145,102.723,102.697
61.3354,-0,0,-0.00153398,0.00028938,0.0107379,0,-0,0,0.0502892,0.0411461,102.723,102.697
61.4154,-0,0,-0.00153398,0.00028938,0.0107379,0,-0,0,0.0555518,0.0374166,102.723,102.697
61.4953,-0,0,-0.00153398,0.00028938,0.00153398,0,-0,0,0.0514296,0.0456508,102.723,102.697
61.5753,-0,0,-0.00153398,0.00028938,0.0076699,0,-0,0,0.0511175,0.0349857,102.723,102.697
61.6553,-0,0,-0.00153398,0.00028938,0.0107379,0,-0,0,0.053301,0.0381314,102.723,102.697
61.7353,-0,0,-0.00153398,0.00028938,0.0107379,0,-0,0,0.0482597,0.0449333,102.723,102.697
61.8153,-0,0,-0.00153398,0.00028938,0.0107379,0,-0,0,0.0580861,0.0417852,102.723,102.697
61.8953,-0,0,-0.00153398,0.00028938,0.0107379,0,-0,0,0.0494368,0.0374166,102.723,102.697
61.9753,-0,0,-0.00153398,0.00028938,0.0107379,0,-0,0,0.0511175,0.0408289,102.723,102.697
62.0553,-0,0,-0.00153398,0.00028938,0.0107379,0,-0,0,0.0530377,0.0360139,102.723,102.697
62.1353,-0,0,-0.00153398,0.00028938,0.0107379,0,-0,0,0.0489694,0.03937,102.723,102.697
62.2153,-0,0,-0.00153398,0.00028938,0.0107379,0,-0,0,0.0535257,0.0359166,102.723,102.697
62.2953,-0,0,-0.00153398,0.00028938,0.0107379,0,-0,0,0.0492849,0.0389102,102.723,102.697
62.3753,-0,0,-0.00153398,0.00028938,0.00153398,0,-0,0,0.0487134,0.0398121,102.723,102.697
62.4553,-0,0,-0.00153398,0.00028938,0.00920388,0,-0,0,0.0478957,0.0342199,102.723,102.697
62.5353,-0,0,-0.00153398,0.00028938,0.0107379,0,-0,0,0.0552268,0.046744,102.723,102.697
62.6152,-0,0,-0.00153398,0.00028938,0.0107379,0,-0,0,0.0601664,0.047634,102.723,102.697
62.6953,-0,0,-0.00153398,0.00028938,0.0107379,0,-0,0,0.0521344,0.0367423,102.723,102.697
62.7752,-0,0,-0.00153398,0.00028938,0.0107379,0,-0,0,0.0571839,0.0525642,102.723,102.697
62.8552,-0,0,-0.00153398,0.00028938,0.0107379,0,-0,0,0.0606135,0.0447661,102.723,102.697
62.9353,-0,0,-0.00153398,0.00028938,0.0107379,0,-0,0,0.0665808,0.0526972,102.723,102.697
63.0152,-0,0,-0.00153398,0.00028938,0.0107379,0,-0,0,0.0552359,0.0457056,102.723,102.697
63.0953,-0,0,-0.00153398,0.00028938,0.0107379,0,-0,0,0.0662873,0.0508134,102.723,102.697
63.1752,-0,0,-0.00153398,0.00028938,0.0107379,0,-0,0,0.0653223,0.0612781,102.723,102.697
63.2552,-0,0,-0.00153398,0.00028938,0.00920388,0,-0,0,0.0646916,0.0532447,102.723,102.697
63.3352,-0,0,-0.00153398,0.00028938,0.0107379,0,-0,0,0.0673869,0.0663174,102.723,102.697
63.4152,-0,0,-0.00153398,0.00028938,0.0107379,0,-0,0,0.0650308,0.060291,102.723,102.697
63.4951,-0,0,-0.00153398,0.00028938,0.0107379,0,-0,0,0.0698212,0.0570351,102.723,102.697
63.5752,-0,0,-0.00153398,0.00028938,0.0107379,0,-0,0,0.0734983,0.0716519,102.723,102.697
63.6552,-0,0,-0.00153398,0.00028938,0.0107379,0,-0,0,0.0737835,0.0721873,102.723,102.697
63.7352,-0,0,-0.00153398,0.00028938,0.00920388,0,-0,0,0.0822192,0.0751066,102.723,102.697
63.8152,-0,0,-0.00153398,0.00028938,0.0107379,0,-0,0,0.078339,0.0838928,102.723,102.697
63.8952,-0,0,-0.00153398,0.00028938,0.0107379,0,-0,0,0.082668,0.0736885,102.723,102.697
63.9753,-0,0,-0.00153398,0.00028938,0.0076699,0,-0,0,0.0784156,0.0707531,102.723,102.697
64.0552,-0,0,-0.00153398,0.00028938,0.0107379,0,-0,0,0.080635,0.0786702,102.723,102.697
64.1352,-0,0,-0.00153398,0.00028938,0.0076699,0,-0,0,0.0863829,0.0796555,102.723,102.697
64.2152,-0,0,-0.00153398,0.00028938,0.0107379,0,-0,0,0.0863829,0.0869598,102.723,102.697
64.2951,-0,0,-0.00153398,0.00028938,0.0107379,0,-0,0,0.09089,0.0833007,102.723,102.697
64.3752,-0,0,-0.00153398,0.00028938,0.00920388,0,-0,0,0.0967626,0.08923,102.723,102.697
64.4552,-0,0,-0.00153398,0.00028938,0.0076699,0,-0,0,0.0897608,0.0943027,102.723,102.697
64.5352,-0,0,-0.00153398,0.00028938,0.0107379,0,-0,0,0.0965712,0.0853053,102.723,102.697
64.6151,-0,0,-0.00153398,0.00028938,0.0107379,0,-0,0,0.0970103,0.098904,102.723,102.697
64.6951,-0,0,-0.00153398,0.00028938,0.0107379,0,-0,0,0.0959635,0.0941329,102.723,102.697
64.7751,-0,0,-0.00153398,0.00028938,0.0107379,0,-0,0,0.101985,0.0950526,102.723,102.697
64.8551,-0,0,-0.00153398,0.00028938,0.0107379,0,-0,0,0.0896382,0.0972111,102.723,102.697
64.9351,-0,0,-0.00153398,0.00028938,0.0107379,0,-0,0,0.0930215,0.0856796,102.723,102.697
65.0151,-0,0,-0.00153398,0.00028938,0.0107379,0,-0,0,0.0949684,0.0885551,102.723,102.697
65.0951,-0,0,-0.00153398,0.00028938,0.0107379,0,-0,0,0.0803866,0.0837018,102.723,102.697
65.1751,-0,0,-0.00153398,0.00028938,0.0107379,0,-0,0,0.0939894,0.0801124,102.723,102.697
65.2551,-0,0,-0.00153398,0.00028938,0.0107379,0,-0,0,0.0824803,0.0801873,102.723,102.697
65.3351,-0,0,-0.00153398,0.00028938,0.0076699,0,-0,0,0.0871952,0.0825712,102.723,102.697
65.4151,-0,0,-0.00153398,0.00028938,0.0107379,0,-0,0,0.0822071,0.0745319,102.723,102.697
65.495,-0,0,-0.00153398,0.00028938,0.0076699,0,-0,0,0.0772593,0.0779808,102.723,102.697
65.575,-0,0,-0.00153398,0.00028938,0.0107379,0,-0,0,0.0824742,0.0753857,102.723,102.697
65.6551,-0,0,-0.00153398,0.00028938,0.0107379,0,-0,0,0.0760723,0.0764591,102.723,102.697
65.7351,-0,0,-0.00153398,0.00028938,0.0107379,0,-0,0,0.0780128,0.0716519,102.723,102.697
65.8151,-0,0,-0.00153398,0.00028938,0.0107379,0,-0,0,0.0736274,0.0624019,102.723,102.697
65.8951,-0,0,-0.00153398,0.00028938,0.0107379,0,-0,0,0.0728492,0.0729657,102.723,102.697
65.9751,-0,0,-0.00153398,0.00028938,0.00920388,0,-0,0,0.0733349,0.0637966,102.723,102.697
66.055,-0,0,-0.00153398,0.00028938,0.0107379,0,-0,0,0.0711337,0.0638357,102.723,102.697
66.1351,-0,0,-0.00153398,0.00028938,0.0107379,0,-0,0,0.067,0.0692604,102.723,102.697
66.2151,-0,0,-0.00153398,0.00028938,0.0107379,0,-0,0,0.0708449,0.0595399,102.723,102.697
66.2951,-0,0,-0.00153398,0.00028938,0.00920388,0,-0,0,0.0589661,0.0566921,102.723,102.697
66.3751,-0,0,-0.00153398,0.00028938,0.0107379,0,-0,0,0.0639218,0.0553353,102.723,102.697
66.4551,-0,0,-0.00153398,0.00028938,0.0107379,0,-0,0,0.0665883,0.0586771,102.723,102.697
66.5351,-0,0,-0.00153398,0.00028938,0.0107379,0,-0,0,0.0571664,0.0538238,102.723,102.697
66.615,-0,0,-0.00153398,0.00028938,0.0076699,0,-0,0,0.0648228,0.0545711,102.723,102.697
66.6951,-0,0,-0.00153398,0.00028938,0.0107379,0,-0,0,0.0579396,0.0543139,102.723,102.697
66.775,-0,0,-0.00153398,0.00028938,0.0107379,0,-0,0,0.0590424,0.0478121,102.723,102.697
66.855,-0,0,-0.00153398,0.00028938,0.0107379,0,-0,0,0.0604483,0.0464866,102.723,102.697
66.935,-0,0,-0.00153398,0.00028938,0.0107379,0,-0,0,0.0539073,0.0511957,102.723,102.697
67.0149,-0,0,-0.00153398,0.00028938,0.0107379,0,-0,0,0.0595819,0.0471381,102.723,102.697
67.095,-0,0,-0.00153398,0.00028938,0.00153398,0,-0,0,0.0555878,0.0458258,102.723,102.697
67.175,-0,0,-0.00153398,0.00028938,0.00920388,0,-0,0,0.0536004,0.0516624,102.723,102.697
67.255,-0,0,-0.00153398,0.00028938,0.0107379,0,-0,0,0.0584722,0.043,102.723,102.697
67.335,-0,0,-0.00153398,0.00028938,0.0107379,0,-0,0,0.0535257,0.0478435,102.723,102.697
67.415,-0,0,-0.00153398,0.00028938,0.0107379,0,-0,0,0.0566039,0.0464866,102.723,102.697
67.495,-0,0,-0.00153398,0.00028938,0.0107379,0,-0,0,0.0565155,0.0478121,102.723,102.697
67.5751,-0,0,-0.00153398,0.00028938,0.0107379,0,-0,0,0.053563,0.0465725,102.723,102.697
67.655,-0,0,-0.00153398,0.00028938,0.0107379,0,-0,0,0.0557674,0.0406202,102.723,102.697
67.7349,-0,0,-0.00153398,0.00028938,0.0107379,0,-0,0,0.052811,0.0458367,102.723,102.697
67.8149,-0,0,-0.00153398,0.00028938,0.00920388,0,-0,0,0.0519038,0.0409023,102.723,102.697
67.895,-0,0,-0.00153398,0.00028938,0.0107379,0,-0,0,0.0534603,0.0399375,102.723,102.697
67.975,-0,0,-0.00153398,0.00028938,0.00153398,0,-0,0,0.0482079,0.0463897,102.723,102.697
68.0549,-0,0,-0.00153398,0.00028938,0.0107379,0,-0,0,0.0512445,0.0373765,102.723,102.697
68.1349,-0,0,-0.00153398,0.00028938,0.0107379,0,-0,0,0.0548179,0.04245,102.723,102.697
68.2149,-0,0,-0.00153398,0.00028938,0.0107379,0,-0,0,0.0478017,0.0429535,102.723,102.697
68.2949,-0,0,-0.00153398,0.00028938,0.0107379,0,-0,0,0.0559821,0.0374967,102.723,102.697
68.3749,-0,0,-0.00153398,0.00028938,0.0107379,0,-0,0,0.0478957,0.0410609,102.723,102.697
68.4549,-0,0,-0.00153398,0.00028938,0.0107379,0,-0,0,0.0504579,0.0380789,102.723,102.697
68.5349,-0,0,-0.00153398,0.00028938,-0,0,-0,0,0.0501697,0.0398623,102.723,102.697
68.6149,-0,0,-0.00153398,0.00028938,0.0107379,0,-0,0,0.0459239,0.0402368,102.723,102.697
68.6949,-0,0,-0.00153398,0.00028938,0.0107379,0,-0,0,0.0517204,0.0385227,102.723,102.697
68.7749,-0,0,-0.00153398,0.00028938,0.0107379,0,-0,0,0.0472652,0.0406079,102.723,102.697
68.8549,-0,0,-0.00153398,0.00028938,0.0107379,0,-0,0,0.0512445,0.0389102,102.723,102.697
68.9349,-0,0,-0.00153398,0.00028938,0.0107379,0,-0,0,0.0525071,0.0373229,102.723,102.697
69.0148,-0,0,-0.00153398,0.00028938,0.00920388,0,-0,0,0.0450555,0.0431161,102.723,102.697
69.0948,-0,0,-0.00153398,0.00028938,0.0107379,0,-0,0,0.0522111,0.0366197,102.723,102.697
69.1748,-0,0,-0.00153398,0.00028938,0.00153398,0,-0,0,0.0490816,0.0372693,102.723,102.697
69.2548,-0,0,-0.00153398,0.00028938,0.0076699,0,-0,0,0.047392,0.0405093,102.723,102.697
69.3348,-0,0,-0.00153398,0.00028938,0.0107379,0,-0,0,0.0558301,0.0339706,102.723,102.697
69.4148,-0,0,-0.00153398,0.00028938,0.0107379,0,-0,0,0.0600916,0.0542863,102.723,102.697
69.4948,-0,0,-0.00153398,0.00028938,0.00920388,0,-0,0,0.0567362,0.0467547,102.723,102.697
69.5748,-0,0,-0.00153398,0.00028938,0.0107379,0,-0,0,0.0543875,0.045618,102.723,102.697
69.6549,-0,0,-0.00153398,0.00028938,0.0107379,0,-0,0,0.0573236,0.0495278,102.723,102.697
69.7348,-0,0,-0.00153398,0.00028938,0.0107379,0,-0,0,0.0626339,0.0476865,102.723,102.697
69.8149,-0,0,-0.00153398,0.00028938,0.0107379,0,-0,0,0.0643273,0.0571752,102.723,102.697
69.8949,-0,0,-0.00153398,0.00028938,0.0107379,0,-0,0,0.0626817,0.0575934,102.723,102.697
69.9748,-0,0,-0.00153398,0.00028938,0.0107379,0,-0,0,0.067,0.0540925,102.723,102.697
70.0548,-0,0,-0.00153398,0.00028938,0.0107379,0,-0,0,0.0616604,0.061327,102.723,102.697
70.1348,-0,0,-0.00153398,0.00028938,0.0107379,0,-0,0,0.0741148,0.0580517,102.723,102.697
70.2148,-0,0,-0.00153398,0.00028938,0.0107379,0,-0,0,0.0715612,0.0652534,102.723,102.697
70.2948,-0,0,-0.00153398,0.00028938,0.0107379,0,-0,0,0.0645755,0.0677274,102.723,102.697
70.3747,-0,0,-0.00153398,0.00028938,0.0107379,0,-0,0,0.0645755,0.0677274,102.723,102.697
70.4547,-0,0,-0.00153398,0.00028938,0.0107379,0,-0,0,0.0645755,0.0677274,102.723,102.697
