t,paa0,pfe0,paa1,pfe1,daa0,dfe0,daa1,dfe1,cft0,cft1,pee0,pee1
7.34139,-0,0,-0,0,-0,0,-0,0,0,0,102.723,102.723
7.42136,-0,0,-0,0,0.110447,0,0.0107379,0,0.0365787,0.0145945,102.723,102.723
7.50132,-0,0,-0,0,0.110447,0,0.0107379,0,0.0344819,0.0194165,102.723,102.723
7.58136,-0,0,-0,0,0.110447,0,0.0107379,0,0.0357491,0.0178326,102.723,102.723
7.66132,-0,0,-0,0,0.110447,0,0.0107379,0,0.0344819,0.0204695,102.723,102.723
7.74137,-0,0,-0,0,0.110447,0,0.0107379,0,0.0343074,0.019105,102.723,102.723
7.8213,-0,0,-0,0,0.110447,0,0.0107379,0,0.0385097,0.0197231,102.723,102.723
7.90133,-0,0,-0,0,0.110447,0,0.0107379,0,0.0424853,0.024779,102.723,102.723
7.98132,-0,0,-0,0,0.110447,0,0.0107379,0,0.0428369,0.0271662,102.723,102.723
8.06129,-0,0,-0,0,0.110447,0,0.0107379,0,0.0393446,0.0252389,102.723,102.723
8.14134,-0,0,-0,0,0.110447,0,0.0107379,0,0.0433705,0.023622,102.723,102.723
8.22135,-0,0,-0,0,0.110447,0,0.0107379,0,0.0449333,0.0271477,102.723,102.723
8.30134,-0,0,-0,0,0.110447,0,0.0107379,0,0.0457493,0.026,102.723,102.723
8.38132,-0,0,-0,0,0.110447,0,0.0107379,0,0.0430465,0.0275862,102.723,102.723
8.4614,-0,0,-0,0,0.110447,0,0.0107379,0,0.0436578,0.0314643,102.723,102.723
8.54141,-0,0,-0,0,0.110447,0,0.0107379,0,0.0494571,0.0291719,102.723,102.723
8.62134,-0,0,-0,0,0.110447,0,0.0107379,0,0.0478539,0.0336452,102.723,102.723
8.7013,-0,0,-0,0,0.110447,0,0.0107379,0,0.0494065,0.0367423,102.723,102.723
8.7814,-0,0,-0,0,0.110447,0,0.0107379,0,0.0503786,0.0315911,102.723,102.723
8.86129,-0,0,-0,0,0.110447,0,0.0107379,0,0.0495278,0.0430581,102.723,102.723
8.94135,-0,0,-0,0,0.110447,0,0.0107379,0,0.0532447,0.0340881,102.723,102.723
9.02143,-0,0,-0,0,0.110447,0,0.0107379,0,0.05006,0.0349142,102.723,102.723
9.10129,-0,0,-0,0,0.110447,0,0.0107379,0,0.0463141,0.0377094,102.723,102.723
9.18129,-0,0,-0,0,0.110447,0,0.0107379,0,0.0508626,0.0313209,102.723,102.723
9.26125,-0,0,-0,0,0.110447,0,0.0107379,0,0.045793,0.0346843,102.723,102.723
9.34131,-0,0,-0,0,0.110447,0,0.0107379,0,0.044911,0.0295635,102.723,102.723
9.42135,-0,0,-0,0,0.110447,0,0.0107379,0,0.0477807,0.0285657,102.723,102.723
9.50129,-0,0,-0,0,0.110447,0,0.0107379,0,0.0431856,0.0295804,102.723,102.723
9.5813,-0,0,-0,0,0.110447,0,0.0107379,0,0.0470532,0.0296142,102.723,102.723
9.6613,-0,0,-0,0,0.110447,0,0.0107379,0,0.0424382,0.0309516,102.723,102.723
9.74132,-0,0,-0,0,0.110447,0,0.0107379,0,0.0410244,0.0264197,102.723,102.723
9.82128,-0,0,-0,0,0.110447,0,0.0107379,0,0.0431509,0.0264386,102.723,102.723
9.90124,-0,0,-0,0,0.110447,0,0.0107379,0,0.0406079,0.0294449,102.723,102.723
9.98124,-0,0,-0,0,0.110447,0,0.0107379,0,0.0458039,0.0224944,102.723,102.723
10.0612,-0,0,-0,0,0.110447,0,0.0107379,0,0.0385357,0.0221585,102.723,102.723
10.1413,-0,0,-0,0,0.110447,0,0.0107379,0,0.0369594,0.0269815,102.723,102.723
10.2213,-0,0,-0,0,0.110447,0,0.0107379,0,0.0374299,0.0148661,102.723,102.723
10.3012,-0,0,-0,0,0.110447,0,0.0107379,0,0.0355809,0.0217715,102.723,102.723
10.3813,-0,0,-0,0,0.110447,0,0.0107379,0,0.0369324,0.0188944,102.723,102.723
10.4612,-0,0,-0,0,0.110447,0,0.0107379,0,0.0353977,0.0172046,102.723,102.723
10.5412,-0,0,-0,0,0.110447,0,0.0107379,0,0.0364829,0.0195448,102.723,102.723
10.6212,-0,0,-0,0,0.110447,0,0.0107379,0.0526672,0.0364143,0.0147648,102.723,102.723
10.7013,-0,0,-0,0,0.110447,0,0.0107379,0.132825,0.0348425,0.018,102.723,102.723
10.7812,-0,0,-0,0,0.110447,0,0.0107379,0.20517,0.0345832,0.0163401,102.723,102.723
10.8613,-0,0,-0,0.0133115,0.110447,0,0.0107379,0.276937,0.0336155,0.0131529,102.723,101.553
10.9412,-0,0,-0,0.0604804,0.110447,0,0.0107379,0.3079,0.0311288,0.0200998,102.723,97.4067
11.0213,-0,0,-0,0.139771,0.110447,0,0.0107379,0.339443,0.030545,0.0136015,102.723,90.4373
11.1013,-0,0,-0,0.228321,0.110447,0,0.0107379,0.340021,0.0314643,0.0147309,102.723,82.6538
11.1812,-0,0,-0,0.304717,0.110447,0,0.0107379,0.349571,0.0289828,0.0144914,102.723,75.9387
11.2612,-0,0,-0,0.343205,0.110447,0,0.0107379,0.357963,0.032078,0.0342637,102.723,72.5557
11.3413,-0,0,-0,0.344073,0.110447,0,0.0107379,0.379377,0.0277489,0.107569,102.723,72.4794
11.4212,-0,0,-0,0.344073,0.110447,0,0.0107379,0.389505,0.0290689,0.106344,102.723,72.4794
11.5012,-0,0,-0,0.344073,0.110447,0,0.0107379,0.390374,0.0298998,0.10721,102.723,72.4794
11.5812,-0,0,-0,0.344073,0.110447,0,0.00920388,0.390084,0.0278029,0.11187,102.723,72.4794
11.6612,-0,0,-0,0.344073,0.110447,0,0.0184078,0.390084,0.0296311,0.107341,102.723,72.4794
11.7412,-0,0,-0,0.344073,0.110447,0,0.0107379,0.397898,0.0269072,0.113398,102.723,72.4794
11.8212,-0,0,-0,0.344073,0.110447,0,0.0107379,0.399923,0.0284956,0.111306,102.723,72.4794
11.9012,-0,0,-0,0.344073,0.110447,0,0.0107379,0.391531,0.0278209,0.111562,102.723,72.4794
11.9812,-0,0,-0,0.344073,0.110447,0,0.0107379,0.391821,0.0293428,0.115404,102.723,72.4794
12.0613,-0,0,-0,0.344073,0.110447,0,0.0107379,0.399923,0.0307896,0.111414,102.723,72.4794
12.1413,-0,0,-0,0.344073,0.110447,0,0.0107379,0.408315,0.0296816,0.112845,102.723,72.4794
12.2213,-0,0,-0,0.344073,0.110447,0,0.0107379,0.410051,0.0286705,0.115538,102.723,72.4794
12.3013,-0,0,-0,0.344073,0.110447,0,0.0107379,0.427993,0.0278209,0.113851,102.723,72.4794
12.3813,-0,0,-0,0.344073,0.118117,0,0.0107379,0.439568,0.0278029,0.115022,102.723,72.4794
12.4613,-0,0,-0,0.344073,0.110447,0,0.0107379,0.458378,0.0281603,0.11575,102.723,72.4794
12.5412,-0,0,-0,0.344073,0.110447,0,0.0107379,0.477477,0.0280179,0.113248,102.723,72.4794
12.6212,-0,0,-0,0.344073,0.110447,0,0.0107379,0.498023,0.027313,0.117835,102.723,72.4794
12.7013,-0,0,-0,0.344073,0.110447,0,0.0107379,0.519437,0.0287228,0.117192,102.723,72.4794
12.7812,-0,0,-0,0.344073,0.110447,0,0.0107379,0.520016,0.0280179,0.115784,102.723,72.4794
12.8612,-0,0,-0,0.344073,0.110447,0,0.0107379,0.523199,0.0262679,0.115113,102.723,72.4794
12.9412,-0,0,-0,0.344073,0.110447,0,0.0107379,0.547507,0.0273861,0.114481,102.723,72.4794
13.0212,-0,0,-0,0.344073,0.110447,0,0.0107379,0.550111,0.026,0.11855,102.723,72.4794
13.1011,-0,0,-0,0.344073,0.110447,0,0.0107379,0.542009,0.0286705,0.116039,102.723,72.4794
13.1812,-0,0,-0,0.344073,0.110447,0,0.0107379,0.539983,0.0290861,0.114495,102.723,72.4794
13.2612,-0,0,-0,0.344073,0.110447,0,0.0107379,0.550111,0.0257099,0.119369,102.723,72.4794
13.3412,-0,0,-0,0.344073,0.110447,0,0.0107379,0.550111,0.0267208,0.117004,102.723,72.4794
13.4211,-0,0,-0,0.344073,0.110447,0,0.0107379,0.540272,0.0250998,0.121577,102.723,72.4794
13.5012,-0,0,-0,0.344073,0.110447,0,0.0107379,0.539983,0.0267208,0.117796,102.723,72.4794
13.5812,-0,0,-0,0.344073,0.110447,0,0.0107379,0.539983,0.0275862,0.118246,102.723,72.4794
13.6612,-0,0,-0,0.344073,0.110447,0,0.0107379,0.549533,0.0278927,0.119311,102.723,72.4794
13.7411,-0,0,-0,0.344073,0.110447,0,0.0107379,0.550111,0.0287228,0.118267,102.723,72.4794
13.8211,-0,0,-0,0.344073,0.110447,0,0.0107379,0.550111,0.0278927,0.120482,102.723,72.4794
13.9012,-0,0,-0,0.344073,0.110447,0,0.0107379,0.550111,0.0274955,0.115525,102.723,72.4794
13.9811,-0,0,-0,0.344073,0.110447,0,0.0107379,0.550111,0.0331813,0.113706,102.723,72.4794
14.0611,-0,0,-0,0.344073,0.110447,0,0.0107379,0.550111,0.0323883,0.113389,102.723,72.4794
14.1411,-0,0,-0,0.344073,0.110447,0,0.0107379,0.551558,0.032619,0.113609,102.723,72.4794
14.2211,-0,0,-0,0.344073,0.110447,0,0.0122718,0.550401,0.0369324,0.111946,102.723,72.4794
14.3011,-0,0,-0,0.344073,0.110447,0,0.0107379,0.557925,0.0334365,0.115991,102.723,72.4794
14.3811,-0,0,-0,0.344073,0.110447,0,0.0107379,0.559661,0.0348281,0.110648,102.723,72.4794
14.4612,-0,0,-0,0.344073,0.110447,0,0.0107379,0.550111,0.0367287,0.10825,102.723,72.4794
14.5411,-0,0,-0,0.344073,0.110447,0,0.0107379,0.550111,0.0320312,0.113851,102.723,72.4794
14.6212,-0,0,-0,0.344073,0.110447,0,0.0107379,0.550111,0.0417373,0.101956,102.723,72.4794
14.7011,-0,0,-0,0.344073,0.110447,0,0.0107379,0.558214,0.0369594,0.108356,102.723,72.4794
14.7811,-0,0,-0,0.344073,0.110447,0,0.0107379,0.550111,0.0432782,0.104924,102.723,72.4794
14.8611,-0,0,-0,0.344073,0.110447,0,0.0107379,0.550111,0.045618,0.0997848,102.723,72.4794
14.9411,-0,0,-0,0.344073,0.110447,0,0.0107379,0.550111,0.0406079,0.105551,102.723,72.4794
15.0211,-0,0,-0,0.344073,0.110447,0,0.0107379,0.550111,0.047,0.0956504,102.723,72.4794
15.1011,-0,0,-0,0.344073,0.110447,0,0.0107379,0.550111,0.0438634,0.105669,102.723,72.4794
15.1811,-0,0,-0,0.344073,0.110447,0,0.0107379,0.550111,0.0436921,0.102611,102.723,72.4794
15.2611,-0,0,-0,0.344073,0.111981,0,0.0107379,0.550111,0.0438406,0.103354,102.723,72.4794
15.3411,-0,0,-0,0.344073,0.110447,0,0.0107379,0.550111,0.0393065,0.109243,102.723,72.4794
15.4212,-0,0,-0,0.344073,0.110447,0,0.0107379,0.550111,0.0474658,0.0998048,102.723,72.4794
15.5011,-0,0,-0,0.344073,0.110447,0,0.0107379,0.550111,0.0478435,0.0970824,102.723,72.4794
15.5811,-0,0,-0,0.344073,0.110447,0,0.0107379,0.550111,0.0502494,0.0994485,102.723,72.4794
15.6611,-0,0,-0,0.344073,0.110447,0,0.0107379,0.550111,0.0515752,0.0969588,102.723,72.4794
15.7411,-0,0,-0,0.344073,0.110447,0,0.0107379,0.550111,0.0484252,0.099101,102.723,72.4794
15.8211,-0,0,-0,0.344073,0.110447,0,0.0107379,0.550111,0.0440908,0.107745,102.723,72.4794
15.9011,-0,0,-0,0.344073,0.110447,0,0.0107379,0.550111,0.0505371,0.099925,102.723,72.4794
15.9811,-0,0,-0,0.344073,0.110447,0,0.0107379,0.550401,0.0417253,0.104082,102.723,72.4794
16.0611,-0,0,-0,0.344073,0.110447,0,0.0107379,0.550111,0.0445646,0.101139,102.723,72.4794
16.1411,-0,0,-0,0.344073,0.110447,0,0.0122718,0.550111,0.0452769,0.104857,102.723,72.4794
16.2212,-0,0,-0,0.344073,0.110447,0,0.0107379,0.550111,0.0423556,0.106799,102.723,72.4794
16.3011,-0,0,-0,0.344073,0.110447,0,0.0107379,0.550111,0.0454863,0.101119,102.723,72.4794
16.3811,-0,0,-0,0.344073,0.110447,0,0.0107379,0.550111,0.0395095,0.109827,102.723,72.4794
16.4611,-0,0,-0,0.344073,0.110447,0,0.0107379,0.550111,0.0433705,0.101853,102.723,72.4794
16.5411,-0,0,-0,0.344073,0.110447,0,0.0107379,0.550111,0.043852,0.102669,102.723,72.4794
16.6211,-0,0,-0,0.344073,0.110447,0,0.0107379,0.550111,0.039975,0.111185,102.723,72.4794
16.7011,-0,0,-0,0.344073,0.110447,0,0.0107379,0.550401,0.0383275,0.109165,102.723,72.4794
16.781,-0,0,-0,0.344073,0.110447,0,0.0107379,0.550111,0.0380657,0.108434,102.723,72.4794
16.861,-0,0,-0,0.344073,0.110447,0,0.0107379,0.550111,0.0360694,0.110322,102.723,72.4794
16.9411,-0,0,-0,0.344073,0.110447,0,0.00920388,0.551848,0.0387943,0.108977,102.723,72.4794
17.021,-0,0,-0,0.344073,0.110447,0,0.0107379,0.550111,0.0369594,0.112503,102.723,72.4794
17.101,-0,0,-0,0.344073,0.110447,0,0.0107379,0.550111,0.0367831,0.108724,102.723,72.4794
17.181,-0,0,-0,0.344073,0.110447,0,0.0107379,0.550111,0.0359166,0.113327,102.723,72.4794
17.261,-0,0,-0,0.344073,0.110447,0,0.0107379,0.550111,0.031496,0.116181,102.723,72.4794
17.3411,-0,0,-0,0.344073,0.110447,0,0.0107379,0.550111,0.0321714,0.11245,102.723,72.4794
17.421,-0,0,-0,0.344073,0.110447,0,0.0107379,0.550111,0.032078,0.114695,102.723,72.4794
17.501,-0,0,-0,0.344073,0.110447,0,0.0107379,0.550111,0.0302324,0.11652,102.723,72.4794
17.581,-0,0,-0,0.344073,0.110447,0,0.0107379,0.550111,0.0342053,0.115815,102.723,72.4794
17.6611,-0,0,-0,0.344073,0.110447,0,0.0107379,0.550111,0.0292233,0.117631,102.723,72.4794
17.7411,-0,0,-0,0.344073,0.110447,0,0.0107379,0.550111,0.0302324,0.115274,102.723,72.4794
17.8212,-0,0,-0,0.344073,0.110447,0,0.0107379,0.550111,0.0294958,0.117745,102.723,72.4794
17.9011,-0,0,-0,0.344073,0.110447,0,0.0107379,0.550111,0.0288617,0.116533,102.723,72.4794
17.9811,-0,0,-0,0.344073,0.110447,0,0.0107379,0.550111,0.031,0.114652,102.723,72.4794
18.061,-0,0,-0,0.344073,0.110447,0,0.0107379,0.550111,0.0289137,0.119357,102.723,72.4794
18.1411,-0,0,-0,0.344073,0.110447,0,0.0107379,0.550111,0.0301496,0.115421,102.723,72.4794
18.221,-0,0,-0,0.344073,0.110447,0,0.0107379,0.550111,0.0283373,0.117949,102.723,72.4794
18.301,-0,0,-0,0.344073,0.110447,0,0.0107379,0.550111,0.0286705,0.116662,102.723,72.4794
18.3811,-0,0,-0,0.344073,0.110447,0,0.0107379,0.550111,0.0301496,0.115274,102.723,72.4794
18.461,-0,0,-0,0.344073,0.110447,0,0.0107379,0.550111,0.0274773,0.119243,102.723,72.4794
18.541,-0,0,-0,0.344073,0.110447,0,0.0107379,0.550111,0.0302324,0.115607,102.723,72.4794
18.621,-0,0,-0,0.344073,0.110447,0,0.0107379,0.550111,0.0293087,0.118381,102.723,72.4794
18.701,-0,0,-0,0.344073,0.110447,0,0.0107379,0.550111,0.0264197,0.11729,102.723,72.4794
18.781,-0,0,-0,0.344073,0.110447,0,0.0107379,0.550111,0.028178,0.117869,102.723,72.4794
18.861,-0,0,-0,0.344073,0.110447,0,0.0107379,0.542009,0.0284605,0.121413,102.723,72.4794
18.941,-0,0,-0,0.344073,0.110447,0,0.0107379,0.549822,0.0290861,0.119512,102.723,72.4794
19.021,-0,0,-0,0.344073,0.110447,0,0.0107379,0.550111,0.0261725,0.118246,102.723,72.4794
19.101,-0,0,-0,0.344073,0.110447,0,0.0107379,0.550111,0.0261725,0.11863,102.723,72.4794
19.181,-0,0,-0,0.344073,0.110447,0,0.0107379,0.539983,0.0289482,0.117205,102.723,72.4794
19.261,-0,0,-0,0.344073,0.110447,0,0.0107379,0.539983,0.0277489,0.121029,102.723,72.4794
19.341,-0,0,-0,0.344073,0.110447,0,0.0107379,0.548086,0.0276586,0.120271,102.723,72.4794
19.4211,-0,0,-0,0.344073,0.110447,0,0.0107379,0.550111,0.0272947,0.11841,102.723,72.4794
19.501,-0,0,-0,0.344073,0.110447,0,0.0107379,0.540272,0.0256125,0.120946,102.723,72.4794
19.581,-0,0,-0,0.344073,0.110447,0,0.0122718,0.539983,0.0261725,0.119206,102.723,72.4794
19.661,-0,0,-0,0.344073,0.110447,0,0.0107379,0.549822,0.0263059,0.119912,102.723,72.4794
19.741,-0,0,-0,0.344073,0.110447,0,0.0107379,0.550111,0.0254755,0.12356,102.723,72.4794
19.821,-0,0,-0,0.344073,0.110447,0,0.0107379,0.550111,0.0259422,0.118008,102.723,72.4794
19.901,-0,0,-0,0.344073,0.110447,0,0.0107379,0.550111,0.0261151,0.120569,102.723,72.4794
19.981,-0,0,-0,0.344073,0.110447,0,0.0107379,0.550111,0.0259422,0.119042,102.723,72.4794
20.061,-0,0,-0,0.344073,0.110447,0,0.0107379,0.550111,0.0264764,0.120524,102.723,72.4794
20.141,-0,0,-0,0.344073,0.110447,0,0.0107379,0.550111,0.0252587,0.122303,102.723,72.4794
20.221,-0,0,-0,0.344073,0.110447,0,0.0107379,0.550111,0.0283901,0.113225,102.723,72.4794
20.3009,-0,0,-0,0.344073,0.110447,0,0.0107379,0.539983,0.0264197,0.121445,102.723,72.4794
20.3809,-0,0,-0,0.344073,0.110447,0,0.0107379,0.539983,0.0289828,0.117021,102.723,72.4794
20.461,-0,0,-0,0.344073,0.110447,0,0.0107379,0.539983,0.0310161,0.112486,102.723,72.4794
20.5409,-0,0,-0,0.344073,0.110447,0,0.0122718,0.465902,0.0291376,0.119042,102.723,72.4794
20.6209,-0,0,-0,0.344073,0.110447,0,0.0107379,0.238449,0.0293087,0.116043,102.723,72.4794
20.701,-0,0,-0,0.344073,0.11965,0,0.0107379,0.00926016,0.0341467,0.113679,102.723,72.4794
20.781,-0,0,-0,0.339153,0.110447,0,0.0107379,0,0.0314006,0.0653146,102.723,72.9119
20.861,-0,0,-0,0.3079,0.110447,0,0.0107379,0,0.0366742,0.0144222,102.723,75.6589
20.9409,-0,0,-0,0.242211,0.118117,0,0.0107379,0,0.0328938,0.0174642,102.723,81.4329
21.021,-0,0,-0,0.160317,0.110447,0,0.0107379,0,0.0325883,0.0164317,102.723,88.6313
21.1009,-0,0,-0,0.0790007,0.118117,0,0.0107379,0,0.0383275,0.0190263,102.723,95.7788
21.1809,-0,0,-0,0.0199672,0.110447,0,0.0107379,0,0.0362491,0.0234094,102.723,100.968
21.2609,-0,0,-0,0,0.111981,0,0.0107379,0,0.0387943,0.020347,102.723,102.723
21.3409,-0,0,-0,0,0.111981,0,0.0107379,0,0.0385357,0.0255147,102.723,102.723
21.421,-0,0,-0,0,0.110447,0,0.0107379,0,0.0351852,0.0204206,102.723,102.723
21.5009,-0,0,-0,0.00057876,0.110447,0,0.0107379,0,0.0404228,0.0202731,102.723,102.672
21.5809,-0,0,-0,0.00057876,0.110447,0,0.0107379,0,0.0373363,0.0283725,102.723,102.672
21.6609,-0,0,-0,0.00057876,0.110447,0,0.0107379,0,0.0400749,0.0219545,102.723,102.672
21.7409,-0,0,-0,0.00057876,0.110447,0,0.0107379,0,0.0428486,0.0248998,102.723,102.672
21.8209,-0,0,-0,0.00057876,0.110447,0,0.0107379,0,0.0393065,0.0286531,102.723,102.672
21.9009,-0,0,-0,0.00057876,0.110447,0,0.0107379,0,0.0424971,0.0209045,102.723,102.672
21.9809,-0,0,-0,0.00057876,0.110447,0,0.0107379,0,0.0402119,0.0344964,102.723,102.672
22.0609,-0,0,-0,0.00057876,0.110447,0,0.0107379,0,0.0440908,0.0344964,102.723,102.672
22.1409,-0,0,-0,0.00057876,0.110447,0,0.0107379,0,0.0454863,0.0261916,102.723,102.672
22.2209,-0,0,-0,0.00057876,0.111981,0,0.0107379,0,0.0468402,0.039128,102.723,102.672
22.3009,-0,0,-0,0.00057876,0.110447,0,0.0107379,0,0.0531507,0.0333766,102.723,102.672
22.3809,-0,0,-0,0.00057876,0.110447,0,0.0107379,0,0.0506458,0.0374967,102.723,102.672
22.4609,-0,0,-0,0.00057876,0.110447,0,0.0107379,0,0.0481975,0.036,102.723,102.672
22.5408,-0,0,-0,0.00057876,0.110447,0,0.0107379,0,0.0502494,0.0311127,102.723,102.672
22.6209,-0,0,-0,0.00057876,0.110447,0,0.0107379,0,0.0452659,0.0387427,102.723,102.672
22.7009,-0,0,-0,0.00057876,0.110447,0,0.0107379,0,0.0465403,0.0319531,102.723,102.672
22.7809,-0,0,-0,0.00057876,0.118117,0,0.0107379,0,0.0489694,0.0317017,102.723,102.672
22.861,-0,0,-0,0.00057876,0.110447,0,0.0107379,0,0.0411461,0.0320468,102.723,102.672
22.941,-0,0,-0,0.00057876,0.118117,0,0.0107379,0,0.0478435,0.0276767,102.723,102.672
23.0209,-0,0,-0,0.00057876,0.110447,0,0.0107379,0,0.0441135,0.0310161,102.723,102.672
23.101,-0,0,-0,0.00057876,0.110447,0,0.0107379,0,0.0416773,0.0286705,102.723,102.672
23.181,-0,0,-0,0.00057876,0.110447,0,0.0107379,0,0.0458912,0.0264197,102.723,102.672
23.261,-0,0,-0,0.00057876,0.110447,0,0.0107379,0,0.0380526,0.0275862,102.723,102.672
23.3409,-0,0,-0,0.00057876,0.110447,0,0.0107379,0,0.0458039,0.0234307,102.723,102.672
23.4209,-0,0,-0,0.00057876,0.110447,0,0.0107379,0,0.0384318,0.0251595,102.723,102.672
23.5009,-0,0,-0,0.00057876,0.110447,0,0.0107379,0,0.0392938,0.0218403,102.723,102.672
23.5809,-0,0,-0,0.00057876,0.110447,0,0.0107379,0,0.0409878,0.018,102.723,102.672
23.6608,-0,0,-0,0.00057876,0.110447,0,0.0107379,0,0.0364829,0.0276767,102.723,102.672
23.7408,-0,0,-0,0.00057876,0.118117,0,0.0107379,0,0.0368103,0.0170294,102.723,102.672
23.821,-0,0,-0,0.00057876,0.110447,0,0.0107379,0,0.0360139,0.0203224,102.723,102.672
23.901,-0,0,-0,0.00057876,0.110447,0,0.0107379,0,0.0323265,0.0226936,102.723,102.672
23.9809,-0,0,-0,0.00057876,0.110447,0,0.0107379,0,0.0321714,0.0147648,102.723,102.672
24.0609,-0,0,-0,0.00057876,0.110447,0,0.0107379,0,0.0337194,0.0205183,102.723,102.672
24.1409,-0,0,-0,0.00057876,0.110447,0,0.0107379,0,0.0320624,0.0134907,102.723,102.672
24.2209,-0,0,-0,0.00057876,0.111981,0,0.0107379,0,0.033,0.0151658,102.723,102.672
24.3008,-0,0,-0,0.00057876,0.118117,0,0.0107379,0,0.0302324,0.018412,102.723,102.672
24.3808,-0,0,-0,0.00057876,0.110447,0,0.0107379,0,0.0293428,0.0116619,102.723,102.672
24.4608,-0,0,-0,0.00057876,0.110447,0,0.0107379,0,0.028931,0.0172046,102.723,102.672
24.5408,-0,0,-0,0.00057876,0.110447,0,0.0107379,0,0.0276043,0.0164317,102.723,102.672
24.6208,-0,0,-0,0.00057876,0.110447,0,0.0107379,0,0.030348,0.0122474,102.723,102.672
24.7008,-0,0,-0,0.00057876,0.110447,0,0.0107379,0,0.0265707,0.0151327,102.723,102.672
24.7808,-0,0,-0,0.00057876,0.110447,0,0.0107379,0,0.0288617,0.0123288,102.723,102.672
24.8608,-0,0,-0,0.00057876,0.110447,0,0.0107379,0,0.0304302,0.0139284,102.723,102.672
24.9408,-0,0,-0,0.00057876,0.111981,0,0.0107379,0,0.0267021,0.0160312,102.723,102.672
25.0209,-0,0,-0,0.00057876,0.110447,0,0.0107379,0,0.0306105,0.0115326,102.723,102.672
25.1008,-0,0,-0,0.00057876,0.110447,0,0.0107379,0,0.0288097,0.0180278,102.723,102.672
25.1808,-0,0,-0,0.00057876,0.118117,0,0.0107379,0,0.0260768,0.0133791,102.723,102.672
25.2608,-0,0,-0,0.00057876,0.110447,0,0.0107379,0,0.0274591,0.0104881,102.723,102.672
25.3408,-0,0,-0,0.00057876,0.118117,0,0.0107379,0,0.0264764,0.0179165,102.723,102.672
25.4208,-0,0,-0,0.00057876,0.110447,0,0.0107379,0,0.0298998,0.00943398,102.723,102.672
25.5008,-0,0,-0,0.00057876,0.118117,0,0.0107379,0,0.0275862,0.0163401,102.723,102.672
25.5809,-0,0,-0,0.00057876,0.110447,0,0.0107379,0,0.0289137,0.0133791,102.723,102.672
25.6609,-0,0,-0,0.00057876,0.110447,0,0.0107379,0,0.0279643,0.00911043,102.723,102.672
25.7408,-0,0,-0,0.00057876,0.110447,0,0.0107379,0,0.0274591,0.0176918,102.723,102.672
25.8209,-0,0,-0,0.00057876,0.110447,0,0.0107379,0,0.0266833,0.00953939,102.723,102.672
25.9008,-0,0,-0,0.00057876,0.111981,0,0.0107379,0,0.0274591,0.0136382,102.723,102.672
25.9808,-0,0,-0,0.00057876,0.110447,0,0.0107379,0,0.0268701,0.0156844,102.723,102.672
26.0608,-0,0,-0,0.00057876,0.110447,0,0.0107379,0,0.0274955,0.00916515,102.723,102.672
26.1408,-0,0,-0,0.00057876,0.110447,0,0.0107379,0,0.0264764,0.0154272,102.723,102.672
26.2208,-0,0,-0,0.00057876,0.110447,0,0.0107379,0,0.0266458,0.00953939,102.723,102.672
26.3008,-0,0,-0,0.00057876,0.110447,0,0.0107379,0,0.0274591,0.011225,102.723,102.672
26.3808,-0,0,-0,0.00057876,0.110447,0,0.0107379,0,0.0256515,0.0151658,102.723,102.672
26.4608,-0,0,-0,0.00057876,0.110447,0,0.0107379,0,0.0266833,0.0103923,102.723,102.672
26.5407,-0,0,-0,0.00057876,0.110447,0,0.0107379,0,0.0254951,0.0148661,102.723,102.672
26.6207,-0,0,-0,0.00057876,0.110447,0,0.0107379,0,0.0245357,0.00953939,102.723,102.672
26.7007,-0,0,-0,0.00057876,0.118117,0,0.0107379,0,0.0261916,0.0122474,102.723,102.672
26.7807,-0,0,-0,0.00057876,0.110447,0,0.0107379,0,0.0251595,0.015,102.723,102.672
26.8607,-0,0,-0,0.00057876,0.110447,0,0.0107379,0,0.0264764,0.00921954,102.723,102.672
26.9408,-0,0,-0,0.00057876,0.118117,0,0.0107379,0,0.025671,0.012083,102.723,102.672
27.0208,-0,0,-0,0.00057876,0.110447,0,0.0107379,0,0.0257099,0.0139284,102.723,102.672
27.1007,-0,0,-0,0.00057876,0.118117,0,0.0107379,0,0.0273861,0.00877496,102.723,102.672
27.1807,-0,0,-0,0.00057876,0.110447,0,0.0107379,0,0.0278029,0.0130767,102.723,102.672
27.2607,-0,0,-0,0.00057876,0.110447,0,0.0107379,0,0.0288617,0.0116619,102.723,102.672
27.3408,-0,0,-0,0.00057876,0.111981,0,0.0107379,0,0.0306105,0.0128841,102.723,102.672
27.4207,-0,0,-0,0.00057876,0.110447,0,0.0107379,0,0.0314484,0.0203224,102.723,102.672
27.5007,-0,0,-0,0.00057876,0.110447,0,0.0107379,0,0.0300167,0.00948683,102.723,102.672
27.5807,-0,0,-0,0.00057876,0.110447,0,0.0107379,0,0.0318277,0.0169115,102.723,102.672
27.6607,-0,0,-0,0.00057876,0.110447,0,0.0107379,0,0.0343366,0.0178326,102.723,102.672
27.7408,-0,0,-0,0.00057876,0.110447,0,0.0107379,0,0.0339706,0.0136382,102.723,102.672
27.8208,-0,0,-0,0.00057876,0.110447,0,0.0107379,0,0.0338378,0.0253377,102.723,102.672
27.9007,-0,0,-0,0.00057876,0.110447,0,0.0107379,0,0.0367696,0.0191311,102.723,102.672
27.9808,-0,0,-0,0.00057876,0.110447,0,0.0107379,0,0.0364005,0.0172046,102.723,102.672
28.0608,-0,0,-0,0.00057876,0.110447,0,0.0107379,0,0.0320312,0.0198997,102.723,102.672
28.1407,-0,0,-0,0.00057876,0.118117,0,0.0107379,0,0.0388458,0.019105,102.723,102.672
28.2207,-0,0,-0,0.00057876,0.110447,0,0.0107379,0,0.0362491,0.0227596,102.723,102.672
28.3007,-0,0,-0,0.00057876,0.110447,0,0.0107379,0,0.0380657,0.023622,102.723,102.672
28.3807,-0,0,-0,0.00057876,0.110447,0,0.0107379,0,0.0378682,0.024779,102.723,102.672
28.4607,-0,0,-0,0.00057876,0.110447,0,0.0107379,0,0.0376563,0.0263059,102.723,102.672
28.5408,-0,0,-0,0.00057876,0.110447,0,0.0107379,0,0.043359,0.0231084,102.723,102.672
28.6207,-0,0,-0,0.00057876,0.110447,0,0.0107379,0,0.0409512,0.0267955,102.723,102.672
28.7008,-0,0,-0,0.00057876,0.110447,0,0.0107379,0,0.0453652,0.0295466,102.723,102.672
28.7807,-0,0,-0,0.00057876,0.110447,0,0.0107379,0,0.0489183,0.0297658,102.723,102.672
28.8607,-0,0,-0,0.00057876,0.110447,0,0.0107379,0,0.0414729,0.0335261,102.723,102.672
28.9407,-0,0,-0,0.00057876,0.110447,0,0.0107379,0,0.0478017,0.0284781,102.723,102.672
29.0208,-0,0,-0,0.00057876,0.110447,0,0.0107379,0,0.0494571,0.0346699,102.723,102.672
29.1007,-0,0,-0,0.00057876,0.110447,0,0.0107379,0,0.0453542,0.0358329,102.723,102.672
29.1807,-0,0,-0,0.00057876,0.110447,0,0.0107379,0,0.0491935,0.0303809,102.723,102.672
29.2607,-0,0,-0,0.00057876,0.110447,0,0.0107379,0,0.0467868,0.0363456,102.723,102.672
29.3406,-0,0,-0,0.00057876,0.110447,0,0.0107379,0,0.0470106,0.0301496,102.723,102.672
29.4207,-0,0,-0,0.00057876,0.110447,0,0.0107379,0,0.0485592,0.0323883,102.723,102.672
29.5008,-0,0,-0,0.00057876,0.110447,0,0.0107379,0,0.0472123,0.0347131,102.723,102.672
29.5807,-0,0,-0,0.00057876,0.111981,0,0.0107379,0,0.0479375,0.0283019,102.723,102.672
29.6607,-0,0,-0,0.00057876,0.110447,0,0.0107379,0,0.044643,0.032311,102.723,102.672
29.7406,-0,0,-0,0.00057876,0.111981,0,0.0107379,0,0.0432782,0.0267021,102.723,102.672
29.8207,-0,0,-0,0.00057876,0.110447,0,0.0107379,0,0.0459891,0.0268514,102.723,102.672
29.9007,-0,0,-0,0.00057876,0.110447,0,0.0107379,0,0.039128,0.0280891,102.723,102.672
29.9807,-0,0,-0,0.00057876,0.110447,0,0.0107379,0,0.0400375,0.0234947,102.723,102.672
30.0607,-0,0,-0,0.00057876,0.110447,0,0.0107379,0,0.0411582,0.0257876,102.723,102.672
30.1407,-0,0,-0,0.00057876,0.111981,0,0.0107379,0,0.037229,0.0273679,102.723,102.672
30.2206,-0,0,-0,0.00057876,0.110447,0,0.0107379,0,0.0432897,0.0238537,102.723,102.672
30.3007,-0,0,-0,0.00057876,0.110447,0,0.0107379,0,0.037027,0.0247184,102.723,102.672
30.3807,-0,0,-0,0.00057876,0.110447,0,0.0107379,0,0.0384187,0.0210476,102.723,102.672
30.4606,-0,0,-0,0.00057876,0.110447,0,0.0107379,0,0.0366333,0.0211896,102.723,102.672
30.5406,-0,0,-0,0.00057876,0.110447,0,0.0107379,0,0.0334365,0.0209045,102.723,102.672
30.6206,-0,0,-0,0.00057876,0.110447,0,0.0107379,0,0.0351141,0.0156844,102.723,102.672
30.7006,-0,0,-0,0.00057876,0.110447,0,0.0107379,0.049484,0.0338231,0.0234307,102.723,102.672
30.7807,-0,0,-0,0.00057876,0.110447,0,0.0107379,0.169577,0.0321559,0.017,102.723,102.672
30.8606,-0,0,-0,0.00057876,0.110447,0,0.0184078,0.267387,0.0336006,0.0151658,102.723,102.672
30.9406,-0,0,-0,0.0159159,0.118117,0,0.0199418,0.366934,0.0316702,0.0231084,102.723,101.324
31.0207,-0,0,-0,0.0717662,0.110447,0,0.0199418,0.426257,0.0308869,0.01,102.723,96.4147
31.1006,-0,0,-0,0.161185,0.110447,0,0.0199418,0.449407,0.0326956,0.019105,102.723,88.555
31.1807,-0,0,-0,0.265361,0.111981,0,0.0199418,0.459825,0.0298831,0.0160935,102.723,79.398
31.2607,-0,0,-0,0.363751,0.111981,0,0.0199418,0.449986,0.0318434,0.311543,102.723,70.7498
31.3406,-0,0,-0,0.360278,0.110447,0,0.0122718,0.441883,0.0277489,0.571114,102.723,71.055
31.4206,-0,0,-0,0.352175,0.110447,0,0.0199418,0.438121,0.0267208,0.274645,102.723,71.7672
31.5006,-0,0,-0,0.34523,0.110447,0,0.0199418,0.449697,0.0286182,0.165532,102.723,72.3777
31.5806,-0,0,-0,0.340311,0.110447,0,0.0199418,0.449986,0.027,0.0516333,102.723,72.8101
31.6606,-0,0,-0,0.34089,0.110447,0,0.0199418,0.449986,0.0305941,0.0575934,102.723,72.7592
31.7406,-0,0,-0,0.34089,0.110447,0,0.0199418,0.449986,0.0278568,0.0604152,102.723,72.7592
31.8207,-0,0,-0,0.34089,0.110447,0,0.0199418,0.449986,0.0281603,0.0595399,102.723,72.7592
31.9006,-0,0,-0,0.34089,0.111981,0,0.0199418,0.449986,0.0297658,0.0598916,102.723,72.7592
31.9806,-0,0,-0,0.34089,0.110447,0,0.0199418,0.449986,0.0260192,0.062554,102.723,72.7592
32.0606,-0,0,-0,0.34089,0.111981,0,0.0199418,0.449986,0.0278209,0.0608194,102.723,72.7592
32.1406,-0,0,-0,0.34089,0.110447,0,0.0199418,0.449986,0.0260192,0.0603573,102.723,72.7592
32.2206,-0,0,-0,0.34089,0.110447,0,0.0276117,0.449986,0.0259422,0.0619112,102.723,72.7592
32.3006,-0,0,-0,0.34089,0.110447,0,0.0199418,0.458378,0.0283725,0.0608769,102.723,72.7592
32.3806,-0,0,-0,0.34089,0.110447,0,0.0199418,0.449986,0.0275862,0.0621048,102.723,72.7592
32.4606,-0,0,-0,0.34089,0.110447,0,0.0122718,0.459825,0.0273861,0.0621289,102.723,72.7592
32.5406,-0,0,-0,0.34089,0.110447,0,0.0107379,0.466481,0.0284605,0.0610655,102.723,72.7592
32.6206,-0,0,-0,0.34089,0.110447,0,0.0107379,0.469664,0.027,0.0621128,102.723,72.7592
32.7005,-0,0,-0,0.34089,0.110447,0,0.0107379,0.469953,0.0257876,0.062562,102.723,72.7592
32.7805,-0,0,-0,0.34089,0.110447,0,0.0107379,0.479503,0.027,0.063206,102.723,72.7592
32.8606,-0,0,-0,0.34089,0.110447,0,0.0107379,0.480081,0.0257876,0.0645058,102.723,72.7592
32.9406,-0,0,-0,0.34089,0.110447,0,0.0107379,0.480081,0.0269258,0.0644205,102.723,72.7592
33.0206,-0,0,-0,0.34089,0.110447,0,0.0107379,0.480081,0.0262488,0.0666483,102.723,72.7592
33.1006,-0,0,-0,0.341179,0.110447,0,0.00920388,0.480081,0.0254951,0.065681,102.723,72.7338
33.1805,-0,0,-0,0.34089,0.110447,0,0.0107379,0.480081,0.0264386,0.066053,102.723,72.7592
33.2606,-0,0,-0,0.34089,0.111981,0,0.0107379,0.480081,0.0243721,0.0670895,102.723,72.7592
33.3405,-0,0,-0,0.341179,0.111981,0,0.0107379,0.480081,0.0260192,0.0667158,102.723,72.7338
33.4206,-0,0,-0,0.341179,0.110447,0,0.0107379,0.488184,0.0272397,0.0649538,102.723,72.7338
33.5006,-0,0,-0,0.34089,0.118117,0,0.0107379,0.482107,0.0269072,0.067,102.723,72.7592
33.5806,-0,0,-0,0.34089,0.110447,0,0.00920388,0.470532,0.0241247,0.0677864,102.723,72.7592
33.6606,-0,0,-0,0.341179,0.110447,0,0.0107379,0.470243,0.0262488,0.0650308,102.723,72.7338
33.7406,-0,0,-0,0.341179,0.110447,0,0.0107379,0.469953,0.0243516,0.0678307,102.723,72.7338
33.8205,-0,0,-0,0.341179,0.118117,0,0.0107379,0.489342,0.0261151,0.066106,102.723,72.7338
33.9005,-0,0,-0,0.341179,0.111981,0,0.0107379,0.48992,0.0295804,0.0632455,102.723,72.7338
33.9805,-0,0,-0,0.341179,0.110447,0,0.0107379,0.48992,0.027037,0.0628092,102.723,72.7338
34.0605,-0,0,-0,0.341179,0.110447,0,0.0107379,0.48992,0.0305941,0.0627455,102.723,72.7338
34.1405,-0,0,-0,0.341179,0.110447,0,0.0107379,0.48992,0.0286705,0.062562,102.723,72.7338
34.2206,-0,0,-0,0.341179,0.110447,0,0.0107379,0.48992,0.0333167,0.0556597,102.723,72.7338
34.3006,-0,0,-0,0.341179,0.110447,0,0.0107379,0.498023,0.0327567,0.0597829,102.723,72.7338
34.3806,-0,0,-0,0.341179,0.111981,0,0.00920388,0.500049,0.0304302,0.0593717,102.723,72.7338
34.4606,-0,0,-0,0.341179,0.110447,0,0.0122718,0.500049,0.0367831,0.0514587,102.723,72.7338
34.5405,-0,0,-0,0.34089,0.110447,0,0.0122718,0.509598,0.0309516,0.0584893,102.723,72.7592
34.6205,-0,0,-0,0.341179,0.110447,0,0.00920388,0.509888,0.0339706,0.0545802,102.723,72.7338
34.7005,-0,0,-0,0.341179,0.110447,0,0.0107379,0.509888,0.0361939,0.0547083,102.723,72.7338
34.7805,-0,0,-0,0.341179,0.110447,0,0.0107379,0.509888,0.0358608,0.0565509,102.723,72.7338
34.8605,-0,0,-0,0.341179,0.110447,0,0.0107379,0.509888,0.0376298,0.0494975,102.723,72.7338
34.9406,-0,0,-0,0.341179,0.110447,0,0.0107379,0.509888,0.0391663,0.0497695,102.723,72.7338
35.0205,-0,0,-0,0.341179,0.111981,0,0.0107379,0.509888,0.0347994,0.0537122,102.723,72.7338
35.1004,-0,0,-0,0.341179,0.110447,0,0.0107379,0.509888,0.0416653,0.0504678,102.723,72.7338
35.1805,-0,0,-0,0.341179,0.110447,0,0.0107379,0.509888,0.0406325,0.0466262,102.723,72.7338
35.2605,-0,0,-0,0.341179,0.110447,0,0.0107379,0.509888,0.0350714,0.0497795,102.723,72.7338
35.3405,-0,0,-0,0.341179,0.111981,0,0.00153398,0.509888,0.0459783,0.0442267,102.723,72.7338
35.4205,-0,0,-0,0.341179,0.110447,0,0.00920388,0.509888,0.0431509,0.0462817,102.723,72.7338
35.5005,-0,0,-0,0.341179,0.110447,0,0.0107379,0.509888,0.0478435,0.0422493,102.723,72.7338
35.5805,-0,0,-0,0.341179,0.110447,0,0.0107379,0.509888,0.0478435,0.0431856,102.723,72.7338
35.6605,-0,0,-0,0.341179,0.110447,0,0.0107379,0.509888,0.0428719,0.0467547,102.723,72.7338
35.7405,-0,0,-0,0.341179,0.110447,0,0.0107379,0.509888,0.0520096,0.035,102.723,72.7338
35.8205,-0,0,-0,0.341179,0.110447,0,0.0107379,0.509888,0.0452659,0.0438748,102.723,72.7338
35.9005,-0,0,-0,0.341179,0.110447,0,0.0107379,0.509888,0.0506952,0.0365923,102.723,72.7338
35.9804,-0,0,-0,0.341179,0.110447,0,0.0107379,0.509888,0.0525833,0.0387943,102.723,72.7338
36.0605,-0,0,-0,0.341179,0.110447,0,0.0107379,0.509888,0.0462385,0.041,102.723,72.7338
36.1405,-0,0,-0,0.341179,0.110447,0,0.00153398,0.509888,0.0529623,0.0374566,102.723,72.7338
36.2205,-0,0,-0,0.341179,0.111981,0,0.0107379,0.509888,0.0446542,0.0440227,102.723,72.7338
36.3005,-0,0,-0,0.341179,0.111981,0,0.0107379,0.509888,0.0478017,0.0420238,102.723,72.7338
36.3804,-0,0,-0,0.341179,0.11965,0,0.0107379,0.509888,0.0498096,0.0431393,102.723,72.7338
36.4604,-0,0,-0,0.341179,0.110447,0,0.0107379,0.509888,0.0433359,0.0470744,102.723,72.7338
36.5405,-0,0,-0,0.341179,0.111981,0,0.0107379,0.509888,0.0437493,0.0456399,102.723,72.7338
36.6204,-0,0,-0,0.341179,0.111981,0,0.0107379,0.509888,0.0417253,0.050319,102.723,72.7338
36.7004,-0,0,-0,0.341179,0.110447,0,0.0107379,0.509888,0.0409268,0.0467868,102.723,72.7338
36.7804,-0,0,-0,0.341179,0.110447,0,0.0076699,0.509888,0.0435546,0.0480208,102.723,72.7338
36.8604,-0,0,-0,0.341179,0.110447,0,0.0107379,0.509888,0.0393192,0.053619,102.723,72.7338
36.9404,-0,0,-0,0.341179,0.110447,0,0.0107379,0.509888,0.0400125,0.0504678,102.723,72.7338
37.0204,-0,0,-0,0.341179,0.110447,0,0.0107379,0.509888,0.041821,0.0511762,102.723,72.7338
37.1004,-0,0,-0,0.341179,0.118117,0,0.00153398,0.509888,0.0342637,0.056356,102.723,72.7338
37.1804,-0,0,-0,0.341179,0.110447,0,0.00920388,0.509888,0.0398246,0.0527352,102.723,72.7338
37.2604,-0,0,-0,0.341179,0.111981,0,0.0107379,0.509888,0.0346554,0.057463,102.723,72.7338
37.3404,-0,0,-0,0.341179,0.110447,0,0.0107379,0.509888,0.0328634,0.0572101,102.723,72.7338
37.4204,-0,0,-0,0.341179,0.110447,0,0.0107379,0.509888,0.0361801,0.0579051,102.723,72.7338
37.5005,-0,0,-0,0.341179,0.110447,0,0.0107379,0.509888,0.030282,0.0605392,102.723,72.7338
37.5804,-0,0,-0,0.341179,0.110447,0,0.0107379,0.509888,0.032573,0.0553986,102.723,72.7338
37.6604,-0,0,-0,0.341179,0.110447,0,0.0107379,0.509888,0.0318434,0.0604152,102.723,72.7338
37.7404,-0,0,-0,0.341179,0.118117,0,0.0107379,0.509888,0.0305123,0.0610819,102.723,72.7338
37.8204,-0,0,-0,0.341179,0.110447,0,0.0107379,0.509888,0.0339559,0.0603158,102.723,72.7338
37.9004,-0,0,-0,0.341179,0.118117,0,0.0107379,0.509888,0.0311127,0.0637338,102.723,72.7338
37.9804,-0,0,-0,0.341179,0.110447,0,0.0107379,0.509888,0.0290861,0.0629285,102.723,72.7338
38.0605,-0,0,-0,0.341179,0.110447,0,0.00153398,0.509888,0.0285832,0.0653299,102.723,72.7338
38.1403,-0,0,-0,0.341179,0.110447,0,0.00920388,0.509888,0.0276043,0.0671937,102.723,72.7338
38.2204,-0,0,-0,0.341179,0.110447,0,0.0107379,0.509888,0.0283725,0.0653758,102.723,72.7338
38.3004,-0,0,-0,0.341179,0.110447,0,0.0107379,0.509888,0.0294788,0.0656201,102.723,72.7338
38.3804,-0,0,-0,0.341179,0.118117,0,0.0107379,0.509888,0.0264764,0.0654676,102.723,72.7338
38.4603,-0,0,-0,0.341179,0.118117,0,0.0107379,0.509888,0.0284429,0.0666483,102.723,72.7338
38.5403,-0,0,-0,0.341179,0.110447,0,0.0107379,0.509888,0.0285832,0.0666333,102.723,72.7338
38.6204,-0,0,-0,0.341179,0.111981,0,0.0107379,0.509888,0.0275862,0.0664906,102.723,72.7338
38.7004,-0,0,-0,0.341179,0.110447,0,0.00153398,0.509888,0.0279464,0.0670746,102.723,72.7338
38.7803,-0,0,-0,0.341179,0.110447,0,0.00920388,0.509888,0.025671,0.0679485,102.723,72.7338
38.8603,-0,0,-0,0.341179,0.110447,0,0.0122718,0.509888,0.0286531,0.0655286,102.723,72.7338
38.9403,-0,0,-0,0.341179,0.110447,0,0.0107379,0.509888,0.0255147,0.0686003,102.723,72.7338
39.0203,-0,0,-0,0.341179,0.110447,0,0.0107379,0.509888,0.0265707,0.0679264,102.723,72.7338
39.1003,-0,0,-0,0.341179,0.110447,0,0.0107379,0.509888,0.0274955,0.0670522,102.723,72.7338
39.1803,-0,0,-0,0.341179,0.110447,0,0.0107379,0.509888,0.0263059,0.0695773,102.723,72.7338
39.2604,-0,0,-0,0.341179,0.110447,0,0.0107379,0.509888,0.027,0.0674537,102.723,72.7338
39.3404,-0,0,-0,0.341179,0.110447,0,0.0107379,0.509888,0.0252389,0.0689565,102.723,72.7338
39.4203,-0,0,-0,0.341179,0.110447,0,0.0107379,0.509888,0.025671,0.0682715,102.723,72.7338
39.5004,-0,0,-0,0.341179,0.110447,0,0.0107379,0.509888,0.0263249,0.069347,102.723,72.7338
39.5804,-0,0,-0,0.341179,0.111981,0,0.0107379,0.509888,0.0257294,0.0695342,102.723,72.7338
39.6604,-0,0,-0,0.341179,0.118117,0,0.0107379,0.509888,0.0248596,0.0699214,102.723,72.7338
39.7404,-0,0,-0,0.341179,0.110447,0,0.0107379,0.509888,0.025807,0.067838,102.723,72.7338
39.8203,-0,0,-0,0.341179,0.118117,0,0.0107379,0.509888,0.0245357,0.0694982,102.723,72.7338
39.9003,-0,0,-0,0.341179,0.11965,0,0.0122718,0.509888,0.0257876,0.0682715,102.723,72.7338
39.9804,-0,0,-0,0.341179,0.110447,0,0.0107379,0.509888,0.0274773,0.0688912,102.723,72.7338
40.0603,-0,0,-0,0.341179,0.110447,0,0.0107379,0.509888,0.0254755,0.0702211,102.723,72.7338
40.1403,-0,0,-0,0.341179,0.110447,0,0.0122718,0.509888,0.0284253,0.0681909,102.723,72.7338
40.2204,-0,0,-0,0.341179,0.118117,0,0.0199418,0.509888,0.024779,0.0712811,102.723,72.7338
40.3003,-0,0,-0,0.341179,0.110447,0,0.0107379,0.509888,0.0248596,0.0691448,102.723,72.7338
40.3803,-0,0,-0,0.341179,0.110447,0,0.0107379,0.509888,0.0243516,0.0689202,102.723,72.7338
40.4603,-0,0,-0,0.341179,0.110447,0,0.0107379,0.509888,0.0228692,0.0714073,102.723,72.7338
40.5403,-0,0,-0,0.341179,0.11965,0,0.0107379,0.509888,0.0295804,0.0677126,102.723,72.7338
40.6203,-0,0,-0,0.341179,0.118117,0,0.0107379,0.490499,0.0251396,0.0710845,102.723,72.7338
40.7003,-0,0,-0,0.341179,0.110447,0,0.0107379,0.30327,0.025807,0.0683154,102.723,72.7338
40.7803,-0,0,-0,0.341179,0.110447,0,0.0107379,0.16813,0.0267021,0.0651613,102.723,72.7338
40.8603,-0,0,-0,0.34089,0.110447,0,0.0107379,0.00463008,0.0292916,0.066468,102.723,72.7592
40.9403,-0,0,-0,0.328157,0.110447,0,0.0107379,0,0.0284605,0.0166733,102.723,73.8784
41.0203,-0,0,-0,0.281277,0.110447,0,0.0107379,0,0.0306105,0.0131909,102.723,77.9991
41.1003,-0,0,-0,0.208643,0.110447,0,0.0107379,0,0.0314484,0.0171172,102.723,84.3835
41.1803,-0,0,-0,0.125591,0.110447,0,0.0107379,0,0.0331361,0.0102956,102.723,91.6836
41.2603,-0,0,-0,0.0506415,0.110447,0,0.0107379,0,0.0308221,0.0198746,102.723,98.2715
41.3403,-0,0,-0,0.00376194,0.110447,0,0.0107379,0,0.0295973,0.0143527,102.723,102.392
41.4203,-0,0,-0,0,0.110447,0,0.0107379,0,0.0361801,0.0176918,102.723,102.723
41.5003,-0,0,-0,0,0.110447,0,0.0107379,0,0.0318904,0.0234521,102.723,102.723
41.5803,-0,0,-0,0.00173628,0.110447,0,0.0107379,0,0.0327719,0.0142829,102.723,102.57
41.6603,-0,0,-0,0.00173628,0.110447,0,0.0107379,0,0.0386523,0.020445,102.723,102.57
41.7402,-0,0,-0,0.00173628,0.110447,0,0.0107379,0,0.0359722,0.0220454,102.723,102.57
41.8202,-0,0,-0,0.00173628,0.110447,0,0.0107379,0,0.0402492,0.0212368,102.723,102.57
41.9003,-0,0,-0,0.00173628,0.110447,0,0.0107379,0,0.0428019,0.0286356,102.723,102.57
41.9803,-0,0,-0,0.00173628,0.110447,0,0.0107379,0,0.040025,0.02502,102.723,102.57
42.0602,-0,0,-0,0.00173628,0.110447,0,0.0107379,0,0.0417013,0.0286007,102.723,102.57
42.1403,-0,0,-0,0.00173628,0.110447,0,0.0107379,0,0.0433013,0.0296816,102.723,102.57
42.2203,-0,0,-0,0.00173628,0.110447,0,0.0107379,0,0.0450222,0.0273861,102.723,102.57
42.3002,-0,0,-0,0.00173628,0.110447,0,0.0107379,0,0.0412311,0.0302324,102.723,102.57
42.3802,-0,0,-0,0.00173628,0.110447,0,0.0184078,0,0.047392,0.0313847,102.723,102.57
42.4603,-0,0,-0,0.00173628,0.110447,0,0.0107379,0,0.0479375,0.0315911,102.723,102.57
42.5403,-0,0,-0,0.00173628,0.110447,0,0.0107379,0,0.0431856,0.0340147,102.723,102.57
42.6203,-0,0,-0,0.00173628,0.110447,0,0.0107379,0,0.0498899,0.0308221,102.723,102.57
42.7003,-0,0,-0,0.00173628,0.110447,0,0.0107379,0,0.0451774,0.0337935,102.723,102.57
42.7803,-0,0,-0,0.00173628,0.110447,0,0.0107379,0,0.0461411,0.0380657,102.723,102.57
42.8603,-0,0,-0,0.00173628,0.110447,0,0.0107379,0,0.0500999,0.0298329,102.723,102.57
42.9402,-0,0,-0,0.00173628,0.110447,0,0.0107379,0,0.0465081,0.0353553,102.723,102.57
43.0203,-0,0,-0,0.00173628,0.110447,0,0.0107379,0,0.0458694,0.0279643,102.723,102.57
43.1002,-0,0,-0,0.00173628,0.110447,0,0.0107379,0,0.0446542,0.031257,102.723,102.57
43.1803,-0,0,-0,0.00173628,0.110447,0,0.0107379,0,0.0433705,0.0295973,102.723,102.57
43.2602,-0,0,-0,0.00173628,0.110447,0,0.0107379,0,0.0448219,0.0242693,102.723,102.57
43.3403,-0,0,-0,0.00173628,0.110447,0,0.0107379,0,0.0417133,0.0341906,102.723,102.57
43.4202,-0,0,-0,0.00173628,0.110447,0,0.0107379,0,0.0400125,0.0237697,102.723,102.57
43.5002,-0,0,-0,0.00173628,0.110447,0,0.0107379,0,0.0459347,0.0245561,102.723,102.57
43.5802,-0,0,-0,0.00173628,0.110447,0,0.0107379,0,0.0353553,0.0256905,102.723,102.57
43.6602,-0,0,-0,0.00173628,0.110447,0,0.0107379,0,0.0421663,0.0233452,102.723,102.57
43.7402,-0,0,-0,0.00173628,0.110447,0,0.0107379,0,0.039064,0.0249199,102.723,102.57
43.8202,-0,0,-0,0.00173628,0.110447,0,0.0107379,0,0.0343657,0.0224944,102.723,102.57
43.9002,-0,0,-0,0.00173628,0.110447,0,0.0107379,0,0.0408656,0.024779,102.723,102.57
43.9802,-0,0,-0,0.00173628,0.110447,0,0.0107379,0,0.0363731,0.0234307,102.723,102.57
44.0602,-0,0,-0,0.00173628,0.110447,0,0.0107379,0,0.0379737,0.0180555,102.723,102.57
44.1402,-0,0,-0,0.00173628,0.110447,0,0.0107379,0,0.0335559,0.0215407,102.723,102.57
44.2202,-0,0,-0,0.00173628,0.110447,0,0.0107379,0,0.032078,0.018868,102.723,102.57
44.3002,-0,0,-0,0.00173628,0.110447,0,0.0107379,0,0.0350571,0.0146287,102.723,102.57
44.3802,-0,0,-0,0.00173628,0.110447,0,0.0107379,0,0.0313209,0.0200998,102.723,102.57
44.4603,-0,0,-0,0.00173628,0.110447,0,0.0107379,0,0.0317175,0.015,102.723,102.57
44.5402,-0,0,-0,0.00173628,0.110447,0,0.0107379,0,0.0314643,0.0156525,102.723,102.57
44.6202,-0,0,-0,0.00173628,0.110447,0,0.0107379,0,0.02995,0.0206155,102.723,102.57
44.7001,-0,0,-0,0.00173628,0.110447,0,0.0107379,0,0.0304302,0.0113578,102.723,102.57
44.7801,-0,0,-0,0.00173628,0.110447,0,0.0107379,0,0.0308221,0.0197231,102.723,102.57
44.8602,-0,0,-0,0.00173628,0.110447,0,0.0107379,0,0.0296311,0.0144568,102.723,102.57
44.9402,-0,0,-0,0.00173628,0.110447,0,0.0107379,0,0.0290861,0.0127279,102.723,102.57
45.0202,-0,0,-0,0.00173628,0.110447,0,0.0107379,0,0.0288097,0.0167929,102.723,102.57
45.1002,-0,0,-0,0.00173628,0.110447,0,0.0107379,0,0.0288617,0.008544,102.723,102.57
45.1801,-0,0,-0,0.00173628,0.110447,0,0.0107379,0,0.0296816,0.0143527,102.723,102.57
45.2602,-0,0,-0,0.00173628,0.110447,0,0.0107379,0,0.0275862,0.0143527,102.723,102.57
45.3401,-0,0,-0,0.00173628,0.110447,0,0.0107379,0,0.0292916,0.00969536,102.723,102.57
45.4201,-0,0,-0,0.00173628,0.110447,0,0.0107379,0,0.0273679,0.0188414,102.723,102.57
45.5001,-0,0,-0,0.00173628,0.110447,0,0.0107379,0,0.0270924,0.011,102.723,102.57
45.5801,-0,0,-0,0.00173628,0.110447,0,0.0107379,0,0.0268701,0.0122066,102.723,102.57
45.6601,-0,0,-0,0.00173628,0.110447,0,0.0107379,0,0.0268701,0.0172916,102.723,102.57
45.7401,-0,0,-0,0.00173628,0.110447,0,0.0107379,0,0.0286007,0.00927362,102.723,102.57
45.8202,-0,0,-0,0.00173628,0.110447,0,0.0107379,0,0.0293087,0.0157797,102.723,102.57
45.9002,-0,0,-0,0.00173628,0.110447,0,0.0107379,0,0.0268701,0.0135647,102.723,102.57
45.9802,-0,0,-0,0.00173628,0.110447,0,0.0107379,0,0.0274955,0.0110454,102.723,102.57
46.0602,-0,0,-0,0.00173628,0.110447,0,0.0107379,0,0.0251595,0.0184932,102.723,102.57
46.1402,-0,0,-0,0.00173628,0.110447,0,0.0107379,0,0.0268514,0.0102956,102.723,102.57
46.2202,-0,0,-0,0.00173628,0.110447,0,0.0107379,0,0.0262488,0.0171464,102.723,102.57
46.3002,-0,0,-0,0.00173628,0.110447,0,0.0107379,0,0.02502,0.0144568,102.723,102.57
46.3802,-0,0,-0,0.00173628,0.110447,0,0.0107379,0,0.0269258,0.00877496,102.723,102.57
46.4601,-0,0,-0,0.00173628,0.110447,0,0.0107379,0,0.0264386,0.0174642,102.723,102.57
46.5401,-0,0,-0,0.00173628,0.110447,0,0.0107379,0,0.0267208,0.00916515,102.723,102.57
46.6202,-0,0,-0,0.00173628,0.110447,0,0.0107379,0,0.0264197,0.0134907,102.723,102.57
46.7002,-0,0,-0,0.00173628,0.110447,0,0.0107379,0,0.0253968,0.0160312,102.723,102.57
46.7802,-0,0,-0,0.00173628,0.110447,0,0.0107379,0,0.0259808,0.0104881,102.723,102.57
46.8601,-0,0,-0,0.00173628,0.110447,0,0.0107379,0,0.0259615,0.0139642,102.723,102.57
46.9401,-0,0,-0,0.00173628,0.110447,0,0.0107379,0,0.0237487,0.0142478,102.723,102.57
47.0202,-0,0,-0,0.00173628,0.110447,0,0.0107379,0,0.024779,0.0098995,102.723,102.57
47.1001,-0,0,-0,0.00173628,0.110447,0,0.0107379,0,0.0252389,0.0149666,102.723,102.57
47.1801,-0,0,-0,0.00173628,0.110447,0,0.0107379,0,0.0257876,0.0104881,102.723,102.57
47.2601,-0,0,-0,0.00173628,0.110447,0,0.0107379,0,0.0252389,0.0124499,102.723,102.57
47.3401,-0,0,-0,0.00173628,0.110447,0,0.0107379,0,0.0234947,0.014,102.723,102.57
47.4201,-0,0,-0,0.00173628,0.110447,0,0.0107379,0,0.0269258,0.00911043,102.723,102.57
47.5001,-0,0,-0,0.00173628,0.110447,0,0.0107379,0,0.0274591,0.0169115,102.723,102.57
47.5801,-0,0,-0,0.00173628,0.110447,0,0.0107379,0,0.0281957,0.0145602,102.723,102.57
47.6601,-0,0,-0,0.00173628,0.110447,0,0.0107379,0,0.0289137,0.0108167,102.723,102.57
47.7401,-0,0,-0,0.00173628,0.110447,0,0.0107379,0,0.030133,0.0217715,102.723,102.57
47.8201,-0,0,-0,0.00173628,0.110447,0,0.0107379,0,0.0347131,0.0139284,102.723,102.57
47.9001,-0,0,-0,0.00173628,0.110447,0,0.0107379,0,0.0321559,0.0189209,102.723,102.57
47.9801,-0,0,-0,0.00173628,0.110447,0,0.0107379,0,0.0310161,0.0216102,102.723,102.57
48.0601,-0,0,-0,0.00173628,0.110447,0,0.0107379,0,0.0326497,0.0119164,102.723,102.57
48.1401,-0,0,-0,0.00173628,0.110447,0,0.0107379,0,0.0355809,0.0222261,102.723,102.57
48.2201,-0,0,-0,0.00173628,0.110447,0,0.0107379,0,0.0327719,0.0182757,102.723,102.57
48.3001,-0,0,-0,0.00173628,0.110447,0,0.0107379,0,0.0342491,0.0176918,102.723,102.57
48.3801,-0,0,-0,0.00173628,0.110447,0,0.0107379,0,0.0372156,0.0268328,102.723,102.57
48.4601,-0,0,-0,0.00173628,0.110447,0,0.0107379,0,0.0401373,0.0205913,102.723,102.57
48.54,-0,0,-0,0.00173628,0.110447,0,0.0107379,0,0.0387556,0.0267582,102.723,102.57
48.6201,-0,0,-0,0.00173628,0.110447,0,0.0107379,0,0.0396737,0.0246779,102.723,102.57
48.7,-0,0,-0,0.00173628,0.110447,0,0.0107379,0,0.043909,0.0231084,102.723,102.57
48.78,-0,0,-0,0.00173628,0.110447,0,0.0107379,0,0.0415331,0.0313209,102.723,102.57
48.86,-0,0,-0,0.00173628,0.110447,0,0.0107379,0,0.0429069,0.0265707,102.723,102.57
48.94,-0,0,-0,0.00173628,0.110447,0,0.0107379,0,0.0432897,0.0269258,102.723,102.57
49.02,-0,0,-0,0.00173628,0.110447,0,0.0107379,0,0.0429185,0.0334963,102.723,102.57
49.1,-0,0,-0,0.00173628,0.110447,0,0.0107379,0,0.0459891,0.0286531,102.723,102.57
49.1801,-0,0,-0,0.00173628,0.110447,0,0.0107379,0,0.0417253,0.0339706,102.723,102.57
49.26,-0,0,-0,0.00173628,0.110447,0,0.0107379,0,0.0461952,0.0338674,102.723,102.57
49.34,-0,0,-0,0.00173628,0.110447,0,0.0107379,0,0.0522398,0.0333617,102.723,102.57
49.42,-0,0,-0,0.00173628,0.110447,0,0.0107379,0,0.0460109,0.033541,102.723,102.57
49.5,-0,0,-0,0.00173628,0.110447,0,0.0107379,0,0.0517204,0.0349428,102.723,102.57
49.58,-0,0,-0,0.00173628,0.110447,0,0.0107379,0,0.0490816,0.0404104,102.723,102.57
49.66,-0,0,-0,0.00173628,0.110447,0,0.0107379,0,0.0478957,0.0334813,102.723,102.57
49.74,-0,0,-0,0.00173628,0.110447,0,0.0107379,0,0.0464973,0.0277489,102.723,102.57
49.82,-0,0,-0,0.00173628,0.110447,0,0.0107379,0,0.0412311,0.0384448,102.723,102.57
49.9,-0,0,-0,0.00173628,0.110447,0,0.0107379,0,0.0409145,0.0260192,102.723,102.57
49.98,-0,0,-0,0.00173628,0.110447,0,0.0107379,0,0.043909,0.0307734,102.723,102.57
50.06,-0,0,-0,0.00173628,0.110447,0,0.0107379,0,0.0379737,0.02995,102.723,102.57
50.14,-0,0,-0,0.00173628,0.110447,0,0.0107379,0,0.0448776,0.0243721,102.723,102.57
50.22,-0,0,-0,0.00173628,0.110447,0,0.0107379,0,0.0408289,0.0278029,102.723,102.57
50.3,-0,0,-0,0.00173628,0.110447,0,0.0107379,0,0.0380132,0.0219545,102.723,102.57
50.38,-0,0,-0,0.00173628,0.110447,0,0.0107379,0,0.0401123,0.0242899,102.723,102.57
50.46,-0,0,-0,0.00173628,0.110447,0,0.0107379,0,0.0350714,0.0237908,102.723,102.57
50.54,-0,0,-0,0.00173628,0.110447,0,0.0107379,0.111701,0.04005,0.0234947,102.723,102.57
50.6199,-0,0,-0,0.00173628,0.110447,0,0.0107379,0.216167,0.0343366,0.0238537,102.723,102.57
50.7,-0,0,-0,0.0104177,0.110447,0,0.0107379,0.334813,0.0379737,0.0218403,102.723,101.807
50.78,-0,0,-0,0.0491946,0.110447,0,0.0199418,0.375615,0.0369053,0.0194679,102.723,98.3987
50.8599,-0,0,-0,0.125591,0.110447,0,0.0199418,0.389795,0.0323265,0.024779,102.723,91.6836
50.94,-0,0,-0,0.222533,0.110447,0,0.0199418,0.389795,0.0359583,0.0188149,102.723,83.1626
51.02,-0,0,-0,0.323527,0.110447,0,0.0199418,0.390084,0.0306431,0.0187883,102.723,74.2854
51.1,-0,0,-0,0.360567,0.110447,0,0.0199418,0.390084,0.03228,0.578387,102.723,71.0296
51.18,-0,0,-0,0.351597,0.110447,0,0.0199418,0.390084,0.0334365,0.296894,102.723,71.8181
51.26,-0,0,-0,0.331051,0.110447,0,0.0199418,0.390084,0.030133,0.0283019,102.723,73.6241
51.34,-0,0,-0,0.301823,0.110447,0,0.0199418,0.390084,0.032078,0.0147648,102.723,76.1931
51.42,-0,0,-0,0.301823,0.110447,0,0.0199418,0.380535,0.0285832,0.0175784,102.723,76.1931
51.5,-0,0,-0,0.32208,0.110447,0,0.0199418,0.379956,0.0294958,0.0195192,102.723,74.4126
51.58,-0,0,-0,0.336549,0.110447,0,0.0199418,0.379956,0.0281069,0.00848528,102.723,73.1408
51.66,-0,0,-0,0.336549,0.110447,0,0.0199418,0.379956,0.0264953,0.0175784,102.723,73.1408
51.74,-0,0,-0,0.336549,0.110447,0,0.0199418,0.380245,0.0260384,0.0144568,102.723,73.1408
51.82,-0,0,-0,0.336549,0.110447,0,0.0199418,0.389795,0.0267582,0.0155242,102.723,73.1408
51.9,-0,0,-0,0.336549,0.110447,0,0.0199418,0.380535,0.0253772,0.0172916,102.723,73.1408
51.98,-0,0,-0,0.336549,0.110447,0,0.0199418,0.379956,0.0251595,0.0108628,102.723,73.1408
52.06,-0,0,-0,0.336549,0.110447,0,0.0199418,0.389795,0.0276225,0.0143527,102.723,73.1408
52.1401,-0,0,-0,0.336549,0.110447,0,0.0199418,0.397898,0.0251992,0.0155242,102.723,73.1408
52.22,-0,0,-0,0.336549,0.110447,0,0.0199418,0.399923,0.0278209,0.0103441,102.723,73.1408
52.2999,-0,0,-0,0.336549,0.110447,0,0.00920388,0.408026,0.0267208,0.0172337,102.723,73.1408
52.3799,-0,0,-0,0.336549,0.110447,0,0.0107379,0.417575,0.0266271,0.0108167,102.723,73.1408
52.4599,-0,0,-0,0.336549,0.110447,0,0.0184078,0.427993,0.0261534,0.0143527,102.723,73.1408
52.5399,-0,0,-0,0.336549,0.110447,0,0.0107379,0.430019,0.0257682,0.0114891,102.723,73.1408
52.6199,-0,0,-0,0.336549,0.110447,0,0.0107379,0.430019,0.0273313,0.00877496,102.723,73.1408
52.6999,-0,0,-0,0.336549,0.110447,0,0.0107379,0.430019,0.0246779,0.0139642,102.723,73.1408
52.78,-0,0,-0,0.336549,0.110447,0,0.00920388,0.430019,0.0262488,0.0118322,102.723,73.1408
52.8599,-0,0,-0,0.336549,0.11965,0,0.0107379,0.430019,0.0265518,0.0119164,102.723,73.1408
52.9399,-0,0,-0,0.336549,0.11965,0,0.0107379,0.430019,0.0237276,0.0178045,102.723,73.1408
53.0199,-0,0,-0,0.336549,0.11965,0,0.0107379,0.430019,0.0248797,0.00964365,102.723,73.1408
53.0999,-0,0,-0,0.336549,0.11965,0,0.0107379,0.439568,0.0242693,0.0136748,102.723,73.1408
53.1799,-0,0,-0,0.336549,0.11965,0,0.0107379,0.440147,0.0239374,0.0150665,102.723,73.1408
53.26,-0,0,-0,0.336549,0.11965,0,0.0107379,0.440147,0.0260384,0.00916515,102.723,73.1408
53.3399,-0,0,-0,0.336549,0.11965,0,0.0107379,0.440147,0.0242487,0.0159374,102.723,73.1408
53.4199,-0,0,-0,0.336549,0.11965,0,0.0107379,0.440147,0.0242899,0.00806226,102.723,73.1408
53.5,-0,0,-0,0.336549,0.11965,0,0.0107379,0.440147,0.0262488,0.0138924,102.723,73.1408
53.5799,-0,0,-0,0.336549,0.11965,0,0.0107379,0.440147,0.0249199,0.0143178,102.723,73.1408
53.6599,-0,0,-0,0.336549,0.11965,0,0.0107379,0.440147,0.025865,0.00734847,102.723,73.1408
53.7399,-0,0,-0,0.336549,0.11965,0,0.0107379,0.440147,0.0258844,0.0147648,102.723,73.1408
53.8199,-0,0,-0,0.336549,0.11965,0,0.0107379,0.440147,0.0237487,0.00953939,102.723,73.1408
53.8999,-0,0,-0,0.336549,0.11965,0,0.0107379,0.440147,0.02502,0.010247,102.723,73.1408
53.9799,-0,0,-0,0.336549,0.11965,0,0.0107379,0.440147,0.0229347,0.0144914,102.723,73.1408
54.0598,-0,0,-0,0.336549,0.11965,0,0.0107379,0.440436,0.0262869,0.00824621,102.723,73.1408
54.1399,-0,0,-0,0.336549,0.11965,0,0.0107379,0.440147,0.0283019,0.0139284,102.723,73.1408
54.2199,-0,0,-0,0.336549,0.11965,0,0.0107379,0.440147,0.0263059,0.0139642,102.723,73.1408
54.2999,-0,0,-0,0.336549,0.11965,0,0.0107379,0.440147,0.0294958,0.0142478,102.723,73.1408
54.3799,-0,0,-0,0.336549,0.11965,0,0.0107379,0.440147,0.0273861,0.0160312,102.723,73.1408
54.4599,-0,0,-0,0.336549,0.11965,0,0.0107379,0.441594,0.0269258,0.0134907,102.723,73.1408
54.5399,-0,0,-0,0.336549,0.11965,0,0.0107379,0.440147,0.0323883,0.0140712,102.723,73.1408
54.6198,-0,0,-0,0.336549,0.11965,0,0.0107379,0.440147,0.0299833,0.0216795,102.723,73.1408
54.6998,-0,0,-0,0.336549,0.11965,0,0.0107379,0.440147,0.0335112,0.0158114,102.723,73.1408
54.7799,-0,0,-0,0.336549,0.11965,0,0.0107379,0.440147,0.0283373,0.0217715,102.723,73.1408
54.8598,-0,0,-0,0.336549,0.11965,0,0.0107379,0.440147,0.0323419,0.0172337,102.723,73.1408
54.9399,-0,0,-0,0.336549,0.11965,0,0.0107379,0.440147,0.0339706,0.018868,102.723,73.1408
55.0198,-0,0,-0,0.336549,0.11965,0,0.0107379,0.440147,0.0332265,0.0247588,102.723,73.1408
55.0999,-0,0,-0,0.336549,0.11965,0,0.0107379,0.440147,0.0336006,0.0172627,102.723,73.1408
55.1799,-0,0,-0,0.336549,0.11965,0,0.0107379,0.440147,0.0398246,0.0277489,102.723,73.1408
55.2599,-0,0,-0,0.336549,0.11965,0,0.0107379,0.440147,0.0373363,0.0302655,102.723,73.1408
55.3398,-0,0,-0,0.336549,0.11965,0,0.0107379,0.440147,0.0406079,0.0232594,102.723,73.1408
55.4198,-0,0,-0,0.336549,0.11965,0,0.0107379,0.440147,0.0433705,0.0322645,102.723,73.1408
55.4999,-0,0,-0,0.336549,0.11965,0,0.0107379,0.440147,0.0367423,0.0288444,102.723,73.1408
55.5798,-0,0,-0,0.336549,0.11965,0,0.0107379,0.440147,0.0405093,0.0263059,102.723,73.1408
55.6599,-0,0,-0,0.336549,0.11965,0,0.0107379,0.440147,0.0409023,0.0288097,102.723,73.1408
55.7399,-0,0,-0,0.336549,0.11965,0,0.0107379,0.440147,0.0437035,0.029189,102.723,73.1408
55.8199,-0,0,-0,0.336549,0.11965,0,0.0122718,0.440147,0.043852,0.0319687,102.723,73.1408
55.8998,-0,0,-0,0.336549,0.11965,0,0.0107379,0.440147,0.0433705,0.030348,102.723,73.1408
55.9798,-0,0,-0,0.336549,0.11965,0,0.0107379,0.440147,0.0509706,0.0342199,102.723,73.1408
56.0599,-0,0,-0,0.336549,0.11965,0,0.0107379,0.440147,0.0426732,0.0401373,102.723,73.1408
56.1398,-0,0,-0,0.336549,0.11965,0,0.0107379,0.440147,0.0474552,0.0383275,102.723,73.1408
56.2198,-0,0,-0,0.336549,0.11965,0,0.0107379,0.440147,0.0486724,0.0392556,102.723,73.1408
56.2999,-0,0,-0,0.336549,0.11965,0,0.0107379,0.449697,0.0474552,0.0434971,102.723,73.1408
56.3798,-0,0,-0,0.336549,0.11965,0,0.0107379,0.440147,0.0538981,0.0335559,102.723,73.1408
56.4598,-0,0,-0,0.336549,0.11965,0,0.0107379,0.440147,0.0463249,0.0354542,102.723,73.1408
56.5398,-0,0,-0,0.336549,0.11965,0,0.0107379,0.440147,0.0471381,0.0373497,102.723,73.1408
56.6198,-0,0,-0,0.336549,0.11965,0,0.0107379,0.440147,0.0451331,0.0292575,102.723,73.1408
56.6998,-0,0,-0,0.336549,0.11965,0,0.0107379,0.440147,0.0434856,0.0362491,102.723,73.1408
56.7798,-0,0,-0,0.336549,0.11965,0,0.0107379,0.440147,0.0439318,0.027,102.723,73.1408
56.8598,-0,0,-0,0.336549,0.11965,0,0.0107379,0.440147,0.0417852,0.0330151,102.723,73.1408
56.9398,-0,0,-0,0.336549,0.11965,0,0.0107379,0.441883,0.0394588,0.0250998,102.723,73.1408
57.0198,-0,0,-0,0.336549,0.11965,0,0.0107379,0.440147,0.0439773,0.0261343,102.723,73.1408
57.0998,-0,0,-0,0.336549,0.11965,0,0.0107379,0.449986,0.03755,0.0288964,102.723,73.1408
57.1798,-0,0,-0,0.336549,0.11965,0,0.0107379,0.440436,0.0416773,0.0265895,102.723,73.1408
57.2597,-0,0,-0,0.336549,0.11965,0,0.0107379,0.44825,0.0395727,0.0241039,102.723,73.1408
57.3398,-0,0,-0,0.336549,0.11965,0,0.0107379,0.449986,0.0341467,0.0261534,102.723,73.1408
57.4198,-0,0,-0,0.336549,0.11965,0,0.0107379,0.449986,0.0390512,0.0230868,102.723,73.1408
57.4998,-0,0,-0,0.336549,0.11965,0,0.0107379,0.449986,0.034322,0.0237487,102.723,73.1408
57.5797,-0,0,-0,0.336549,0.11965,0,0.0107379,0.449986,0.0351426,0.020347,102.723,73.1408
57.6597,-0,0,-0,0.336549,0.11965,0,0.0107379,0.449986,0.0359026,0.0196723,102.723,73.1408
57.7398,-0,0,-0,0.336549,0.11965,0,0.0107379,0.440147,0.0297993,0.0216333,102.723,73.1408
57.8198,-0,0,-0,0.336838,0.11965,0,0.0107379,0.449986,0.035623,0.0161864,102.723,73.1153
57.8998,-0,0,-0,0.336838,0.11965,0,0.0107379,0.449986,0.0313209,0.0211187,102.723,73.1153
57.9798,-0,0,-0,0.336838,0.11965,0,0.0107379,0.449986,0.0308221,0.0178045,102.723,73.1153
58.0597,-0,0,-0,0.336838,0.11965,0,0.0107379,0.449986,0.0305123,0.0125698,102.723,73.1153
58.1397,-0,0,-0,0.336838,0.11965,0,0.0107379,0.449986,0.0287402,0.0222935,102.723,73.1153
58.2197,-0,0,-0,0.336838,0.11965,0,0.0107379,0.448539,0.027313,0.0134907,102.723,73.1153
58.2998,-0,0,-0,0.336838,0.11965,0,0.0107379,0.44825,0.0283019,0.0136748,102.723,73.1153
58.3798,-0,0,-0,0.336838,0.11965,0,0.0107379,0.449986,0.0262488,0.0192614,102.723,73.1153
58.4598,-0,0,-0,0.336838,0.11965,0,0.0107379,0.449986,0.027313,0.00943398,102.723,73.1153
58.5397,-0,0,-0,0.336838,0.11965,0,0.0107379,0.449986,0.0287576,0.0156525,102.723,73.1153
58.6197,-0,0,-0,0.336838,0.11965,0,0.0107379,0.449986,0.025671,0.0128452,102.723,73.1153
58.6997,-0,0,-0,0.336838,0.11965,0,0.0107379,0.449986,0.0304138,0.0123693,102.723,73.1153
58.7797,-0,0,-0,0.336838,0.11965,0,0.0107379,0.449986,0.0266271,0.0117898,102.723,73.1153
58.8598,-0,0,-0,0.336838,0.11965,0,0.0107379,0.449986,0.0284429,0.00994987,102.723,73.1153
58.9397,-0,0,-0,0.336838,0.11965,0,0.0107379,0.449986,0.0276225,0.0144568,102.723,73.1153
59.0198,-0,0,-0,0.336838,0.11965,0,0.0107379,0.449986,0.0255734,0.0123693,102.723,73.1153
59.0997,-0,0,-0,0.336838,0.11965,0,0.0107379,0.449986,0.0273313,0.0130767,102.723,73.1153
59.1797,-0,0,-0,0.336838,0.11965,0,0.0107379,0.44796,0.0255539,0.011225,102.723,73.1153
59.2597,-0,0,-0,0.336838,0.11965,0,0.0107379,0.449697,0.025865,0.0148661,102.723,73.1153
59.3397,-0,0,-0,0.336838,0.11965,0,0.0107379,0.449986,0.0241661,0.012083,102.723,73.1153
59.4197,-0,0,-0,0.336838,0.11965,0,0.0107379,0.441594,0.0257682,0.0128841,102.723,73.1153
59.4997,-0,0,-0,0.336838,0.11965,0,0.0107379,0.449986,0.025632,0.0151658,102.723,73.1153
59.5797,-0,0,-0,0.336838,0.11965,0,0.0107379,0.449986,0.0245153,0.00866025,102.723,73.1153
59.6597,-0,0,-0,0.336838,0.11965,0,0.0107379,0.449986,0.0228473,0.0147648,102.723,73.1153
59.7397,-0,0,-0,0.336838,0.11965,0,0.0107379,0.449986,0.0242899,0.00943398,102.723,73.1153
59.8197,-0,0,-0,0.336838,0.11965,0,0.0107379,0.44825,0.0245153,0.0104403,102.723,73.1153
59.8997,-0,0,-0,0.336838,0.11965,0,0.0107379,0.44825,0.0229347,0.0147986,102.723,73.1153
59.9797,-0,0,-0,0.336838,0.11965,0,0.0107379,0.44796,0.0245153,0.00787401,102.723,73.1153
60.0597,-0,0,-0,0.336838,0.11965,0,0.0107379,0.44796,0.0262488,0.0141774,102.723,73.1153
60.1397,-0,0,-0,0.336549,0.11965,0,0.0107379,0.44796,0.0239583,0.0133417,102.723,73.1408
60.2197,-0,0,-0,0.336838,0.11965,0,0.0107379,0.449986,0.0236008,0.00830662,102.723,73.1153
60.2997,-0,0,-0,0.336838,0.11965,0,0.0107379,0.441883,0.0243721,0.0155242,102.723,73.1153
60.3797,-0,0,-0,0.336838,0.11965,0,0.0107379,0.440147,0.0246779,0.012083,102.723,73.1153
60.4597,-0,0,-0,0.336838,0.11965,0,0.0107379,0.44796,0.0242693,0.0107238,102.723,73.1153
60.5397,-0,0,-0,0.336838,0.11965,0,0.0107379,0.430597,0.0240416,0.0167631,102.723,73.1153
60.6197,-0,0,-0,0.336838,0.110447,0,0.0107379,0.25205,0.025318,0.00678233,102.723,73.1153
60.6996,-0,0,-0,0.336838,0.110447,0,0.0107379,0.00839202,0.0224499,0.0146287,102.723,73.1153
60.7796,-0,0,-0,0.335102,0.110447,0,0.0107379,0,0.024779,0.0108628,102.723,73.268
60.8596,-0,0,-0,0.311373,0.110447,0,0.0107379,0,0.0230434,0.00860232,102.723,75.3537
60.9397,-0,0,-0,0.250892,0.110447,0,0.0107379,0,0.0238537,0.0171464,102.723,80.6698
61.0196,-0,0,-0,0.17276,0.110447,0,0.0107379,0,0.0259615,0.00927362,102.723,87.5376
61.0996,-0,0,-0,0.0917335,0.110447,0,0.0107379,0,0.0292746,0.0147986,102.723,94.6596
61.1796,-0,0,-0,0.0309637,0.111981,0,0.0107379,0,0.0255734,0.0164012,102.723,100.001
61.2598,-0,0,-0,0.00347256,0.118117,0,0.0107379,0,0.029749,0.0129615,102.723,102.418
61.3396,-0,0,-0,0.0014469,0.110447,0,0.0107379,0,0.0272947,0.0168819,102.723,102.596
61.4196,-0,0,-0,0.00318318,0.110447,0,0.0107379,0,0.0287228,0.0171464,102.723,102.443
61.4996,-0,0,-0,0.00318318,0.110447,0,0.0107379,0,0.032187,0.0146969,102.723,102.443
61.5796,-0,0,-0,0.00318318,0.110447,0,0.0107379,0,0.0308221,0.0169115,102.723,102.443
61.6596,-0,0,-0,0.00318318,0.110447,0,0.0107379,0,0.0351141,0.0175784,102.723,102.443
61.7396,-0,0,-0,0.00318318,0.110447,0,0.0107379,0,0.0295804,0.0174929,102.723,102.443
61.8196,-0,0,-0,0.00318318,0.110447,0,0.0107379,0,0.0347994,0.0187083,102.723,102.443
61.8996,-0,0,-0,0.00318318,0.110447,0,0.0107379,0,0.0353836,0.0175499,102.723,102.443
61.9797,-0,0,-0,0.00318318,0.110447,0,0.0107379,0,0.0337194,0.0230217,102.723,102.443
62.0596,-0,0,-0,0.00318318,0.110447,0,0.0107379,0,0.0369865,0.0206155,102.723,102.443
62.1396,-0,0,-0,0.00318318,0.110447,0,0.0107379,0,0.0371618,0.0234307,102.723,102.443
62.2196,-0,0,-0,0.00318318,0.110447,0,0.0107379,0,0.0340734,0.0282312,102.723,102.443
62.2996,-0,0,-0,0.00318318,0.110447,0,0.0107379,0,0.0409145,0.022561,102.723,102.443
62.3796,-0,0,-0,0.00318318,0.110447,0,0.0107379,0,0.0424971,0.0310805,102.723,102.443
62.4596,-0,0,-0,0.00318318,0.110447,0,0.0107379,0,0.0380132,0.0299666,102.723,102.443
62.5396,-0,0,-0,0.00318318,0.110447,0,0.0107379,0,0.0457493,0.0257876,102.723,102.443
62.6196,-0,0,-0,0.00318318,0.110447,0,0.0107379,0,0.0417253,0.0345832,102.723,102.443
62.6996,-0,0,-0,0.00318318,0.110447,0,0.0107379,0,0.0437836,0.0291719,102.723,102.443
62.7796,-0,0,-0,0.00318318,0.110447,0,0.0107379,0,0.0444522,0.0336452,102.723,102.443
62.8596,-0,0,-0,0.00318318,0.110447,0,0.0107379,0,0.0450111,0.0329393,102.723,102.443
62.9396,-0,0,-0,0.00318318,0.110447,0.00115752,0.0107379,0,0.0503389,0.0345832,102.723,102.443
63.0196,-0,0,-0,0.00318318,0.110447,0,0.0107379,0,0.0478957,0.0391535,102.723,102.443
63.0996,-0,0,-0,0.00318318,0.110447,0,0.0107379,0,0.0478017,0.034176,102.723,102.443
63.1796,-0,0,-0,0.00318318,0.110447,0,0.0107379,0,0.0486724,0.0345688,102.723,102.443
63.2596,-0,0,-0,0.00318318,0.110447,0,0.0107379,0,0.0437035,0.0382361,102.723,102.443
63.3396,-0,0,-0,0.00318318,0.110447,0,0.0107379,0,0.0453542,0.0310644,102.723,102.443
63.4196,-0,0,-0,0.00318318,0.110447,0,0.0107379,0,0.0438748,0.0347131,102.723,102.443
63.4997,-0,0,-0,0.00318318,0.110447,0,0.0107379,0,0.0437035,0.0341467,102.723,102.443
63.5796,-0,0,-0,0.00318318,0.110447,0,0.0107379,0,0.0429302,0.0256125,102.723,102.443
63.6595,-0,0,-0,0.00318318,0.110447,0,0.0107379,0,0.0391024,0.0305941,102.723,102.443
63.7395,-0,0,-0,0.00318318,0.110447,0,0.0107379,0,0.0425793,0.0256125,102.723,102.443
63.8196,-0,0,-0,0.00318318,0.110447,0,0.0107379,0,0.0395727,0.0268701,102.723,102.443
63.8996,-0,0,-0,0.00318318,0.110447,0,0.0107379,0,0.0396611,0.0291719,102.723,102.443
63.9795,-0,0,-0,0.00318318,0.110447,0,0.0107379,0,0.0388587,0.0197231,102.723,102.443
64.0595,-0,0,-0,0.00318318,0.110447,0,0.0107379,0,0.0353412,0.0280891,102.723,102.443
64.1395,-0,0,-0,0.00318318,0.110447,0,0.0107379,0,0.0355246,0.020347,102.723,102.443
64.2196,-0,0,-0,0.00318318,0.110447,0,0.0107379,0,0.0380263,0.0205913,102.723,102.443
64.2996,-0,0,-0,0.00318318,0.110447,0,0.0107379,0,0.0342491,0.0233666,102.723,102.443
64.3795,-0,0,-0,0.00318318,0.110447,0,0.0107379,0,0.036524,0.0178045,102.723,102.443
64.4595,-0,0,-0,0.00318318,0.110447,0,0.0107379,0,0.033,0.0192354,102.723,102.443
64.5395,-0,0,-0,0.00318318,0.110447,0,0.0107379,0,0.0320156,0.0171464,102.723,102.443
64.6195,-0,0,-0,0.00318318,0.110447,0,0.0107379,0,0.035327,0.0192873,102.723,102.443
64.6995,-0,0,-0,0.00318318,0.110447,0,0.0107379,0,0.0292746,0.0197484,102.723,102.443
64.7795,-0,0,-0,0.00318318,0.110447,0,0.0107379,0,0.0329545,0.0135647,102.723,102.443
64.8595,-0,0,-0,0.00318318,0.110447,0,0.0107379,0,0.0303809,0.0198746,102.723,102.443
64.9395,-0,0,-0,0.00318318,0.110447,0,0.0107379,0,0.0288617,0.0145258,102.723,102.443
65.0195,-0,0,-0,0.00318318,0.110447,0,0.0107379,0,0.0313847,0.0114455,102.723,102.443
65.0995,-0,0,-0,0.00318318,0.110447,0,0.0107379,0,0.0250998,0.0160312,102.723,102.443
65.1795,-0,0,-0,0.00318318,0.110447,0,0.0107379,0,0.028,0.0100499,102.723,102.443
65.2596,-0,0,-0,0.00318318,0.110447,0,0.0107379,0,0.0265895,0.0151327,102.723,102.443
65.3396,-0,0,-0,0.00318318,0.110447,0,0.0107379,0,0.0262488,0.0175784,102.723,102.443
65.4195,-0,0,-0,0.00318318,0.110447,0,0.0107379,0,0.0268887,0.00994987,102.723,102.443
65.4995,-0,0,-0,0.00318318,0.110447,0,0.0107379,0,0.0257294,0.0145258,102.723,102.443
65.5795,-0,0,-0,0.00318318,0.110447,0,0.0107379,0,0.0262869,0.0142127,102.723,102.443
65.6595,-0,0,-0,0.00318318,0.110447,0,0.0107379,0,0.0302324,0.0123693,102.723,102.443
65.7395,-0,0,-0,0.00318318,0.110447,0,0.0107379,0,0.0262488,0.0168819,102.723,102.443
65.8195,-0,0,-0,0.00318318,0.110447,0,0.0107379,0,0.0257682,0.01,102.723,102.443
65.8994,-0,0,-0,0.00318318,0.110447,0,0.0107379,0,0.0261534,0.0148661,102.723,102.443
65.9795,-0,0,-0,0.00318318,0.110447,0,0.0107379,0,0.0244949,0.0127279,102.723,102.443
66.0595,-0,0,-0,0.00318318,0.110447,0,0.0107379,0,0.025865,0.00964365,102.723,102.443
66.1395,-0,0,-0,0.00318318,0.110447,0,0.0107379,0,0.0243721,0.0172337,102.723,102.443
66.2195,-0,0,-0,0.00318318,0.110447,0,0.0107379,0,0.0259808,0.00860232,102.723,102.443
66.2995,-0,0,-0,0.00318318,0.110447,0,0.0107379,0,0.0254165,0.00994987,102.723,102.443
66.3795,-0,0,-0,0.00318318,0.110447,0,0.0107379,0,0.0243516,0.0136015,102.723,102.443
66.4594,-0,0,-0,0.00318318,0.110447,0,0.0107379,0,0.0257876,0.00860232,102.723,102.443
66.5394,-0,0,-0,0.00318318,0.110447,0,0.0107379,0,0.0252587,0.0134164,102.723,102.443
66.6196,-0,0,-0,0.00318318,0.110447,0,0.0107379,0,0.0241661,0.0118743,102.723,102.443
66.6996,-0,0,-0,0.00318318,0.110447,0,0.0107379,0,0.0255539,0.011225,102.723,102.443
66.7795,-0,0,-0,0.00318318,0.110447,0,0.0107379,0,0.0224944,0.013,102.723,102.443
66.8596,-0,0,-0,0.00318318,0.110447,0,0.0107379,0,0.024779,0.007,102.723,102.443
66.9395,-0,0,-0,0.00318318,0.110447,0,0.0107379,0,0.0248797,0.0166733,102.723,102.443
67.0195,-0,0,-0,0.00318318,0.110447,0,0.0107379,0,0.02502,0.0118743,102.723,102.443
67.0994,-0,0,-0,0.00318318,0.110447,0,0.0107379,0,0.0245153,0.0067082,102.723,102.443
67.1795,-0,0,-0,0.00318318,0.110447,0,0.0107379,0,0.0237065,0.0149666,102.723,102.443
67.2594,-0,0,-0,0.00318318,0.110447,0,0.0107379,0,0.0246779,0.00916515,102.723,102.443
67.3395,-0,0,-0,0.00318318,0.110447,0,0.0107379,0,0.0236008,0.0108628,102.723,102.443
67.4194,-0,0,-0,0.00318318,0.110447,0,0.0107379,0,0.0234521,0.0155242,102.723,102.443
67.4994,-0,0,-0,0.00318318,0.110447,0,0.0107379,0,0.0230217,0.008,102.723,102.443
67.5794,-0,0,-0,0.00318318,0.110447,0,0.0107379,0,0.0233238,0.0129615,102.723,102.443
67.6594,-0,0,-0,0.00318318,0.110447,0,0.0107379,0,0.0255734,0.0136015,102.723,102.443
67.7394,-0,0,-0,0.00318318,0.110447,0,0.0107379,0,0.0279106,0.0114018,102.723,102.443
67.8194,-0,0,-0,0.00318318,0.110447,0,0.0107379,0,0.0270924,0.0172916,102.723,102.443
67.8994,-0,0,-0,0.00318318,0.110447,0,0.0107379,0,0.0241661,0.00948683,102.723,102.443
67.9794,-0,0,-0,0.00318318,0.110447,0,0.0107379,0,0.0308707,0.0150333,102.723,102.443
68.0594,-0,0,-0,0.00318318,0.110447,0,0.0107379,0,0.0267021,0.0176068,102.723,102.443
68.1394,-0,0,-0,0.00318318,0.110447,0,0.0107379,0,0.028,0.011,102.723,102.443
68.2194,-0,0,-0,0.00318318,0.110447,0,0.0107379,0,0.029,0.0161864,102.723,102.443
68.2994,-0,0,-0,0.00318318,0.110447,0,0.0107379,0,0.0297321,0.0152971,102.723,102.443
68.3794,-0,0,-0,0.00318318,0.110447,0,0.0107379,0,0.03245,0.0174356,102.723,102.443
68.4594,-0,0,-0,0.00318318,0.110447,0,0.0107379,0,0.0292746,0.0214709,102.723,102.443
68.5394,-0,0,-0,0.00318318,0.110447,0,0.0107379,0,0.033121,0.0177482,102.723,102.443
68.6195,-0,0,-0,0.00318318,0.110447,0,0.0107379,0,0.0355668,0.0224944,102.723,102.443
68.6995,-0,0,-0,0.00318318,0.110447,0,0.0107379,0,0.0355809,0.0245153,102.723,102.443
68.7794,-0,0,-0,0.00318318,0.110447,0,0.0107379,0,0.0390896,0.0187083,102.723,102.443
68.8594,-0,0,-0,0.00318318,0.110447,0,0.0107379,0,0.0379737,0.0267395,102.723,102.443
68.9394,-0,0,-0,0.00318318,0.110447,0,0.0107379,0,0.0392301,0.023,102.723,102.443
69.0194,-0,0,-0,0.00318318,0.110447,0,0.0107379,0,0.0374566,0.024454,102.723,102.443
69.0994,-0,0,-0,0.00318318,0.110447,0,0.0107379,0,0.0374967,0.0275318,102.723,102.443
69.1795,-0,0,-0,0.00318318,0.110447,0,0.0107379,0,0.0404599,0.0211896,102.723,102.443
69.2593,-0,0,-0,0.00318318,0.110447,0,0.0107379,0,0.0446878,0.0344529,102.723,102.443
69.3394,-0,0,-0,0.00318318,0.110447,0,0.0107379,0,0.0434281,0.0291376,102.723,102.443
69.4194,-0,0,-0,0.00318318,0.110447,0,0.0107379,0,0.0457165,0.0277489,102.723,102.443
69.4994,-0,0,-0,0.00318318,0.110447,0,0.0107379,0,0.0420595,0.0333017,102.723,102.443
69.5794,-0,0,-0,0.00318318,0.110447,0,0.0107379,0,0.0488057,0.0306594,102.723,102.443
69.6594,-0,0,-0,0.00318318,0.110447,0,0.0107379,0,0.0489592,0.0370675,102.723,102.443
69.7394,-0,0,-0,0.00318318,0.110447,0,0.0107379,0,0.0453982,0.0362629,102.723,102.443
69.8194,-0,0,-0,0.00318318,0.110447,0,0.0107379,0,0.0518748,0.0339706,102.723,102.443
69.8994,-0,0,-0,0.00318318,0.110447,0,0.0107379,0,0.0452217,0.0355949,102.723,102.443
69.9793,-0,0,-0,0.00318318,0.110447,0,0.0107379,0,0.046669,0.0306757,102.723,102.443
70.0594,-0,0,-0,0.00318318,0.110447,0,0.0107379,0,0.0474236,0.0310805,102.723,102.443
70.1393,-0,0,-0,0.00318318,0.110447,0,0.0107379,0,0.0425676,0.0323419,102.723,102.443
70.2193,-0,0,-0,0.00318318,0.110447,0,0.0107379,0,0.0442493,0.0263249,102.723,102.443
70.2994,-0,0,-0,0.00318318,0.110447,0,0.0107379,0,0.0393192,0.0305123,102.723,102.443
70.3794,-0,0,-0,0.00318318,0.110447,0,0.0107379,0,0.0473075,0.03245,102.723,102.443
70.4593,-0,0,-0,0.00318318,0.110447,0,0.0107379,0,0.0473075,0.03245,102.723,102.443
70.5393,-0,0,-0,0.00318318,0.110447,0,0.0107379,0,0.0473075,0.03245,102.723,102.443
