t,aa0,fe0,aa1,fe1,ctq0,ctq1,dtq0,dtq1
1.29771,0.03,0,0,0,0,0,-0,0
1.29777,0,0,0,0,3.63847e-41,0,5.1848e-44,0
1.29781,0,0,0,0,0,0,0,3.35036e-41
1.29783,0,0,0,0,3.63847e-41,0,7.42688e-44,0
1.31147,0,0,0,0,0,0,0,0
1.33554,-0,0,0,0,0,0,0,0
1.3594,0,0,0,0,0,0,0,0
1.38329,0,0,0,0,0,0,0,0
1.40714,0,0,0,0,0,0,0,0
1.43425,0,0,0,0,0,0,0,0
1.46139,0,0,0,0,0,0,0,0
1.48847,0,0,0,0,0,0,0,0
1.51562,0,0,0,0,0,0,0,0
1.54279,0,0,0,0,0,0,0,0
1.56984,0,0,0,0,0,0.99,0,0
1.59715,0,0,0,0,0,0.83,0,0
1.62424,0,0,0,0,0,0.5,0,0
1.65155,0,0,0,0,0,0,0,0
1.67541,0,0,0,0,0,0,0,0
1.70251,0,0,0,0,0,0,0,0
1.72965,0,0,0,0,0,0,0,0
1.75676,0,0,0,0,0,0,0,0
1.78386,0,0,0,0,0,0,0,0
1.81104,0,0,0,0,0,0,0,0
1.83816,0,0,0,0,0,0,0,0
1.86524,0,0,0,0,0,0,0,0
1.89238,0,0,0,0,0,0,0,0
1.91953,0,0,0,0,0,0,0,0
1.94659,-0,0,0,0,0,0,0,0
1.97375,-0,0,0,0,0,0,0,0
2.00085,0,0,0,0,0,0,0,0
2.02795,-0,0,0,0,0,0,0,0
2.05507,-0,0,0,0,0,0,0,0
2.08236,0,0,0,0,0,0,0,0
2.1095,0,0,0,0,0,0,0,0
2.13659,0,0,0,0,0,0,0,0
2.16376,-0,0,0,0,0,0,0,0
2.19086,-0,0,0,0,0,0,0,0
2.21812,0,0,0,0,0,0,0,0
2.24527,0,0,0,0,0,0,0,0
2.27236,-0,0,0,0,0,0,0,0
2.2995,-0,0,0,0,0,0,0,0
2.32659,-0,0,0,0,0,0,0,0
2.35376,0,0,0,0,0,0,0,0
2.38084,-0,0,0,0,0,0,0,0
2.40796,-0,0,0,0,0,0,0,0
2.43508,-0,0,0,0,0,0,0,0
2.46223,0,0,0,0,0,0,0,0
2.48932,0,0,0,0,0,0,0,0
2.51641,0,0,0,0,0,0,0,0
2.54365,0,0,0,0,0,0,0,0
2.57075,-0,0,0,0,0,0,0,0
2.5979,0,0,0,0,0,0,0,0
2.62493,0,0,0,0,0,0,0,0
2.64899,0,0,0,0,0,0,0,0
2.67285,-0,0,0,0,0,0,0,0
2.69995,0,0,0,0,0,0.5,0,0
2.72723,0,0,0,0,0,0.99,0,0
2.75109,0,0,0,0,0,0,0,0
2.77497,0,0,0,0,0,0,0,0
2.79887,0,0,0,0,0,0,0,0
2.82276,0,0,0,0,0,0,0,0
2.84999,0,0,0,0,0,0.99,0,0
2.87728,0,0,0,0,0,-0.17,0,0
2.90099,0,0,0,0,0,0,0,0
2.92488,0,0,0,0,0,0,0,0
2.95196,0,0,0,0,0,0,0,0
2.97929,0,0,0,0,0,0,0,0
3.00637,0,0,0,0,0,0,0,0
3.03351,0,0,0,0,0,0,0,0
3.06061,0,0,0,0,0,0,0,0
3.08791,0,0,0,0,0,0,0,0
3.11501,0,0,0,0,0,0,0,0
3.14214,0,0,0,0,0,0,0,0
3.16922,0,0,0,0,0,0,0,0
3.19637,0,0,0,0,0,0.99,0,0
3.22366,0,0,0,0,0,0.99,0,0
3.25077,0,0,0,0,0,0.5,0,0
3.27787,0,0,0,0,0,0,0,0
3.305,0,0,0.01,0,0,0,0,0
3.33209,0,0,0,0,0,0,0,0
3.35926,0,0,0,0,0,0,0,0
3.38651,0,0,0,0,0,0,0,0
3.4136,0,0,0,0,0,0,0,0
3.44076,0,0,0,0,0,0,0,0
3.46781,0,0,0,0,0,0,0,0
3.49495,0,0,0,0,0,0,0,0
3.52204,0,0,0,0,0,0,0,0
3.54933,0,0,0,0,0,0,0,0
3.57646,0,0,0,0,0,1.16,0,0
3.60376,0,0,0,0,0,1.16,0,0
3.63086,0,0,0,0,0,0.66,0,0
3.65809,0,0,0,0,0,0.17,0,0
3.68201,0,0,0,0,0,0,0,0
3.70579,0,0,0,0,0,0,0,0
3.72964,0,0,0,0,0,0,0,0
3.75686,0,0,0,0,0,1,0,0
3.78411,0,0,0,0,0,1.16,0,0
3.8114,0,0,0,0,0,0.66,0,0
3.83868,0,0,0,0,0,0.17,0,0
3.86254,0,0,0,0,0,0,0,0
3.88962,0,0,0,0,0,0,0,0
3.91679,0,0,0,0,0,1.16,0,0
3.94401,0,0,0,0,0,1,0,0
3.97123,0,0,0,0,0,1.67,0,0
3.99841,0,0,0,0,0,1.17,0,0
4.02225,0,0,0,0,0,0,0,0
4.04612,0,0,0,0,0,0,0,0
4.07,0,0,0,0,0,0,0,0
4.09389,0,0,0,0,0,0,0,0
4.12117,0,0,0,0,0,0.17,0,0
4.14502,0,0,0,0,0,0,0,0
4.1689,0,0,0,0,0,0,0,0
4.19297,0,0,-0.01,0,0,0,0,0
4.22006,0,0,0,0,0,0.83,0,0
4.24724,0,0,0,0,0,1,0,0
4.27457,0,0,0,0,0,0.5,0,0
4.30171,0,0,0,0,0,0,0,0
4.32902,0,0,0,0,0,-0.17,0,0
4.35612,0,0,0,0,0,0,0,0
4.38324,0,0,0,0,0,0,0,0
4.41028,0,0,0,0,0,0,0,0
4.43755,0,0,0,0,0,0,0,0
4.46468,0,0,0,0,0,0,0,0
4.49185,0,0,0,0,0,0,0,0
4.51889,0,0,0,0,0,0,0,0
4.5462,0,0,0,0,0,0,0,0
4.57331,0,0,0,0,0,0,0,0
4.60042,0,0,0,0,0,0,0,0
4.6276,0,0,0,0,0,0,0,0
4.65494,0,0,0,0,0,1.17,0,0
4.68203,0,0,0,0,0,0,0,0
4.70596,0,0,0,0,0,0,0,0
4.72984,0,0,0,0,0,0,0,0
4.75702,0,0,0,0,0,0.17,0,0
4.78416,0,0,0,0,0,0,0,0
4.81122,0,0,0,0,0,0,0,0
4.83835,0,0,0,0,0,0,0,0
4.86545,0,0,0,0,0,0,0,0
4.89252,0,0,0,0,0,0,0,0
4.91978,0,0,0,0,0,1.17,0,0
4.94703,0,0,0,0,0,1,0,0
4.9741,0,0,0,0,0,0.5,0,0
5.00138,0,0,0,0,0,0,0,0
5.02525,0,0,0,0,0,0,0,0
5.05229,0,0,0,0,0,0,0,0
5.07614,0,0,0,0,0,0,0,0
5.10349,0,0,0,0,0,0.17,0,0
5.13078,0,0,0,0,0,0.5,0,0
5.15801,0,0,-0.01,0,0,0.17,0,0
5.18188,0,0,0,0,0,0,0,0
5.20897,0,0,0,0,0,0,0,0
5.2361,0,0,0,0,0,0,0,0
5.26324,0,0,0,0,0,0,0,0
5.29052,0,0,0,0,0,0,0,0
5.3176,0,0,0,0,0,0,0,0
5.34485,0,0,0,0,0,0,0,0
5.36867,0,0,0,0,0,0,0,0
5.39253,0,0,0,0,0,0,0,0
5.41968,0,0,0,0,0,0.5,0,0
5.44353,0,0,0,0,0,0,0,0
5.4674,0,0,0,0,0,0,0,0
5.49449,0,0,0,0,0,1,0,0
5.52184,0,0,0,0,0,1.17,0,0
5.54906,0,0,0,0,0,0.67,0,0
5.57635,0,0,-0,0,0,0.17,0,0
5.6002,0,0,0,0,0,0,0,0
5.62748,0,0,0,0,0,0,0,0
5.6512,0,0,0,0,0,0,0,0
5.67525,0,0,0,0,0,0,0,0
5.70235,0,0,0,0,0,0.5,0,0
5.72953,0,0,0,0,0,1,0,0
5.75339,0,0,0,0,0,0,0,0
5.78071,0,0,0,0,0,0.33,0,0
5.80457,0,0,0,0,0,0,0,0
5.83166,0,0,0,0,0,0.33,0,0
5.85557,0,0,0,0,0,0,0,0
5.87943,0,0,0,0,0,0,0,0
5.9067,0,0,0,0,0,0.67,0,0
5.93048,0,0,0,0,0,0,0,0
5.95761,0,0,0,0,0,0.83,0,0
5.98506,0,0,0,0,0.33,1.17,0,0
6.00906,0,0,0,0,0,0,0,0
6.03627,0,0,0,0,0,0.33,0,0
6.06335,0,0,0,0,0,0.5,0,0
6.09061,0,0,0,0,0,0.17,0,0
6.1178,0,0,0,0,0,0,0,0
6.14525,0,0,0,0,0,0,0,0
6.17234,0,0,0,0,0,0,0,0
6.19948,0,0,0,0,0,0,0,0
6.22658,0,0,0,0,0,0,0,0
6.25386,0,0,0,0,0,0,0,0
6.28097,0,0,0,0,0,0,0,0
6.30806,0,0,0,0,0,0,0,0
6.33519,0,0,0,0,0,0,0,0
6.36248,0,0,0,0,0,0,0,0
6.38958,0,0,0,0,0,0,0,0
6.41666,0,0,0,0,0,0,0,0
6.44382,0,0,0,0,0,0,0,0
6.47096,0,0,0,0,0,0,0,0
6.49815,0,0,0,0,0,0,0,0
6.52523,0,0,0,0,0,0,0,0
6.55233,0,0,0,0,0,0,0,0
6.57624,0,0,0,0,0,0,0,0
6.60341,0,0,0,0,0,0,0,0
6.63062,0,0,0,0,0,0.5,0,0
6.65806,0,0,0,0,0,0.17,0,0
6.68168,0,0,0,0,0,0,0,0
6.70909,0,0,0,0,0,0,0,0
6.73617,0,0,0,0,0,0,0,0
6.7633,0,0,0,0,0,0,0,0
6.78717,0,0,0,0,0,0,0,0
6.81108,0,0,0,0,0,0,0,0
6.83497,0,0,0,0,0,0,0,0
6.859,0,0,0,0,0,0,0,0
6.88601,0,0,0,0,0,0.17,0,0
6.91313,0,0,0,0,0,0,0,0
6.94023,0,0,0,0,0,0,0,0
6.96735,0,0,0,0,0,0,0,0
6.99465,0,0,0,0,0,0,0,0
7.02173,0,0,0,0,0,0,0,0
7.04891,0,0,0,0,0,0.17,0,0
7.07594,0,0,0,0,0,0,0,0
7.10322,0,0,0,0,0,0.17,0,0
7.13031,0,0,0,0,0,0,0,0
7.15746,0,0,0,0,0,0,0,0
7.18473,0,0,0,0,0,0,0,0
7.2119,0,0,0,0,0,0,0,0
7.23895,0,0,0,0,0,0,0,0
7.26604,0,0,0,0,0,0,0,0
7.29311,0,0,0,0,0,0,0,0
7.32036,0,0,0,0,0,0,0,0
7.34745,0,0,0,0,0,0,0,0
7.37459,0,0,0,0,0,0,0,0
7.40069,0,0,0,0,-0.17,0,0,0
7.42126,0,0,-0,0,0,0,0,0
7.44189,0,0,0,0,0,0,0,0
7.46458,0,0,0,0,0,0,0,0
7.48521,0,0,0,0,0,0,0,0
7.5059,0,0,0,0,0,0,0,0
7.52666,0,0,0,0,0,0,0,0
7.54931,0,0,0,0,0,0,0,0
7.56998,0,0,0,0,0,0,0,0
7.59059,0,0,0,0,0,0,0,0
7.61121,0,0,0,0,0,0,0,0
7.63389,0,0,0,0,0,0,0,0
7.6545,0,0,0,0,0,0,0,0
7.67532,0,0,0,0,0,0,0,0
7.69801,0,0,0,0,0,0,0,0
7.71864,0,0,0,0,0,0,0,0
7.73926,0,0,0,0,0,0,0,0
7.76004,0,0,0,0,0,0,0,0
7.78255,0,0,0,0,0,0,0,0
7.80337,0,0,0,0,0,0,0,0
7.82399,0,0,0,0,0,0,0,0
7.8467,0,0,0,0,0,0,0,0
7.86732,0,0,0,0,0,0,0,0
7.88813,0,0,0,0,0,0,0,0
7.90881,0,0,0,0,0,0,0,0
7.92942,0,0,0,0,0,0,0,0
7.95209,0,0,0,0,0,0,0,0
7.9727,0,0,0,0,0,0,0,0
7.99337,0,0,0,0,0,0,0,0
8.01413,0,0,0,0,0,0,0,0
8.03665,0,0,0,0,0,0,0,0
8.05745,0,0,0,0,0,0,0,0
8.07808,0,0,0,0,0,0,0,0
8.10083,0,0,0,0,0,0,0,0
8.12142,0,0,0,0,0,0,0,0
8.14205,0,0,0,0,0,0,0,0
8.1628,0,0,0,0,0,0,0,0
8.18532,0,0,0,0,0,0,0,0
8.20614,0,0,0,0,0,0,0,0
8.22682,0,0,0,0,0,0,0,0
8.24927,0,0,0,0,0,0,0,0
8.27004,0,0,0,0,0,0,0,0
8.29069,0,0,0,0,0,0,0,0
8.31133,0,0,0,0,0,0,0,0
8.33198,0,0,0,0,0,0,0,0
8.35465,0,0,0,0,0,0,0,0
8.37526,0,0,0,0,0,0,0,0
8.39591,0,0,0,0,0,0,0,0
8.41655,0,0,0,0,0,0,0,0
8.43922,0,0,0,0,0,0,0,0
8.46004,0,0,0,0,0,0,0,0
8.48064,0,0,0,0,0,0,0,0
8.50332,0,0,0,0,0,0,0,0
8.52413,0,0,0,0,0,0,0,0
8.5448,0,0,0,0,0,0,0,0
8.56541,0,0,0,0,0,0,0,0
8.58808,0,0,0,0,0,0,0,0
8.60871,0,0,0,0,0,0,0,0
8.62937,0,0,0,0,0,0,0,0
8.65204,0,0,0,0,0,0,0,0
8.67264,0,0,0,0,0,0,0,0
8.69332,0,0,0,0,0,0,0,0
8.71408,0,0,0,0,0,0,0,0
8.73481,0,0,0,0,0,0,0,0
8.75741,0,0,0,0,0,0,0,0
8.77804,0,0,0,0,0,0,0,0
8.79885,0,0,0,0,0,0,0,0
8.81946,0,0,0,0,0,0,0,0
8.84213,0,0,0,0,0,0,0,0
8.86281,0,0,0,0,0,0,0,0
8.8836,0,0,0,0,0,0,0,0
8.90627,0,0,0,0,0,0,0,0
8.92691,0,0,0,0,0,0,0,0
8.9475,0,0,0,0,0,0,0,0
8.96814,0,0,0,0,0,0,0,0
8.99081,0,0,0,0,0,0,0,0
9.01146,0,0,0,0,0,0,0,0
9.03227,0,0,0,0,0,0,0,0
9.05495,0,0,0,0,0,0,0,0
9.0756,0,0,0,0,0,0,0,0
9.09622,0,0,0,0,0,0,0,0
9.11685,0,0,0,0,0,0,0,0
9.13764,0,0,0,0,0,0,0,0
9.16018,0,0,0,0,0,0,0,0
9.181,0,0,0,0,0,0,0,0
9.2016,0,0,0,0,0,0,0,0
9.22433,0,0,0,0,0,0,0,0
9.24496,0,0,0,0,0,0,0,0
9.26556,0,0,0,0,0,0,0,0
9.28619,0,0,0,0,0,0,0,0
9.30891,0,0,0,0,0,0,0,0
9.32961,0,0,0,0,0,0,0,0
9.35019,0,0,0,0,0,0,0,0
9.37282,0,0,0,0,0,0,0,0
9.39347,0,0,0,0,0,0,0,0
9.41434,0,0,0,0,0,0,0,0
9.43497,0,0,0,0,0,0,0,0
9.45747,0,0,0,0,0,0,0,0
9.47824,0,0,0,0,0,0,0,0
9.49887,0,0,0,0,0,0,0,0
9.51965,0,0,0,0,0,0,0,0
9.54028,0,0,0,0,0,0,0,0
9.56296,0,0,0,0,0,0,0,0
9.5836,0,0,0,0,0,0,0,0
9.60423,0,0,0,0,0,0,0,0
9.62696,0,0,0,0,0,0,0,0
9.64756,0,0,0,0,0,0,0,0
9.66818,0,0,0,0,0,0,0,0
9.689,0,0,0,0,0,0,0,0
9.71151,0,0,0,0,0,0,0,0
9.73234,0,0,0,0,0,0,0,0
9.75295,0,0,0,0,0,0,0,0
9.77565,0,0,0,0,0,0,0,0
9.79628,0,0,0,0,0,0,0,0
9.8169,0,0,0,0,0,0,0,0
9.83756,0,0,0,0,0,0,0,0
9.86029,0,0,0,0,0,0,0,0
9.8842,0,0,0,0.01,0,4.12,0,0
9.90824,0,0,0,0.02,0,5.33,0,0
9.93223,0,0,0,0.03,0,5.33,0,0
9.95814,0,0,0,0.04,0,5.33,0,-0.02
9.98219,0,0,0,0.05,0,5.33,0,-0.02
10.0062,0,0,0,0.05,0,6.54,0,-0.02
10.0322,0,0,0,0.06,0,10.01,0,-0.03
10.0562,0,0,0,0.08,0,15.77,0,-0.03
10.0803,0,0,0,0.09,0,19.28,0,-0.03
10.1064,0,0,0,0.11,0,22.62,0,-0.05
10.1304,0,0,0,0.12,0,25.08,0,-0.05
10.1545,0,0,0,0.12,0,22.62,0,-0.05
10.1804,0,0,0,0.14,0,30.9,0,-0.06
10.2044,0,0,0,0.14,0,30.9,0,-0.06
10.2286,0,0,0,0.16,0,31.96,0,-0.06
10.2547,0,0,0,0.18,0,35.49,0,-0.08
10.2788,0,0,0,0.19,0,37.78,0,-0.08
10.3028,0,0,0,0.2,0,42.54,0,-0.08
10.3269,0,0,0,0.2,0,43.59,0,-0.08
10.3531,0,0,0,0.21,0,43.59,0,-0.1
10.3772,0,0,0,0.21,0,42.54,0,-0.1
10.4012,0,0,0,0.21,0,40.07,0,-0.1
10.4275,0,0,0,0.22,0,44.65,0,-0.1
10.4515,0,0,0,0.23,0,49.74,0,-0.1
10.4756,0,0,0,0.24,0,49.22,0,-0.1
10.502,0,0,0,0.24,0,52.54,0,-0.1
10.5261,0,0,0,0.24,0,49.21,0,-0.1
10.5503,0,0,0,0.24,0,48.69,0,-0.1
10.5765,0,0,0,0.24,0,48.86,0,-0.08
10.6008,0,0,0,0.25,0,44.48,0,-0.08
10.6248,0,0,0,0.26,0,43.6,0,-0.08
10.6511,0,0,0,0.27,0,42.02,0,-0.06
10.6751,0,0,0,0.28,0,39.9,0,-0.06
10.6992,0,0,0,0.3,0,37.96,0,-0.06
10.7232,0,0,0,0.31,0,36.39,0,-0.06
10.7473,0,0,-0.01,0.31,0,38.98,0,-0.06
10.7735,0,0,0,0.31,0,37.24,0,-0.06
10.7975,0,0,-0,0.32,0,35.13,0,-0.06
10.8218,0,0,-0.01,0.34,0,38.36,0,-0.06
10.8478,0,0,0,0.35,0,40.06,0,-0.06
10.8719,0,0,0,0.36,0,42.04,0,-0.06
10.8961,0,0,-0,0.38,0,44.02,0,-0.06
10.9224,0,0,0,0.39,0,43.99,0,-0.07
10.9466,0,0,0,0.41,0,47.47,0,-0.07
10.9705,0,0,0,0.41,0,44.25,0,-0.07
10.9969,0,0,0,0.42,0,46.74,0,-0.08
11.021,0,0,0,0.44,0,50.04,0,-0.08
11.045,0,0,0,0.46,0,55.14,0,-0.08
11.0713,0,0,0,0.46,0,52.02,0,-0.11
11.0954,0,0,0,0.48,0,56.12,0,-0.11
11.1195,0,0,0,0.49,0,62.1,0,-0.11
11.1435,0,0,0,0.5,0,62.1,0,-0.11
11.1698,0,0,0,0.5,0,61.93,0,-0.13
11.194,0,0,0,0.51,0,61.42,0,-0.13
11.2179,0,0,0,0.51,0,63.5,0,-0.13
11.2439,0,0,0,0.51,0,61.42,0,-0.13
11.2679,0,0,0,0.51,0,60.39,0,-0.13
11.292,0,0,0,0.51,0,59.54,0,-0.13
11.3184,0,0,0,0.51,0,59.99,0,-0.11
11.3426,0,0,0,0.52,0,58.75,0,-0.11
11.3667,0,0,0,0.52,0,58.18,0,-0.11
11.393,0,0,0,0.53,0,57.33,0,-0.1
11.417,0,0,0,0.53,0,56.81,0,-0.1
11.441,0,0,0,0.54,0,57.63,0,-0.1
11.4674,0,0,0,0.55,0,57.57,0,-0.1
11.4915,0,0,0,0.56,0,56.93,0,-0.1
11.5156,0,0,0,0.57,0,58.07,0,-0.1
11.5395,0,0,0,0.57,0,59.09,0,-0.1
11.5658,0,0,0,0.58,0,59.85,0,-0.12
11.5898,0,0,0,0.59,0,61.2,0,-0.12
11.6138,0,0,0,0.59,0,60.87,0,-0.12
11.6401,0,0,0,0.59,0,61.78,0,-0.12
11.6642,0,0,0,0.59,0,61.45,0,-0.12
11.6883,0,0,0,0.59,0,61.45,0,-0.12
11.7146,0,0,0,0.59,0,61.45,0,-0.12
11.7386,0,0,0,0.59,0,61.45,0,-0.12
11.7627,0,0,0,0.59,0,61.45,0,-0.12
11.7889,0,0,0,0.59,0,61.45,0,-0.12
11.813,0,0,0,0.59,0,62.37,0,-0.12
11.837,0,0,0,0.6,0,62.37,0,-0.12
11.8633,0,0,0,0.6,0,62.37,0,-0.13
11.8873,0,0,0,0.6,0,62.53,0,-0.13
11.9114,0,0,0,0.6,0,62.37,0,-0.13
11.9354,0,0,0,0.6,0,62.37,0,-0.13
11.9617,0,0,0,0.6,0,62.37,0,-0.13
11.9857,0,0,0,0.6,0,62.37,0,-0.13
12.0098,0,0,0,0.6,0,62.37,0,-0.13
12.036,0,0,0,0.6,0,63.44,0,-0.13
12.0601,0,0,0,0.6,0,63.28,0,-0.13
12.0841,0,0,0,0.6,0,62.37,0,-0.13
12.1104,0,0,0,0.6,0,62.37,0,-0.13
12.1344,0,0,0,0.6,0,63.28,0,-0.13
12.1584,0,0,0,0.6,0,63.28,0,-0.13
12.1848,0,0,0,0.6,0,63.28,0,-0.13
12.2088,0,0,0,0.6,0,62.37,0,-0.13
12.2329,0,0,0,0.6,0,62.37,0,-0.13
12.2593,0,0,0,0.6,0,63.28,0,-0.13
12.2833,0,0,-0.01,0.6,0,63.44,0,-0.13
12.3074,0,0,0,0.59,0,60.53,0,-0.13
12.3314,0,0,0,0.59,0,60.53,0,-0.13
12.3577,0,0,0,0.59,0,59.61,0,-0.12
12.3818,0,0,0,0.59,0,60.7,0,-0.12
12.4058,0,0,0,0.59,0,60.53,0,-0.12
12.432,0,0,0,0.59,0,60.53,0,-0.12
12.4561,0,0,0,0.6,0,61.45,0,-0.12
12.4803,0,0,0,0.6,0,61.45,0,-0.12
12.5063,0,0,0,0.6,0,61.45,0,-0.13
12.5304,0,0,0,0.6,0,61.45,0,-0.13
12.5546,0,0,0,0.59,0,60.53,0,-0.13
12.5808,0,0,0,0.6,0,61.45,0,-0.12
12.6049,0,0,0,0.6,0,61.62,0,-0.12
12.6289,0,0,0,0.6,0,61.45,0,-0.12
12.6552,0,0,0,0.6,0,62.37,0,-0.13
12.6793,0,0,0,0.6,0,62.37,0,-0.13
12.7033,0,0,0,0.6,0,61.45,0,-0.13
12.7275,0,0,0,0.6,0,62.37,0,-0.13
12.7538,0,0,0,0.6,0,63.28,0,-0.13
12.7778,0,0,0,0.6,0,63.28,0,-0.13
12.8018,0,0,0,0.6,0,62.37,0,-0.13
12.8281,0,0,0,0.6,0,62.53,0,-0.13
12.8521,0,0,0,0.6,0,62.37,0,-0.13
12.8763,0,0,0,0.6,0,62.53,0,-0.13
12.9024,0,0,0,0.6,0,62.53,0,-0.13
12.9265,0,0,0,0.6,0,62.53,0,-0.13
12.9504,0,0,0,0.6,0,62.37,0,-0.13
12.9769,0,0,-0,0.6,0,63.28,0,-0.13
13.0009,0,0,0,0.6,0,62.37,0,-0.13
13.025,0,0,0,0.6,0,62.37,0,-0.13
13.0514,0,0,0,0.6,0,63.44,0,-0.13
13.0754,0,0,0,0.6,0,63.44,0,-0.13
13.0995,0,0,0,0.6,0,63.28,0,-0.13
13.1235,0,0,0,0.6,0,63.28,0,-0.13
13.1478,0,0,0,0.6,0,63.28,0,-0.13
13.174,0,0,0,0.6,0,63.28,0,-0.13
13.1981,0,0,0,0.61,0,65.09,0,-0.13
13.2221,0,0,0,0.61,0,65.09,0,-0.13
13.2484,0,0,0,0.61,0,65.09,0,-0.13
13.2725,0,0,0,0.61,0,65.09,0,-0.13
13.2965,0,0,0,0.61,0,65.09,0,-0.13
13.3226,0,0,0,0.61,0,65.09,0,-0.13
13.3466,0,0,0,0.61,0,65.09,0,-0.13
13.3707,0,0,0,0.61,0,65.09,0,-0.13
13.3969,0,0,0,0.61,0,65.09,0,-0.13
13.4209,0,0,0,0.61,0,65.09,0,-0.13
13.4449,0,0,0,0.61,0,65.09,0,-0.13
13.4711,0,0,0,0.61,0,65.09,0,-0.13
13.4952,0,0,0,0.61,0,65.09,0,-0.13
13.5192,0,0,0,0.61,0,65.09,0,-0.13
13.5432,0,0,0,0.6,0,63.28,0,-0.13
13.5695,0,0,0,0.6,0,63.28,0,-0.13
13.5935,0,0,0,0.6,0,63.28,0,-0.13
13.6176,0,0,0,0.6,0,64.19,0,-0.13
13.6438,0,0,0,0.6,0,63.28,0,-0.13
13.6678,0,0,0,0.6,0,64.19,0,-0.13
13.6919,0,0,0,0.6,0,63.28,0,-0.13
13.7182,0,0,0,0.6,0,63.28,0,-0.13
13.7423,0,0,0,0.6,0,63.28,0,-0.13
13.7663,0,0,0,0.6,0,63.28,0,-0.13
13.7926,0,0,0,0.6,0,63.44,0,-0.13
13.8166,0,0,0,0.6,0,63.28,0,-0.13
13.8407,0,0,0,0.6,0,63.28,0,-0.13
13.8671,0,0,0,0.6,0,63.28,0,-0.13
13.8911,0,0,-0.01,0.6,0,63.28,0,-0.13
13.9152,0,0,0,0.6,0,64.19,0,-0.13
13.9392,0,0,0,0.6,0,64.35,0,-0.13
13.9655,0,0,0,0.6,0,63.28,0,-0.13
13.9895,0,0,0,0.6,0,64.19,0,-0.13
14.0136,0,0,0,0.6,0,64.19,0,-0.13
14.0397,0,0,0,0.6,0,64.19,0,-0.13
14.0638,0,0,0,0.6,0,64.19,0,-0.13
14.0878,0,0,0,0.6,0,63.28,0,-0.13
14.1141,0,0,0,0.6,0,63.28,0,-0.13
14.1381,0,0,0,0.6,0,63.28,0,-0.13
14.1621,0,0,0,0.6,0,63.28,0,-0.13
14.1884,0,0,0,0.6,0,63.28,0,-0.13
14.2124,0,0,0,0.6,0,63.44,0,-0.13
14.2365,0,0,0,0.6,0,63.28,0,-0.13
14.2628,0,0,0,0.6,0,63.28,0,-0.13
14.2869,0,0,0,0.6,0,63.28,0,-0.13
14.3109,0,0,0,0.6,0,63.28,0,-0.13
14.3349,0,0,0,0.6,0,63.28,0,-0.13
14.3611,0,0,0,0.6,0,63.28,0,-0.13
14.3852,0,0,0,0.6,0,63.44,0,-0.13
14.4092,0,0,0,0.6,0,63.28,0,-0.13
14.4355,0,0,0,0.6,0,63.28,0,-0.13
14.4596,0,0,0,0.6,0,63.28,0,-0.13
14.4836,0,0,0,0.6,0,63.28,0,-0.13
14.5099,0,0,0,0.6,0,63.28,0,-0.13
14.5339,0,0,0,0.6,0,63.28,0,-0.13
14.5581,0,0,0,0.61,0,64.19,0,-0.13
14.5842,0,0,0,0.6,0,63.28,0,-0.13
14.6082,0,0,0,0.61,0,64.19,0,-0.13
14.6323,0,0,0,0.6,0,63.28,0,-0.13
14.6585,0,0,0,0.6,0,63.44,0,-0.13
14.6826,0,0,0,0.6,0,63.28,0,-0.13
14.7066,0,0,0,0.6,0,63.44,0,-0.13
14.7306,0,0,0,0.6,0,63.28,0,-0.13
14.7569,0,0,0,0.61,0,64.19,0,-0.13
14.781,0,0,-0,0.61,0,64.19,0,-0.13
14.8051,0,0,0,0.61,0,64.35,0,-0.13
14.8314,0,0,0,0.6,0,63.44,0,-0.13
14.8555,0,0,0,0.61,0,64.19,0,-0.13
14.8795,0,0,0,0.61,0,64.19,0,-0.13
14.9058,0,0,0,0.6,0,63.28,0,-0.13
14.9298,0,0,0,0.6,0,64.35,0,-0.13
14.9539,0,0,0,0.61,0,64.19,0,-0.13
14.9803,0,0,0,0.61,0,64.35,0,-0.13
15.0043,0,0,0,0.61,0,64.19,0,-0.13
15.0284,0,0,0,0.61,0,64.19,0,-0.13
15.0546,0,0,0,0.6,0,63.28,0,-0.13
15.0786,0,0,0,0.6,0,63.28,0,-0.13
15.1027,0,0,0,0.6,0,63.28,0,-0.13
15.1267,0,0,0,0.6,0,63.28,0,-0.13
15.153,0,0,0,0.6,0,63.28,0,-0.13
15.177,0,0,0,0.6,0,63.28,0,-0.13
15.2011,0,0,0,0.6,0,63.28,0,-0.13
15.2274,0,0,0,0.6,0,63.28,0,-0.13
15.2514,0,0,0,0.6,0,63.44,0,-0.13
15.2754,0,0,0,0.6,0,63.28,0,-0.13
15.3019,0,0,0,0.6,0,63.28,0,-0.13
15.326,0,0,0,0.6,0,63.44,0,-0.13
15.35,0,0,0,0.6,0,63.28,0,-0.13
15.3764,0,0,0,0.6,0,63.28,0,-0.13
15.4002,0,0,0,0.6,0,63.28,0,-0.13
15.4244,0,0,0,0.6,0,63.28,0,-0.13
15.4509,0,0,0,0.6,0,63.44,0,-0.13
15.4748,0,0,0,0.6,0,63.44,0,-0.13
15.499,0,0,0,0.6,0,63.44,0,-0.13
15.523,0,0,0,0.6,0,63.28,0,-0.13
15.5471,0,0,0,0.6,0,63.28,0,-0.13
15.5732,0,0,0,0.6,0,63.28,0,-0.13
15.5972,0,0,0,0.6,0,63.28,0,-0.13
15.6214,0,0,0,0.6,0,63.28,0,-0.13
15.6477,0,0,0,0.6,0,63.28,0,-0.13
15.6717,0,0,0,0.6,0,63.28,0,-0.13
15.6956,0,0,0,0.61,0,64.19,0,-0.13
15.7221,0,0,0,0.6,0,63.28,0,-0.13
15.7462,0,0,0,0.6,0,63.28,0,-0.13
15.7702,0,0,-0.01,0.61,0,64.19,0,-0.13
15.7965,0,0,0,0.6,0,63.28,0,-0.13
15.8204,0,0,0,0.6,0,63.44,0,-0.13
15.8444,0,0,0,0.6,0,63.28,0,-0.13
15.8705,0,0,0,0.6,0,63.28,0,-0.13
15.8948,0,0,0,0.6,0,63.28,0,-0.13
15.9189,0,0,0,0.6,0,63.28,0,-0.13
15.9429,-0,0,0,0.6,0,63.28,0,-0.13
15.9691,0,0,0,0.6,0,63.44,0,-0.13
15.9932,0,0,0,0.6,0,63.28,0,-0.13
16.0172,0,0,0,0.61,0,64.19,0,-0.13
16.0434,0,0,0,0.6,0,63.28,0,-0.13
16.0675,0,0,0.01,0.6,0,63.28,0,-0.13
16.0915,0,0,0,0.6,0,63.28,0,-0.13
16.1179,0,0,0,0.6,0,63.28,0,-0.13
16.1419,0,0,0,0.6,0,63.28,0,-0.13
16.1659,0,0,0,0.6,0,63.28,0,-0.13
16.1922,0,0,0,0.6,0,63.28,0,-0.13
16.2162,0,0,-0,0.61,0,64.19,0,-0.13
16.2404,0,0,0,0.6,0,63.44,0,-0.13
16.2667,0,0,0,0.6,0,63.28,0,-0.13
16.2906,0,0,0,0.6,0,63.28,0,-0.13
16.3147,0,0,0,0.6,0,63.28,0,-0.13
16.3387,0,0,0,0.6,0,63.28,0,-0.13
16.365,0,0,0,0.6,0,63.28,0,-0.13
16.389,0,0,0,0.6,0,63.28,0,-0.13
16.413,0,0,0,0.6,0,63.28,0,-0.13
16.4392,0,0,0,0.6,0,63.28,0,-0.13
16.4633,0,0,0,0.6,0,63.28,0,-0.13
16.4873,0,0,0,0.6,0,63.44,0,-0.13
16.5136,0,0,0,0.6,0,63.44,0,-0.13
16.5379,0,0,0,0.6,0,63.44,0,-0.13
16.562,0,0,0,0.6,0,63.28,0,-0.13
16.5879,0,0,0.01,0.6,0,63.28,0,-0.13
16.612,0,0,0,0.6,0,63.28,0,-0.13
16.6362,0,0,0,0.6,0,63.28,0,-0.13
16.6624,0,0,0,0.6,0,63.28,0,-0.13
16.6865,0,0,0,0.6,0,63.28,0,-0.13
16.7105,0,0,0,0.6,0,63.28,0,-0.13
16.7346,0,0,0,0.6,0,63.28,0,-0.13
16.7609,0,0,0,0.6,0,63.28,0,-0.13
16.7849,0,0,0,0.6,0,63.28,0,-0.13
16.8089,0,0,0,0.6,0,63.28,0,-0.13
16.835,0,0,0,0.6,0,63.28,0,-0.13
16.859,0,0,0,0.6,0,63.28,0,-0.13
16.8833,0,0,0.01,0.6,0,63.28,0,-0.13
16.9095,0,0,0,0.6,0,63.28,0,-0.13
16.9337,0,0,0,0.6,0,63.28,0,-0.13
16.9578,0,0,0,0.6,0,63.28,0,-0.13
16.984,0,0,0,0.6,0,63.28,0,-0.13
17.0082,0,0,0,0.6,0,63.44,0,-0.13
17.0324,0,0,0,0.6,0,63.28,0,-0.13
17.0586,0,0,0,0.6,0,63.28,0,-0.13
17.0827,0,0,0,0.6,0,63.44,0,-0.13
17.1067,0,0,0,0.61,0,64.35,0,-0.13
17.1307,0,0,0,0.6,0,63.28,0,-0.13
17.157,0,0,0,0.6,0,63.28,-0,-0.13
17.1812,0,0,0,0.6,0,63.28,-0,-0.13
17.2053,0,0,0.01,0.61,0,64.19,-0,-0.13
17.2317,0,0,0,0.6,0,63.28,-0,-0.13
17.2558,0,0,0,0.6,0,63.28,-0,-0.13
17.2799,0,0,0,0.6,0,63.28,-0,-0.13
17.3062,0,0,0,0.6,0,63.28,-0,-0.13
17.3301,0,0,0,0.6,0,63.28,-0,-0.13
17.3541,0,0,0,0.6,0,63.28,-0,-0.13
17.3805,0,0,0,0.6,0,63.28,-0,-0.13
17.4046,0,0,0,0.6,0,63.44,-0,-0.13
17.4288,0,0,0,0.6,0,63.28,-0,-0.13
17.4551,0,0,0,0.61,0,64.35,-0,-0.13
17.4791,0,0,0,0.6,0,63.44,-0,-0.13
17.5031,0,0,0,0.6,0,63.28,-0,-0.13
17.5272,0,0,0,0.6,0,63.44,-0,-0.13
17.5534,0,0,0,0.6,0,63.28,0,-0.13
17.5775,0,0,0,0.6,0,63.28,0,-0.13
17.6015,0,0,0,0.6,0,63.28,0,-0.13
17.6279,0,0,0,0.6,0,63.28,-0,-0.13
17.6519,0,0,0,0.6,0,63.44,-0,-0.13
17.6761,0,0,0,0.6,0,63.28,-0,-0.13
17.7023,0,0,0,0.6,0,63.28,-0,-0.13
17.7264,0,0,0,0.6,0,63.28,-0,-0.13
17.7504,0,0,0,0.6,0,63.28,-0,-0.13
17.7767,0,0,0,0.6,0,63.28,-0,-0.13
17.8009,0,0,0,0.6,0,63.44,-0,-0.13
17.8248,0,0,0,0.6,0,63.28,-0,-0.13
17.8511,0,0,0,0.6,0,63.28,-0,-0.13
17.8751,0,0,0,0.6,0,63.28,-0,-0.13
17.8992,0,0,0,0.6,0,63.28,-0,-0.13
17.9232,0,0,0,0.6,0,63.44,-0,-0.13
17.9473,0,0,0,0.6,0,63.28,-0,-0.13
17.9735,0,0,0,0.6,0,63.28,-0,-0.13
17.9975,0,0,0,0.6,0,63.28,-0,-0.13
18.0217,0,0,0,0.6,0,63.44,-0,-0.13
18.0481,0,0,0,0.6,0,63.28,-0,-0.13
18.0721,0,0,0,0.6,0,63.28,-0,-0.13
18.0962,0,0,0,0.6,0,63.44,-0,-0.13
18.1224,0,0,0,0.6,0,63.28,-0,-0.13
18.1465,0,0,0,0.6,0,63.28,-0,-0.13
18.1705,0,0,0,0.6,0,63.28,-0,-0.13
18.1968,0,0,0,0.6,0,63.28,-0,-0.13
18.2208,0,0,0,0.6,0,62.37,-0,-0.13
18.2449,0,0,0,0.6,0,63.44,-0,-0.13
18.2711,0,0,0,0.6,0,63.28,-0,-0.13
18.2953,0,0,0,0.6,0,63.28,-0,-0.13
18.3194,0,0,0,0.61,0,64.19,-0,-0.13
18.3434,0,0,0,0.6,0,63.28,-0,-0.13
18.3697,0,0,0,0.6,0,63.28,-0,-0.13
18.3937,0,0,0,0.6,0,63.28,-0,-0.13
18.4177,0,0,0,0.6,0,63.28,-0,-0.13
18.444,0,0,0,0.6,0,63.28,-0,-0.13
18.4681,0,0,0.01,0.6,0,63.28,-0,-0.13
18.4921,0,0,0,0.6,0,63.28,-0,-0.13
18.5185,0,0,0,0.6,0,63.28,-0,-0.13
18.5425,0,0,0,0.6,0,63.28,-0,-0.13
18.5666,0,0,0,0.6,0,63.28,-0,-0.13
18.5928,0,0,0,0.6,0,63.28,-0,-0.13
18.6168,0,0,0,0.6,0,63.28,-0,-0.13
18.6409,0,0,0,0.6,0,63.28,-0,-0.13
18.6674,0,0,0,0.6,0,63.28,-0,-0.13
18.6914,0,0,0,0.6,0,63.28,-0,-0.13
18.7155,0,0,0.01,0.6,0,63.28,-0,-0.13
18.7397,0,0,0,0.6,0,63.28,-0,-0.13
18.766,0,0,0,0.6,0,63.28,-0,-0.13
18.7898,0,0,0,0.6,0,63.28,-0,-0.13
18.8137,0,0,0,0.6,0,63.28,-0,-0.13
18.8399,0,0,0,0.6,0,63.28,-0,-0.13
18.864,0,0,0,0.6,0,63.28,-0,-0.13
18.8882,0,0,0,0.6,0,63.44,-0,-0.13
18.9145,0,0,0,0.6,0,63.28,-0,-0.13
18.9383,0,0,0,0.6,0,63.28,-0,-0.13
18.9625,0,0,0,0.6,0,63.28,-0,-0.13
18.9888,0,0,0,0.6,0,63.28,-0,-0.13
19.0129,0,0,0,0.6,0,63.28,-0,-0.13
19.0369,0,0,0,0.6,0,63.28,-0,-0.13
19.0631,0,0,0,0.6,0,63.28,-0,-0.13
19.0874,0,0,0,0.6,0,63.28,-0,-0.13
19.1114,0,0,0,0.6,0,63.28,-0,-0.13
19.1355,0,0,0,0.6,0,63.28,-0,-0.13
19.1617,0,0,0,0.6,0,63.28,-0,-0.13
19.1856,0,0,0,0.6,0,63.28,-0,-0.13
19.2096,0,0,0,0.6,0,63.28,-0,-0.13
19.2359,0,0,0,0.6,0,63.28,-0,-0.13
19.2601,0,0,0,0.6,0,63.44,-0,-0.13
19.2841,0,0,0.01,0.6,0,63.28,-0,-0.13
19.3104,0,0,0,0.6,0,63.28,-0,-0.13
19.3345,0,0,0,0.6,0,63.28,-0,-0.13
19.3585,0,0,0,0.6,0,63.28,-0,-0.13
19.3848,0,0,0,0.6,0,63.28,-0,-0.13
19.4088,0,0,0,0.6,0,63.28,-0,-0.13
19.4329,0,0,0,0.6,0,63.28,-0,-0.13
19.4591,0,0,0,0.6,0,63.28,-0,-0.13
19.4832,0,0,0,0.6,0,63.28,-0,-0.13
19.5072,0,0,0,0.6,0,63.28,-0,-0.13
19.5312,0,0,-0,0.61,0,64.35,-0,-0.13
19.5575,0,0,0,0.6,0,63.28,-0,-0.13
19.5815,0,0,0.01,0.6,0,63.28,-0,-0.13
19.6056,0,0,-0.01,0.6,0,63.28,-0,-0.13
19.6319,0,0,0,0.6,0,63.28,-0,-0.13
19.6561,0,0,0,0.6,0,62.53,-0,-0.13
19.6801,0,0,0,0.6,0,63.28,-0,-0.13
19.7064,0,0,0,0.6,0,63.28,-0,-0.13
19.7304,0,0,0,0.6,0,63.44,-0,-0.13
19.7545,0,0,0,0.6,0,63.28,-0,-0.13
19.7807,0,0,0,0.59,0,61.45,-0,-0.13
19.805,0,0,0,0.6,0,62.37,-0,-0.13
19.829,0,0,0,0.6,0,62.53,-0,-0.13
19.8554,0,0,0,0.59,0,63.28,-0,-0.13
19.8795,0,0,0.01,0.6,0,64.19,-0,-0.13
19.9035,0,0,0,0.58,0,59.78,-0,-0.13
19.9277,0,0,0,0.6,0,64.35,-0,-0.13
19.954,0,0,0,0.58,0,57.76,-0,-0.13
19.978,0,0,0,0.56,0,53.07,-0,-0.13
20.0022,0,0,0,0.54,0,49.26,-0,-0.13
20.0285,0,0,0,0.52,0,41.17,-0,-0.1
20.0525,0,0,0,0.51,0,41.34,-0,-0.1
20.0765,0,0,0,0.47,0,32.08,-0,-0.1
20.1028,0,0,0,0.43,0,20.41,0,-0.06
20.1269,0,0,0,0.42,0,18.36,0,-0.06
20.1509,0,0,0,0.4,0,15.1,0,-0.06
20.1772,0,0,0,0.38,0,9.57,0,-0.03
20.2011,0,0,0,0.35,0,7.31,0,-0.03
20.2219,0,0,0,0.31,0,0,0,-0.03
20.2425,0,0,0,0.3,0,0,0,-0.03
20.2654,0,0,0,0.27,0,0,0,0.03
20.286,0,0,0,0.23,0,0,0,0.03
20.3068,0,0,0,0.18,0,0,0,0.03
20.3274,0,0,0,0.13,0,0,0,0.03
20.3503,0,0,0,0.1,0,0,0,0.11
20.371,0,0,0,0.07,0,0,0,0.11
20.3917,0,0,0,0.05,0,0,0,0.11
20.4124,0,0,0,0.02,0,0,0,0.11
20.4352,0,0,0,0,0,0,0,0.17
20.4559,0,0,0,0,0,0,0,0.17
20.4767,0,0,0,0,0,0,0,0.17
20.4995,0,0,0,0,0,0,0,0.18
20.5203,0,0,0,0,0,0,0,0.18
20.5409,0,0,0,0,0,0,0,0.18
20.5616,0,0,0,0,0,0,0,0.18
20.5846,0,0,0,0,0,0,0,0.18
20.6053,0,0,0,0,0,0,0,0.18
20.6259,0,0,0,0,0,0,0,0.18
20.6489,0,0,0,0,0,0,0,0.16
20.6696,0,0,0,0,0,0,0,0.16
20.6902,0,0,0,0,0,0,0,0.16
20.7109,0,0,0.01,0,0,0,0,0.16
20.7315,0,0,0,0,0,0,0,0.16
20.7543,0,0,0,0,0,0,0,0.13
20.775,0,0,0,0,0,0,0,0.13
20.7956,0,0,0,0,0,0,0,0.13
20.8164,0,0,0,0,0,0,0,0.13
20.8392,0,0,0,0,0,0,0,0.09
20.8599,0,0,0,0,0,0,0,0.09
20.8805,0,0,0,0,0,0,0,0.09
20.9034,0,0,0,0,0,0,0,0.05
20.924,0,0,0,0,0,0,0,0.05
20.9447,0,0,0,0,0,0,0,0.05
20.9653,0,0,0,0,0,0,0,0.05
20.9883,0,0,0,0,0,0,0,0.02
21.0089,0,0,0,0,0,0,0,0.02
21.0297,0,0,0,0,0,0,0,0.02
21.0526,0,0,0,0,0,0,0,0
21.0732,0,0,0,0,0,0,0,0
21.094,0,0,0,0,0,0,0,0
21.1146,0,0,0,0,0,0,0,0
21.1353,0,0,0,0,0,0,0,0
21.1581,0,0,0,0,0,0,0,0
21.1789,0,0,0,0,0,0,0,0
21.1996,0,0,0,0,0,0,0,0
21.2226,0,0,0,0,0,0,0,0
21.2434,0,0,0,0,0,0,0,0
21.264,0,0,0,0,0,0,0,0
21.2846,0,0,0,0,0,0,0,0
21.3078,0,0,0,0,0,0,0,0
21.3284,0,0,0,0,0,0,0,0
21.3491,0,0,0,0,0,0,0,0
21.3728,0,0,0,0,0,0,0,0
21.3934,0,0,0,0,0,0,0,0
21.414,0,0,0,0,0,0,0,0
21.4348,0,0,0,0,0,0,0,0
21.4577,0,0,0,0,0,0,0,0
21.4783,0,0,0,0,0,0,0,0
21.4991,0,0,0,0,0,0,0,0
21.5198,0,0,0,0,0,0,0,0
21.5404,0,0,0,0,0,0,0,0
21.5634,0,0,0,0,0,0,0,0
21.5841,0,0,0,0,0,0,0,0
21.6046,0,0,0,0,0,0,0,0
21.6275,0,0,0,0,0,0,0,0
21.6481,0,0,0,0,0,0,0,0
21.6688,0,0,0,0,0,0,0,0
21.6894,0,0,0,0,0,0,0,0
21.7124,0,0,0,0,0,0,0,0
21.7331,0,0,0,0,0,0,0,0
21.754,0,0,0,0,0,0,0,0
21.777,0,0,0,0,0,0,0,0
21.7976,0,0,0,0,0,0,0,0
21.8183,0,0,0,0,0,0,0,0
21.8389,0,0,0,0,0,0,0,0
21.8619,0,0,0,0,0,0,0,0
21.8825,0,0,0,0,0,0,0,0
21.9032,0,0,0,0,0,0,0,0
21.924,0,0,0,0,0,0,0,0
21.9479,0,0,0,0,0,0,0,0
21.9685,0,0,0,0,0,0,0,0
21.989,0,0,0,0,0,0,0,0
22.0097,0,0,0,0,0,0,0,0
22.0325,0,0,0,0,0,0,0,0
22.0533,0,0,0,0,0,0,0,0
22.0739,0,0,0,0,0,0,0,0
22.0976,0,0,0,0,0,0,0,0
22.1184,0,0,0,0,0,0,0,0
22.139,0,0,0,0,0,0,0,0
22.1596,0,0,0,0,0,0,0,0
22.1826,0,0,0,0,0,0,0,0
22.2032,0,0,0,0,0,0,0,0
22.2238,0,0,0,0,0,0,0,0
22.2477,0,0,0,0,0,0,0,0
22.2683,0,0,0,0,0,0,0,0
22.2889,0,0,0,0,0,0,0,0
22.3096,0,0,0,0,0,0,0,0
22.3302,0,0,0,0,0,0,0,0
22.3532,0,0,0,0,0,0,0,0
22.3739,0,0,0,0,0,0,0,0
22.3945,0,0,0,0,0,0,0,0
22.4151,0,0,0,0,0,0,0,0
22.4382,0,0,0,0,0,0,0,0
22.4588,0,0,0,0,0,0,0,0
22.4794,0,0,0,0,0,0,0,0
22.5024,0,0,0,0,0,0,0,0
22.5231,0,0,0,0,0,0,0,0
22.5438,0,0,0,0,0,0,0,0
22.5646,0,0,0,0,0,0,0,0
22.5875,0,0,0,0,0,0,0,0
22.6081,0,0,0,0,0,0,0,0
22.6289,0,0,0,0,0,0,0,0
22.6519,0,0,0,0,0,0,0,0
22.6725,0,0,0,0,0,0,0,0
22.6932,0,0,0,0,0,0,0,0
22.7138,0,0,0,0,0,0,0,0
22.7344,0,0,0,0,0,0,0,0
22.7574,0,0,0,0,0,0,0,0
22.7781,0,0,0,0,0,0,0,0
22.7988,0,0,0,0,0,0,0,0
22.8194,0,0,0,0,0,0,0,0
22.8424,0,0,0,0,0,0,0,0
22.8631,0,0,0,0,0,0,0,0
22.8838,0,0,0,0,0,0,0,0
22.9068,0,0,0,0,0,0,0,0
22.9273,0,0,0,0,0,0,0,0
22.9481,0,0,0,0,0,0,0,0
22.9687,0,0,0,0,0,0,0,0
22.9918,0,0,0,0,0,0,0,0
23.0124,0,0,0,0,0,0,0,0
23.0331,0,0,0,0,0,0,0,0
23.056,0,0,0,0,0,0,0,0
23.0766,0,0,0,0,0,0,0,0
23.0973,0,0,0,0,0,0,0,0
23.1179,0,0,0,0,0,0,0,0
23.1386,0,0,0,0,0,0,0,0
23.1615,0,0,0,0,0,0,0,0
23.1823,0,0,0,0,0,0,0,0
23.2029,0,0,0,0,0,0,0,0
23.2259,0,0,0,0,0,0,0,0
23.2465,0,0,0,0,0,0,0,0
23.2671,0,0,0,0,0,0,0,0
23.2879,0,0,0,0,0,0,0,0
23.3109,0,0,0,0,0,0,0,0
23.3316,0,0,0,0,0,0,0,0
23.3523,0,0,0,0,0,0,0,0
23.3752,0,0,0,0,0,0,0,0
23.3958,0,0,0,0,0,0,0,0
23.4166,0,0,0,0,0,0,0,0
23.4374,0,0,0,0,0,0,0,0
23.4604,0,0,0,0,0,0,0,0
23.4811,0,0,0,0,0,0,0,0
23.5017,0,0,0,0,0,0,0,0
23.5223,0,0,0,0,0,0,0,0
23.5429,0,0,0,0,0,0,0,0
23.566,0,0,0,0,0,0,0,0
23.5866,0,0,0,0,0,0,0,0
23.6074,0,0,0,0,0,0,0,0
23.6302,0,0,0,0,0,0,0,0
23.6511,0,0,0,0,0,0,0,0
23.6717,0,0,0,0,0,0,0,0
23.6923,0,0,0,0,0,0,0,0
23.7153,0,0,0,0,0,0,0,0
23.736,0,0,0,0,0,0,0,0
23.7566,0,0,0,0,0,0,0,0
23.7796,0,0,0,0,0,0,0,0
23.8002,0,0,0,0,0,0,0,0
23.8209,0,0,0,0,0,0,0,0
23.8417,0,0,0,0,0,0,0,0
23.8647,0,0,0,0,0,0,0,0
23.8853,0,0,0,0,0,0,0,0
23.9059,0,0,0,0,0,0,0,0
23.9268,0,0,0,0,0,0,0,0
23.9498,0,0,0,0,0,0,0,0
23.9704,0,0,0,0,0,0,0,0
23.991,0,0,0,0,0,0,0,0
24.0118,0,0,0,0,0,0,0,0
24.0347,0,0,0,0,0,0,0,0
24.0554,0,0,0,0,0,0,0,0
24.0763,0,0,0,0,0,0,0,0
24.0993,0,0,0,0,0,0,0,0
24.1199,0,0,0,0,0,0,0,0
24.1405,0,0,0,0,0,0,0,0
24.1613,0,0,0,0,0,0,0,0
24.1842,0,0,0,0,0,0,0,0
24.205,0,0,0,0,0,0,0,0
24.2256,0,0,0,0,0,0,0,0
24.2487,0,0,0,0,0,0,0,0
24.2693,0,0,0,0,0,0,0,0
24.2899,0,0,0,0,0,0,0,0
24.3107,0,0,0,0,0,0,0,0
24.3314,0,0,0,0,0,0,0,0
24.3542,0,0,0,0,0,0,0,0
24.375,0,0,0,0,0,0,0,0
24.3957,0,0,0,0,0,0,0,0
24.4163,0,0,0,0,0,0,0,0
24.4393,0,0,0,0,0,0,0,0
24.4599,0,0,0,0,0,0,0,0
24.4805,0,0,0,0,0,0,0,0
24.5036,0,0,0,0,0,0,0,0
24.5241,0,0,0,0,0,0,0,0
24.5449,0,0,0,0,0,0,0,0
24.5655,0,0,0,0,0,0,0,0
24.5885,0,0,0,0,0,0,0,0
24.6092,0,0,0,0,0,0,0,0
24.6298,0,0,0,0,0,0,0,0
24.6528,0,0,0,0,0,0,0,0
24.6735,0,0,0,0,0,0,0,0
24.6941,0,0,0,0,0,0,0,0
24.7149,0,0,0,0,0,0,0,0
24.7355,0,0,0,0,0,0,0,0
24.7584,0,0,0,0,0,0,0,0
24.7792,0,0,0,0,0,0,0,0
24.7998,0,0,0,0,0,0,0,0
24.8228,0,0,0,0,0,0,0,0
24.8435,0,0,0,0,0,0,0,0
24.8641,0,0,0,0,0,0,0,0
24.8849,0,0,0,0,0,0,0,0
24.9078,0,0,0,0,0,0,0,0
24.9284,0,0,0,0,0,0,0,0
24.9492,0,0,0,0,0,0,0,0
24.9726,0,0,0,0,0,0,0,0
24.9934,0,0,0,0,0,0,0,0
25.014,0,0,0,0,0,0,0,0
25.0346,0,0,0,0,0,0,0,0
25.0577,0,0,0,0,0,0,0,0
25.0783,0,0,0,0,0,0,0,0
25.0989,0,0,0,0,0,0,0,0
25.1196,0,0,0,0,0,0,0,0
25.1404,0,0,0,0,0,0,0,0
25.1632,0,0,0,0,0,0,0,0
25.184,0,0,0,0,0,0,0,0
25.2047,0,0,0,0,0,0,0,0
25.2275,0,0,0,0,0,0,0,0
25.2483,0,0,0,0,0,0,0,0
25.2689,0,0,0,0,0,0,0,0
25.2896,0,0,0,0,0,0,0,0
25.3126,0,0,0,0,0,0,0,0
25.3332,0,0,0,0,0,0,0,0
25.354,0,0,0,0,0,0,0,0
25.3771,0,0,0,0,0,0,0,0
25.3977,0,0,0,0,0,0,0,0
25.4183,0,0,0,0,0,0,0,0
25.439,0,0,0,0,0,0,0,0
25.462,0,0,0,0,0,0,0,0
25.4826,0,0,0,0,0,0,0,0
25.5035,0,0,0,0,0,0,0,0
25.5241,0,0,0,0,0,0,0,0
25.5478,0,0,0,0,0,0,0,0
25.5684,0,0,0,0,0,0,0,0
25.589,0,0,0,0,0,0,0,0
25.6097,0,0,0,0,0,0,0,0
25.6327,0,0,0,0,0,0,0,0
25.6535,0,0,0,0,0,0,0,0
25.6741,0,0,0,0,0,0,0,0
25.6977,0,0,0,0,0,0,0,0
25.7183,0,0,0,0,0,0,0,0
25.739,0,0,0,0,0,0,0,0
25.7598,0,0,0,0,0,0,0,0
25.7826,0,0,0,0,0,0,0,0
25.8034,0,0,0,0,0,0,0,0
25.8241,0,0,0,0,0,0,0,0
25.8478,0,0,0,0,0,0,0,0
25.8684,0,0,0,0,0,0,0,0
25.889,0,0,0,0,0,0,0,0
25.9097,0,0,0,0,0,0,0,0
25.9303,0,0,0,0,0,0,0,0
25.9533,0,0,0,0,0,0,0,0
25.974,0,0,0,0,0,0,0,0
25.9946,0,0,0,0,0,0,0,0
26.0154,0,0,0,0,0,0,0,0
26.038,0,0,0,0,0,0,0,0
26.0586,0,0,0,0,0,0,0,0
26.0794,0,0,0,0,0,0,0,0
26.1019,0,0,0,0,0,0,0,0
26.1227,0,0,0,0,0,0,0,0
26.1433,0,0,0,0,0,0,0,0
26.164,0,0,0,0,0,0,0,0
26.1866,0,0,0,0,0,0,0,0
26.2073,0,0,0,0,0,0,0,0
26.2279,0,0,0,0,0,0,0,0
26.2506,0,0,0,0,0,0,0,0
26.2713,0,0,0,0,0,0,0,0
26.292,0,0,0,0,0,0,0,0
26.3126,0,0,0,0,0,0,0,0
26.3332,0,0,0,0,0,0,0,0
26.356,0,0,0,0,0,0,0,0
26.3766,0,0,0,0,0,0,0,0
26.3972,0,0,0,0,0,0,0,0
26.418,0,0,0,0,0,0,0,0
26.4407,0,0,0,0,0,0,0,0
26.4613,0,0,0,0,0,0,0,0
26.482,0,0,0,0,0,0,0,0
26.5047,0,0,0,0,0,0,0,0
26.5253,0,0,0,0,0,0,0,0
26.5461,0,0,0,0,0,0,0,0
26.5665,0,0,0,0,0,0,0,0
26.5892,0,0,0,0,0,0,0,0
26.6099,0,0,0,0,0,0,0,0
26.6305,0,0,0,0,0,0,0,0
26.6532,0,0,0,0,0,0,0,0
26.6738,0,0,0,0,0,0,0,0
26.6945,0,0,0,0,0,0,0,0
26.7153,0,0,0,0,0,0,0,0
26.736,0,0,0,0,0,0,0,0
26.7586,0,0,0,0,0,0,0,0
26.7792,0,0,0,0,0,0,0,0
26.8001,0,0,0,0,0,0,0,0
26.8227,0,0,0,0,0,0,0,0
26.8433,0,0,0,0,0,0,0,0
26.864,0,0,0,0,0,0,0,0
26.8848,0,0,0,0,0,0,0,0
26.9072,0,0,0,0,0,0,0,0
26.9281,0,0,0,0,0,0,0,0
26.9487,0,0,0,0,0,0,0,0
26.9693,0,0,0,0,0,0,0,0
26.9921,0,0,0,0,0,0,0,0
27.0126,0,0,0,0,0,0,0,0
27.0332,0,0,0,0,0,0,0,0
27.0559,0,0,0,0,0,0,0,0
27.0767,0,0,0,0,0,0,0,0
27.0973,0,0,0,0,0,0,0,0
27.118,0,0,0,0,0,0,0,0
27.1385,0,0,0,0,0,0,0,0
27.1613,0,0,0,0,0,0,0,0
27.182,0,0,0,0,0,0,0,0
27.2027,0,0,0,0,0,0,0,0
27.2254,0,0,0,0,0,0,0,0
27.2461,0,0,0,0,0,0,0,0
27.2667,0,0,0,0,0,0,0,0
27.2875,0,0,0,0,0,0,0,0
27.3102,0,0,0,0,0,0,0,0
27.3308,0,0,0,0,0,0,0,0
27.3514,0,0,0,0,0,0,0,0
27.3741,0,0,0,0,0,0,0,0
27.3947,0,0,0,0,0,0,0,0
27.4155,0,0,0,0,0,0,0,0
27.4362,0,0,0,0,0,0,0,0
27.4589,0,0,0,0,0,0,0,0
27.4796,0,0,0,0,0,0,0,0
27.5003,0,0,0,0,0,0,0,0
27.5209,0,0,0,0,0,0,0,0
27.5416,0,0,0,0,0,0,0,0
27.5643,0,0,0,0,0,0,0,0
27.5848,0,0,0,0,0,0,0,0
27.6055,0,0,0,0,0,0,0,0
27.6282,0,0,0,0,0,0,0,0
27.6489,0,0,0,0,0,0,0,0
27.6697,0,0,0,0,0,0,0,0
27.6903,0,0,0,0,0,0,0,0
27.7129,0,0,0,0,0,0,0,0
27.7336,0,0,0,0,0,0,0,0
27.7544,0,0,0,0,0,0,0,0
27.7769,0,0,0,0,0,0,0,0
27.7977,0,0,0,0,0,0,0,0
27.8183,0,0,0,0,0,0,0,0
27.8391,0,0,0,0,0,0,0,0
27.8616,0,0,0,0,0,0,0,0
27.8824,0,0,0,0,0,0,0,0
27.9031,0,0,0,0,0,0,0,0
27.9237,0,0,0,0,0,0,0,0
27.9445,0,0,0,0,0,0,0,0
27.9672,0,0,0,0,0,0,0,0
27.9879,0,0,0,0,0,0,0,0
28.0085,0,0,0,0,0,0,0,0
28.0312,0,0,0,0,0,0,0,0
28.0518,0,0,0,0,0,0,0,0
28.0724,0,0,0,0,0,0,0,0
28.0932,0,0,0,0,0,0,0,0
28.1158,0,0,0,0,0,0,0,0
28.1365,0,0,0,0,0,0,0,0
28.1571,0,0,0,0,0,0,0,0
28.1798,0,0,0,0,0,0,0,0
28.2004,0,0,0,0,0,0,0,0
28.2212,0,0,0,0,0,0,0,0
28.2417,0,0,0,0,0,0,0,0
28.2643,0,0,0,0,0,0,0,0
28.285,0,0,0,0,0,0,0,0
28.3059,0,0,0,0,0,0,0,0
28.3265,0,0,0,0,0,0,0,0
28.3491,0,0,0,0,0,0,0,0
28.3697,0,0,0,0,0,0,0,0
28.3905,0,0,0,0,0,0,0,0
28.4112,0,0,0,0,0,0,0,0
28.4338,0,0,0,0,0,0,0,0
28.4544,0,0,0,0,0,0,0,0
28.4751,0,0,0,0,0,0,0,0
28.4977,0,0,0,0,0,0,0,0
28.5185,0,0,0,0,0,0,0,0
28.5392,0,0,0,0,0,0,0,0
28.5598,0,0,0,0,0,0,0,0
28.5825,0,0,0,0,0,0,0,0
28.6034,0,0,0,0,0,0,0,0
28.6241,0,0,0,0,0,0,0,0
28.6469,0,0,0,0,0,0,0,0
28.6675,0,0,0,0,0,0,0,0
28.6881,0,0,0,0,0,0,0,0
28.7087,0,0,0,0,0,0,0,0
28.7295,0,0,0,0,0,0,0,0
28.7521,0,0,0,0,0,0,0,0
28.7727,0,0,0,0,0,0,0,0
28.7935,0,0,0,0,0,0,0,0
28.8141,0,0,0,0,0,0,0,0
28.8368,0,0,0,0,0,0,0,0
28.8575,0,0,0,0,0,0,0,0
28.8781,0,0,0,0,0,0,0,0
28.9008,0,0,0,0,0,0,0,0
28.9216,0,0,0,0,0,0,0,0
28.9422,0,0,0,0,0,0,0,0
28.9628,0,0,0,0,0,0,0,0
28.9855,0,0,0,0,0,0,0,0
29.0061,0,0,0,0,0,0,0,0
29.0269,0,0,0,0,0,0,0,0
29.0496,0,0,0,0,0,0,0,0
29.0702,0,0,0,0,0,0,0,0
29.0909,0,0,0,0,0,0,0,0
29.1114,0,0,0,0,0,0,0,0
29.1322,0,0,0,0,0,0,0,0
29.1547,0,0,0,0,0,0,0,0
29.1755,0,0,0,0,0,0,0,0
29.1961,0,0,0,0,0,0,0,0
29.217,0,0,0,0,0,0,0,0
29.2394,0,0,0,0,0,0,0,0
29.2602,0,0,0,0,0,0,0,0
29.2809,0,0,0,0,0,0,0,0
29.3035,0,0,0,0,0,0,0,0
29.3242,0,0,0,0,0,0,0,0
29.3448,0,0,0,0,0,0,0,0
29.3654,0,0,0,0,0,0,0,0
29.3881,0,0,0,0,0,0,0,0
29.4087,0,0,0,0,0,0,0,0
29.4293,0,0,0,0,0,0,0,0
29.452,0,0,0,0,0,0,0,0
29.4726,0,0,0,0,0,0,0,0
29.4934,0,0,0,0,0,0,0,0
29.5141,0,0,0,0,0,0,0,0
29.5347,0,0,0,0,0,0,0,0
29.5574,0,0,0,0,0,0,0,0
29.578,0,0,0,0,0,0,0,0
29.5987,0,0,0,0,0,0,0,0
29.6194,0,0,0,0,0,0,0,0
29.6421,0,0,0,0,0,0,0,0
29.666,0,0,0,0,0,4.12,0,0
29.6901,0,0,0,0.02,0,6.54,0,0
29.7163,0,0,0,0.05,0,11.06,0,-0.01
29.7403,0,0,0,0.1,0,21.56,0,-0.01
29.7645,0,0,0,0.12,0,25.08,0,-0.01
29.7905,0,0,0,0.13,0,28.43,0,-0.06
29.8145,0,0,0,0.16,0,31.96,0,-0.06
29.8385,0,0,0,0.19,0,37.78,0,-0.06
29.8645,0,0,0,0.2,0,40.07,0,-0.1
29.8887,0,0,0,0.2,0,41.3,0,-0.1
29.9127,0,0,0,0.21,0,41.3,0,-0.1
29.9368,0,0,0,0.22,0,45.7,0,-0.1
29.9627,0,0,0,0.23,0,48.16,0,-0.11
29.9867,0,0,0,0.23,0,50.44,0,-0.11
30.011,0,0,0,0.25,0,57.25,0,-0.11
30.037,0,0,0,0.26,0,56.03,0,-0.13
30.0611,0,0,0,0.27,0,57.43,0,-0.13
30.0851,0,0,0,0.28,0,59.51,0,-0.13
30.1115,0,0,0,0.29,0,60.55,0,-0.14
30.1354,0,0,0,0.3,0,60.03,0,-0.14
30.1595,0,0,0,0.31,0,61.58,0,-0.14
30.186,0,0,0,0.31,0,61.23,0,-0.13
30.21,0,0,0,0.31,0,61.53,0,-0.13
30.234,0,0,0,0.32,0,62.52,0,-0.13
30.2604,0,0,0,0.32,0,59.07,-0,-0.11
30.2844,0,0,0,0.32,0,52.95,-0,-0.11
30.3084,0,0,0,0.35,0,56.13,-0,-0.11
30.3326,0,0,0,0.37,0,69.36,-0,-0.11
30.3589,0,0,0,0.37,0,65.16,0,-0.09
30.383,0,0,0,0.38,0,57.57,0,-0.09
30.4071,0,0,0.01,0.41,0,59.9,0,-0.09
30.4334,0,0,0,0.41,0,55.31,-0,-0.08
30.4574,0,0,0,0.42,0,53.43,-0,-0.08
30.4816,0,0,0,0.42,0,46.95,-0,-0.08
30.5077,0,0,0,0.45,0,52.19,-0,-0.07
30.5318,0,0,0,0.45,0,47.42,-0,-0.07
30.5559,0,0,0.01,0.47,0,51.11,-0,-0.07
30.5821,0,0,0,0.48,0,52.04,-0,-0.09
30.6064,0,0,0,0.49,0,54.73,-0,-0.09
30.6304,0,0,0,0.49,0,50.8,-0,-0.09
30.6567,0,0,0,0.51,0,53.54,-0,-0.1
30.6809,0,0,0,0.52,0,57.04,-0,-0.1
30.7049,0,0,0,0.54,0,61.94,-0,-0.1
30.729,0,0,0,0.54,0,60.83,-0,-0.1
30.7553,0,0,0,0.56,0,65.68,0,-0.13
30.7792,0,0,0,0.57,0,66.27,0,-0.13
30.8033,0,0,0,0.57,0,68.11,0,-0.13
30.8296,0,0,0,0.58,0,70.84,0,-0.14
30.8537,0,0,0,0.59,0,71.25,0,-0.14
30.8778,0,0,0,0.59,0,70.75,0,-0.14
30.9041,0,0,0,0.59,0,71.65,0,-0.14
30.9281,0,0,0,0.6,0,73.02,0,-0.14
30.9523,0,0,0,0.61,0,72.19,0,-0.14
30.9786,0,0,0,0.61,0,72.43,0,-0.14
31.0027,0,0,0,0.61,0,71.17,0,-0.14
31.0267,0,0,0,0.61,0,68.8,0,-0.14
31.0529,0,0,0,0.61,0,67.07,0,-0.13
31.077,0,0,0,0.61,0,68.04,0,-0.13
31.1012,0,0,0,0.61,0,67.38,0,-0.13
31.1251,0,0,0,0.62,0,68.11,0,-0.13
31.1515,0,0,0,0.62,0,69.89,0,-0.14
31.1756,0,0,0,0.65,0,76.68,0,-0.14
31.1996,0,0,0,0.65,0,75.66,0,-0.14
31.2261,0,0,0,0.64,0,74.1,0,-0.15
31.2502,0,0,0,0.64,0,74.8,0,-0.15
31.2742,0,0,0,0.65,0,74.64,0,-0.15
31.301,0,0,0,0.66,0,79.59,0,-0.15
31.3252,0,0,0,0.67,0,80.42,0,-0.15
31.3492,0,0,0,0.67,0,81.26,0,-0.15
31.3761,0,0,0,0.67,0,80.58,0,-0.16
31.4001,0,0,0,0.67,0,81.93,0,-0.16
31.4243,0,0,-0.01,0.68,0,82.75,0,-0.16
31.4513,0,0,0,0.67,0,80.42,0,-0.17
31.4753,0,0,0,0.68,0,81.26,0,-0.17
31.4993,0,0,0,0.69,0,82.75,0,-0.17
31.5236,0,0,0,0.68,0,82.09,0,-0.17
31.5476,0,0,0,0.69,0,84.39,0,-0.17
31.5738,0,0,0,0.68,0,82.09,0,-0.17
31.5979,0,0,0,0.69,0,83.57,0,-0.17
31.6221,0,0,0,0.68,0,82.75,0,-0.17
31.6484,0,0,0,0.69,0,84.39,0,-0.17
31.6724,0,0,0,0.69,0,84.39,0,-0.17
31.6964,0,0,0,0.69,0,84.23,0,-0.17
31.7228,0,0,0,0.69,0,84.23,0,-0.17
31.7468,0,0,0,0.69,0,83.57,0,-0.17
31.7708,0,0,0,0.69,0,83.57,0,-0.17
31.7973,0,0,0.01,0.69,0,84.23,0,-0.17
31.8213,0,0,0,0.69,0,84.39,0,-0.17
31.8456,0,0,0,0.7,0,85.04,0,-0.17
31.8719,0,0,0,0.69,0,84.23,0,-0.18
31.8959,0,0,0,0.7,0,85.2,0,-0.18
31.92,0,0,0,0.69,0,84.23,0,-0.18
31.9442,0,0,0,0.69,0,84.23,0,-0.18
31.9704,0,0,0,0.69,0,85.04,0,-0.17
31.9945,0,0,0,0.69,0,83.57,0,-0.17
32.0187,0,0,0,0.7,0,85.04,0,-0.17
32.0449,0,0,0,0.69,0,84.23,0,-0.18
32.0691,0,0,0,0.69,0,84.39,0,-0.18
32.0932,0,0,0,0.69,0,84.23,0,-0.18
32.1194,0,0,0,0.69,0,84.39,0,-0.17
32.1437,0,0,0,0.69,0,84.23,0,-0.17
32.1677,0,0,0,0.69,0,84.23,0,-0.17
32.194,0,0,0,0.69,0,84.23,0,-0.17
32.2179,0,0,0,0.69,0,84.23,0,-0.17
32.2421,0,0,0,0.69,0,84.23,0,-0.17
32.2683,0,0,0,0.69,0,84.39,0,-0.17
32.2926,0,0,0,0.69,0,84.23,0,-0.17
32.3166,0,0,0,0.69,0,84.23,0,-0.17
32.3409,0,0,0,0.69,0,84.23,0,-0.17
32.3671,0,0,0,0.69,0,83.57,0,-0.17
32.3913,0,0,0,0.69,0,83.57,0,-0.17
32.4155,0,0,0,0.69,0,83.57,0,-0.17
32.4417,0,0,0,0.69,0,83.57,-0,-0.17
32.4661,0,0,0,0.69,0,83.57,-0,-0.17
32.49,0,0,0,0.69,0,83.73,-0,-0.17
32.5163,0,0,0,0.69,0,83.57,0,-0.17
32.5405,0,0,0,0.69,0,83.57,0,-0.17
32.5645,0,0,0,0.69,0,83.57,0,-0.17
32.591,0,0,0,0.69,0,83.73,0,-0.17
32.6151,0,0,0,0.69,0,83.73,0,-0.17
32.6394,0,0,0,0.69,0,83.57,0,-0.17
32.6656,0,0,0,0.69,0,83.57,0,-0.17
32.6895,0,0,0,0.69,0,83.57,0,-0.17
32.7137,0,0,0,0.69,0,83.73,0,-0.17
32.7378,0,0,0,0.69,0,83.57,0,-0.17
32.7642,0,0,0,0.69,0,83.57,0,-0.17
32.7882,0,0,0,0.69,0,83.57,0,-0.17
32.8123,0,0,0,0.69,0,83.57,0,-0.17
32.8385,0,0,0,0.69,0,83.57,0,-0.17
32.8626,0,0,0,0.69,0,83.57,0,-0.17
32.8868,0,0,0,0.69,0,84.23,0,-0.17
32.913,0,0,0,0.69,0,84.23,0,-0.17
32.9373,0,0,0,0.69,0,83.57,0,-0.17
32.9613,0,0,0,0.69,0,83.57,0,-0.17
32.9876,0,0,0,0.69,0,83.57,0,-0.17
33.0118,0,0,0,0.68,0,81.93,0,-0.17
33.036,0,0,0,0.69,0,84.23,0,-0.17
33.0622,0,0,0,0.69,0,84.23,0,-0.17
33.0863,0,0,0.01,0.69,0,84.23,0,-0.17
33.1103,0,0,0,0.69,0,84.23,0,-0.17
33.1344,0,0,0,0.69,0,85.04,0,-0.17
33.1608,0,0,0,0.69,0,84.39,-0,-0.17
33.1848,0,0,0,0.69,0,83.57,-0,-0.17
33.2091,0,0,0,0.69,0,84.39,-0,-0.17
33.2353,0,0,0,0.69,0,83.57,-0,-0.18
33.2597,0,0,0,0.69,0,83.57,-0,-0.18
33.2837,0,0,0,0.69,0,84.23,-0,-0.18
33.3099,0,0,0,0.69,0,84.23,-0,-0.18
33.3341,0,0,0,0.69,0,84.23,-0,-0.18
33.3583,0,0,0,0.69,0,84.23,-0,-0.18
33.3845,0,0,0,0.69,0,83.57,-0,-0.18
33.4088,0,0,0,0.69,0,84.39,-0,-0.18
33.4328,0,0,0,0.69,0,84.23,-0,-0.18
33.457,0,0,0,0.7,0,85.04,-0,-0.18
33.4833,0,0,0,0.69,0,84.23,-0,-0.18
33.5073,0,0,0,0.69,0,84.23,-0,-0.18
33.5314,0,0,0,0.69,0,84.23,-0,-0.18
33.5578,0,0,0,0.7,0,85.2,-0,-0.18
33.5819,0,0,0,0.7,0,85.04,-0,-0.18
33.6061,0,0,0,0.7,0,85.04,-0,-0.18
33.6323,0,0,0,0.7,0,85.04,-0,-0.18
33.6563,0,0,0,0.69,0,84.23,-0,-0.18
33.6806,0,0,0,0.69,0,84.23,-0,-0.18
33.707,0,0,0,0.7,0,85.04,-0,-0.18
33.7311,0,0,0,0.7,0,85.04,-0,-0.18
33.7551,0,0,0,0.7,0,85.04,-0,-0.18
33.7815,0,0,0,0.69,0,84.23,-0,-0.18
33.8056,0,0,0,0.69,0,84.23,-0,-0.18
33.8296,0,0,0,0.69,0,84.23,-0,-0.18
33.8561,0,0,0,0.69,0,84.23,-0,-0.18
33.8801,0,0,0,0.69,0,84.39,-0,-0.18
33.9042,0,0,0,0.69,0,84.23,-0,-0.18
33.9286,0,0,0,0.69,0,84.23,-0,-0.18
33.955,0,0,0,0.69,0,84.39,-0,-0.18
33.979,0,0,0,0.69,0,84.39,-0,-0.18
34.0031,0,0,0,0.69,0,84.23,-0,-0.18
34.0296,0,0,0,0.69,0,84.23,-0,-0.18
34.0536,0,0,0,0.69,0,84.23,-0,-0.18
34.0778,0,0,0,0.69,0,84.23,-0,-0.18
34.1041,0,0,0,0.69,0,84.23,-0,-0.18
34.1281,0,0,0,0.69,0,84.23,-0,-0.18
34.1525,0,0,0,0.69,0,84.23,-0,-0.18
34.1788,0,0,0,0.69,0,84.23,-0,-0.18
34.2028,0,0,0,0.7,0,85.04,-0,-0.18
34.2271,0,0,0,0.69,0,84.23,-0,-0.18
34.2534,0,0,0,0.69,0,84.23,-0,-0.18
34.2775,0,0,0,0.7,0,85.04,-0,-0.18
34.3017,0,0,0,0.7,0,85.04,-0,-0.18
34.3258,0,0,0,0.7,0,85.04,-0,-0.18
34.3522,0,0,0,0.69,0,84.23,-0,-0.18
34.3762,0,0,0,0.7,0,85.04,-0,-0.18
34.4005,0,0,-0,0.7,0,86.01,-0,-0.18
34.4269,0,0,0,0.7,0,85.04,-0,-0.18
34.4509,0,0,0,0.7,0,85.04,-0,-0.18
34.475,0,0,0,0.7,0,85.2,-0,-0.18
34.5014,0,0,0,0.7,0,85.04,-0,-0.18
34.5254,0,0,0,0.7,0,85.04,-0,-0.18
34.5497,0,0,0,0.7,0,85.2,-0,-0.18
34.5761,0,0,0,0.7,0,85.85,-0,-0.18
34.6003,0,0,0,0.7,0,85.04,-0,-0.18
34.6243,0,0,0,0.7,0,85.85,-0,-0.18
34.6511,0,0,0,0.7,0,85.85,-0,-0.18
34.6754,0,0,0,0.7,0,85.04,-0,-0.18
34.6994,0,0,0,0.7,0,85.85,-0,-0.18
34.7235,0,0,0,0.7,0,85.85,-0,-0.18
34.7477,0,0,-0.01,0.7,0,85.85,-0,-0.18
34.7741,0,0,0,0.7,0,85.85,-0,-0.18
34.7983,0,0,0,0.7,0,85.85,-0,-0.18
34.8224,0,0,0,0.7,0,85.85,-0,-0.18
34.8488,0,0,0,0.7,0,85.85,-0,-0.18
34.8729,0,0.01,0,0.7,0,86.01,-0,-0.18
34.8971,0,0,0,0.7,0,85.85,-0,-0.18
34.9234,0,0.01,0,0.7,0,85.85,-0,-0.18
34.9474,0,0.01,0,0.7,0,85.85,-0,-0.18
34.9716,0,0.01,0,0.7,0,85.85,-0,-0.18
34.998,0,0,0,0.7,0,85.85,-0,-0.18
35.0222,0,0,0,0.7,0,85.85,-0,-0.18
35.0463,0,0,0,0.7,0,85.04,-0,-0.18
35.0725,0,0,0,0.7,0,85.85,-0,-0.18
35.0968,0,0,0,0.7,0,85.85,-0,-0.18
35.1208,0,0,0,0.7,0,85.85,-0,-0.18
35.145,0,0,0,0.7,0,85.85,-0,-0.18
35.1713,0,0,0,0.7,0,86.01,-0,-0.18
35.1953,0,0,0,0.7,0,85.85,-0,-0.18
35.2196,0,0.01,0,0.7,0,85.85,-0,-0.18
35.2457,0,0.01,0,0.7,0,85.85,-0,-0.18
35.2698,0,0.01,0,0.7,0,85.85,-0,-0.18
35.294,0,0,0,0.7,0,85.85,-0,-0.18
35.3203,0,0,-0.01,0.7,0,86.5,-0,-0.18
35.3445,0,0,0,0.7,0,85.85,-0,-0.18
35.3685,0,0,0,0.7,0,85.85,-0,-0.18
35.395,0,0,0,0.7,0,85.85,-0,-0.18
35.4192,0,0,0,0.7,0,85.85,-0,-0.18
35.4432,0,0,0,0.7,0,85.85,-0,-0.18
35.4695,0,0,0,0.7,0,86.01,-0,-0.18
35.4937,0,0,0,0.7,0,85.85,-0,-0.18
35.5177,0,0,0,0.7,0,85.85,-0,-0.18
35.5419,0,0.01,0,0.7,0,85.85,-0,-0.18
35.5681,0,0.01,0,0.7,0,85.85,-0,-0.18
35.5922,0,0,0,0.7,0,85.85,-0,-0.18
35.6164,0,0,0,0.7,0,85.85,-0,-0.18
35.6428,0,0,0,0.7,0,85.85,-0,-0.18
35.667,0,0,0,0.7,0,85.85,-0,-0.18
35.6912,0,0,0,0.7,0,85.85,-0,-0.18
35.7175,0,0,0,0.7,0,86.01,-0,-0.18
35.7417,0,0,0,0.7,0,85.85,-0,-0.18
35.7657,0,0.01,0,0.7,0,85.85,-0,-0.18
35.7921,0,0.01,0,0.7,0,85.85,-0,-0.18
35.816,0,0,0,0.7,0,85.85,-0,-0.18
35.8403,0,0,0,0.7,0,85.85,-0,-0.18
35.8665,0,0,0,0.7,0,85.85,-0,-0.18
35.8905,0,0.01,0,0.7,0,85.85,-0,-0.18
35.9148,0,0,0.01,0.7,0,85.85,-0,-0.18
35.9388,0,0,0,0.7,0,85.85,-0,-0.18
35.9653,0,0,0,0.7,0,86.01,-0,-0.18
35.9893,0,0,0,0.7,0,85.85,-0,-0.18
36.0135,0,0.01,0,0.7,0,85.85,-0,-0.18
36.0398,0,0,0,0.7,0,85.85,-0,-0.18
36.064,0,0.01,-0.01,0.7,0,86.5,-0,-0.18
36.088,0,0.01,0,0.7,0,85.85,-0,-0.18
36.1145,0,0,0,0.7,0,85.85,-0,-0.18
36.1385,0,0,0,0.7,0,85.85,-0,-0.18
36.1627,0,0,0,0.7,0,85.85,-0,-0.18
36.189,0,0,0,0.7,0,85.85,-0,-0.18
36.213,0,0,0,0.7,0,86.01,-0,-0.18
36.2371,0,0,0,0.7,0,85.85,-0,-0.18
36.2635,0,0,0,0.7,0,85.85,-0,-0.18
36.2876,0,0,0,0.7,0,85.85,-0,-0.18
36.3118,0,0,0,0.7,0,85.85,-0,-0.18
36.336,0,0,0,0.7,0,86.01,-0,-0.18
36.3624,0,0,0,0.7,0,85.85,-0,-0.18
36.3863,0,0,0,0.7,0,85.85,-0,-0.18
36.4106,0,0,0,0.7,0,85.85,-0,-0.18
36.4368,0,0,0,0.7,0,85.85,-0,-0.18
36.461,0,0,0,0.7,0,85.85,-0,-0.18
36.485,0,0,0,0.7,0,85.85,-0,-0.18
36.5112,0,0,0,0.7,0,85.85,-0,-0.18
36.5354,0,0,0,0.7,0,85.85,-0,-0.18
36.5595,0,0,0,0.7,0,85.85,-0,-0.18
36.5857,0,0,0,0.7,0,86.01,-0,-0.18
36.61,0,0,0,0.7,0,85.85,-0,-0.18
36.634,0,0,0,0.7,0,85.85,-0,-0.18
36.6603,0,0,0,0.7,0,86.01,-0,-0.18
36.6845,0,0,0,0.7,0,86.01,-0,-0.18
36.7086,0,0,0,0.7,0,85.85,-0,-0.18
36.7328,0,0,0,0.7,0,85.85,-0,-0.18
36.759,0,0,0,0.7,0,85.85,-0,-0.18
36.7831,0,0,0,0.7,0,86.01,-0,-0.18
36.8073,0,0,0,0.7,0,85.85,-0,-0.18
36.8336,0,0,0,0.7,0,85.85,-0,-0.18
36.8578,0,0,0,0.7,0,85.85,-0,-0.18
36.8818,0,0,0,0.7,0,85.85,-0,-0.18
36.9082,0,0,0,0.7,0,85.85,-0,-0.18
36.9323,0,0,0,0.7,0,85.85,-0,-0.18
36.9563,0,0,0,0.7,0,85.85,-0,-0.18
36.9826,0,0,0,0.7,0,85.85,-0,-0.18
37.0066,0,0,0,0.7,0,85.85,-0,-0.18
37.0309,0,0,-0.01,0.7,0,85.85,-0,-0.18
37.0571,0,0,0,0.7,0,86.01,-0,-0.18
37.0812,0,0,0,0.7,0,85.85,-0,-0.18
37.1054,0,0,0,0.7,0,85.85,-0,-0.18
37.1296,0,0,0,0.7,0,85.85,-0,-0.18
37.1558,0,0,0.01,0.7,0,85.85,-0,-0.18
37.18,0,0,0,0.7,0,85.85,-0,-0.18
37.2041,0,0,0,0.7,0,85.85,-0,-0.18
37.2305,0,0,0,0.7,0,85.85,-0,-0.18
37.2546,0,0,0,0.7,0,85.85,-0,-0.18
37.2787,0,0,0,0.7,0,85.85,-0,-0.18
37.3052,0,0,-0.01,0.7,0,85.85,-0,-0.18
37.3292,0,0,0,0.7,0,85.85,-0,-0.18
37.3534,0,0,0,0.7,0,85.85,-0,-0.18
37.3799,0,0,0,0.7,0,86.01,-0,-0.18
37.404,0,0,0,0.7,0,85.85,-0,-0.18
37.4282,0,0,0,0.7,0,86.01,-0,-0.18
37.4545,0,0,0.01,0.7,0,85.04,-0,-0.18
37.4787,0,0,0,0.7,0,85.04,-0,-0.18
37.5027,0,0,0,0.7,0,85.85,-0,-0.18
37.5269,0,0,0,0.7,0,85.04,-0,-0.18
37.5532,0,0,0,0.7,0,85.04,-0,-0.18
37.5774,0,0,0,0.7,0,85.04,-0,-0.18
37.6013,0,0,0,0.7,0,85.04,-0,-0.18
37.6279,0,0,0,0.7,0,85.04,-0,-0.18
37.6519,0,0,0,0.7,0,85.04,-0,-0.18
37.676,0,0,0,0.7,0,85.04,-0,-0.18
37.7024,0,0,0,0.7,0,85.85,-0,-0.18
37.7266,0,0,0,0.7,0,85.85,-0,-0.18
37.7506,0,0,0,0.7,0,85.04,-0,-0.18
37.777,0,0,0,0.7,0,85.85,-0,-0.18
37.8012,0,0,0,0.7,0,85.85,-0,-0.18
37.8253,0,0,0,0.7,0,85.85,-0,-0.18
37.8516,0,0,0,0.7,0,85.85,-0,-0.18
37.8758,0,0,0,0.7,0,85.85,-0,-0.18
37.8997,0,0,0,0.7,0,85.85,-0,-0.18
37.9238,0,0,0,0.7,0,85.85,-0,-0.18
37.9482,0,0,0,0.7,0,85.85,-0,-0.18
37.9745,0,0,0,0.7,0,85.85,-0,-0.18
37.9985,0,0,0,0.7,0,85.85,-0,-0.18
38.0226,0,0,0,0.7,0,86.01,-0,-0.18
38.0491,0,0,0,0.7,0,85.85,-0,-0.18
38.0731,0,0,0,0.7,0,85.85,-0,-0.18
38.0973,0,0,0,0.7,0,85.85,-0,-0.18
38.1236,0,0,0.01,0.7,0,85.85,-0,-0.18
38.1476,0,0,0,0.7,0,85.85,-0,-0.18
38.1719,0,0,0,0.7,0,85.85,-0,-0.18
38.1982,0,0,0,0.7,0,85.85,-0,-0.18
38.2223,0,0,0,0.7,0,85.85,-0,-0.18
38.2465,0,0,0,0.7,0,85.85,-0,-0.18
38.2727,0,0,0,0.7,0,85.85,-0,-0.18
38.2967,0,0,0,0.7,0,85.85,-0,-0.18
38.321,0,0,0,0.7,0,85.85,-0,-0.18
38.3449,0,0,0,0.7,0,85.85,-0,-0.18
38.3713,0,0,0,0.7,0,85.85,-0,-0.18
38.3954,0,0,0,0.7,0,85.85,-0,-0.18
38.4194,0,0,0,0.7,0,85.85,-0,-0.18
38.4459,0,0,0,0.7,0,86.01,-0,-0.18
38.4698,0,0,0,0.7,0,86.01,-0,-0.18
38.4939,0,0,0.01,0.7,0,85.85,-0,-0.18
38.5202,0,0,0,0.7,0,85.85,-0,-0.18
38.5444,0,0,0,0.7,0,85.85,-0,-0.18
38.5685,0,0,0.01,0.7,0,85.85,-0,-0.18
38.5949,0,0,0,0.7,0,85.85,-0,-0.18
38.6189,0,0,0,0.7,0,85.85,-0,-0.18
38.6431,0,0,0,0.7,0,85.85,-0,-0.18
38.6692,0,0.01,0,0.7,0,85.85,-0,-0.18
38.6935,0,0,0,0.7,0,85.04,-0,-0.18
38.7177,0,0,0,0.7,0,85.04,-0,-0.18
38.7417,0,0,0,0.7,0,85.85,-0,-0.18
38.768,0,0,0,0.7,0,85.85,-0,-0.18
38.7921,0,0,0,0.7,0,85.04,-0,-0.18
38.8162,0,0,0,0.7,0,85.04,-0,-0.18
38.8428,0,0,0,0.7,0,85.04,-0,-0.18
38.867,0,0,0,0.7,0,85.04,-0,-0.18
38.8912,0,0,0,0.7,0,85.04,-0,-0.18
38.9175,0,0,0,0.7,0,85.04,-0,-0.18
38.9415,0,0,0.01,0.7,0,85.04,-0,-0.18
38.9657,0,0,0.01,0.7,0,85.04,-0,-0.18
38.992,0,0,0,0.7,0,85.04,-0,-0.18
39.0162,0,0,0,0.7,0,85.04,-0,-0.18
39.0404,0,0.01,0,0.7,0,85.04,-0,-0.18
39.0668,0,0,0,0.7,0,85.04,-0,-0.18
39.0909,0,0,0,0.7,0,85.2,-0,-0.18
39.1149,0,0,0,0.7,0,85.04,-0,-0.18
39.139,0,0,0,0.7,0,85.04,-0,-0.18
39.1654,0,0.01,0,0.7,0,85.85,-0,-0.18
39.1894,0,0.01,0,0.7,0,85.04,-0,-0.18
39.2136,0,0,0,0.7,0,85.04,-0,-0.18
39.2399,0,0,0,0.7,0,85.04,-0,-0.18
39.2638,0,0,0,0.7,0,85.04,-0,-0.18
39.2881,0,0,0,0.7,0,85.04,-0,-0.18
39.3142,0,0,0,0.7,0,85.04,-0,-0.18
39.3383,0,0.01,0,0.7,0,85.2,-0,-0.18
39.3623,0,0.01,0,0.7,0,85.04,-0,-0.18
39.3889,0,0.01,0,0.7,0,85.04,-0,-0.18
39.4129,0,0,0,0.7,0,85.2,-0,-0.18
39.437,0,0,0,0.7,0,85.04,-0,-0.18
39.4632,0,0,0,0.7,0,85.04,-0,-0.18
39.4875,0,0,0,0.7,0,85.04,-0,-0.18
39.5115,0,0,0,0.7,0,85.04,-0,-0.18
39.5355,0,0,0,0.7,0,85.04,-0,-0.18
39.5621,0,0.01,0,0.7,0,85.04,-0,-0.18
39.586,0,0,0,0.7,0,85.04,-0,-0.18
39.6102,0,0,0,0.7,0,85.04,-0,-0.18
39.6364,0,0,0,0.7,0,85.04,-0,-0.18
39.6605,0,0.01,0,0.7,0,86.01,-0,-0.18
39.6847,0,0.01,0,0.7,0,85.04,-0,-0.18
39.7109,0,0.01,0,0.7,0,85.04,-0,-0.18
39.735,0,0.01,0,0.69,0,85.04,-0,-0.18
39.7592,0,0.01,0,0.69,0,85.04,-0,-0.18
39.7857,0,0.01,0,0.7,0,85.04,-0,-0.17
39.8097,0,0.01,0,0.68,0,83.57,-0,-0.17
39.8339,0,0.01,0,0.68,0,84.23,-0,-0.17
39.8601,0,0.01,0,0.68,0,81.93,-0,-0.17
39.8841,0,0.01,0,0.65,0,77.21,-0,-0.17
39.9083,0,0.01,0,0.63,0,71.49,-0,-0.17
39.9324,0,0.01,0,0.6,0,63.61,-0,-0.17
39.9586,0,0.01,0,0.59,0,61.78,-0,-0.13
39.9829,0,0.01,0,0.59,0,60.7,-0,-0.13
40.0069,0,0.01,0,0.53,0,44.61,-0,-0.13
40.0332,0,0.01,0,0.47,0,31.25,-0,-0.09
40.0574,0,0,0,0.44,0,22.8,-0,-0.09
40.0815,0,0,0,0.41,0,19.56,-0,-0.09
40.1076,0,0,0,0.39,0,14.06,0,-0.03
40.1314,0,0,0,0.35,0,5.23,0,-0.03
40.1522,0,0,0,0.29,0,0,0,-0.03
40.1751,0,0,0,0.22,0,0,0,0.03
40.1957,0,0,0,0.2,0,0,0,0.03
40.2166,0,0,0,0.17,0,0,0,0.03
40.2372,0,0,0,0.13,0,0,0,0.03
40.2601,0,0,0,0.09,0,0,0,0.11
40.2808,0,0,0,0.05,0,0,0,0.11
40.3014,0,0,0,0.02,0,0,0,0.11
40.3221,0,0,0,0,0,0,0,0.11
40.3427,0,0,0,0,0,0,0,0.11
40.3657,0,0,0,0,0,0,0,0.18
40.3863,0,0,0,0,0,0,0,0.18
40.4071,0,0,0,0,0,0,0,0.18
40.4301,0,0,0,0,0,0,0,0.18
40.4507,0,0,0,0,0,0,0,0.18
40.4713,0,0,0,0,0,0,0,0.18
40.4921,0,0,0,0,0,0,0,0.18
40.515,0,0,0,0,0,0,0,0.17
40.5356,0,0,0,0,0,0,0,0.17
40.5564,0,0,0,0,0,0,0,0.17
40.5793,0,0,0,0,0,0,0,0.16
40.5999,0,0,0,0,0,0,0,0.16
40.6207,0,0,0,0,0,0,0,0.16
40.6414,0,0,0,0,0,0,0,0.16
40.6643,0,0,0,0,0,0,0,0.12
40.6852,0,0,0,0,0,0,0,0.12
40.7057,0,0,0,0,0,0,0,0.12
40.7264,0,0,0,0,0,0,0,0.12
40.7494,0,0,0,0,0,0,0,0.08
40.7701,0,0,0,0,0,0,0,0.08
40.7907,0,0,0,0,0,0,0,0.08
40.8113,0,0,0,0,0,0,0,0.08
40.8344,0,0,0,0,0,0,0,0.04
40.855,0,0,0,0,0,0,0,0.04
40.8757,0,0,0,0,0,0,0,0.04
40.8988,0,0,0,0,0,0,0,0.02
40.9193,0,0,0,0,0,0,0,0.02
40.9401,0,0,0,0,0,0,0,0.02
40.9606,0,0,0,0,0,0,0,0.02
40.9836,0,0,0,0,0,0,0,0
41.0044,0,0,0,0,0,0,0,0
41.025,0,0,0,0,0,0,0,0
41.048,0,0,0,0,0,0,0,0
41.0686,0,0,0,0,0,0,0,0
41.0894,0,0,0,0,0,0,0,0
41.1101,0,0,0,0,0,0,0,0
41.1308,0,0,0,0,0,0,0,0
41.1538,0,0,0,0,0,0,0,0
41.1744,0,0,0,0,0,0,0,0
41.195,0,0,0,0,0,0,0,0
41.2157,0,0,0,0,0,0,0,0
41.2387,0,0,0,0,0,0,0,0
41.2595,0,0,0,0,0,0,0,0
41.28,0,0,0,0,0,0,0,0
41.303,0,0,0,0,0,0,0,0
41.3236,0.01,0,0,0,0,0,0,0
41.3445,0,0,0,0,0,0,0,0
41.3651,0,0,0,0,0,0,0,0
41.3882,0.01,0,0,0,0,0,0,0
41.4088,0,0,0,0,0,0,0,0
41.4295,0,0,0,0,0,0,0,0
41.4524,0,0,0,0,0,0,0,0
41.4731,0,0,0,0,0,0,0,0
41.4938,0,0,0,0,0,0,0,0
41.5145,0,0,0,0,0,0,0,0
41.5353,0,0,0,0,0,0,0,0
41.5582,0.01,0,0,0,0,0,0,0
41.5789,0,0,0,0,0,0,0,0
41.5996,0,0,0,0,0,0,0,0
41.6229,0,0,0,0,0,0,0,0
41.6436,0,0,0,0,0,0,0,0
41.6642,0,0.01,0,0,0,0,0,0
41.6851,0,0,0,0,0,0,0,0
41.7081,0,0.01,0,0,0,0,-0,0
41.7288,0,0.01,0,0,0,0,-0,0
41.7495,0,0.01,0,0,0,0,-0,0
41.7731,0,0.01,0,0,0,0,-0,0
41.7938,0,0.01,0,0,0,0,-0,0
41.8146,0,0.01,0,0,0,0,-0,0
41.8351,0,0.01,0,0,0,0,-0,0
41.8582,0,0.01,0,0,0,0,-0,0
41.8787,0,0.01,0,0,0,0,-0,0
41.8996,0,0.01,0,0,0,0,-0,0
41.9202,0,0.01,0,0,0,0,-0,0
41.9408,0,0.01,0,0,0,0,-0,0
41.9638,0,0.01,0,0,0,0,-0.01,0
41.9846,0,0.01,0,0,0,0,-0.01,0
42.0053,0,0.01,0,0,0,0,-0.01,0
42.0283,0,0.01,0,0,0,0,-0.01,0
42.0489,0,0.01,0,0,0,0,-0.01,0
42.0697,0,0.01,0,0,0,0,-0.01,0
42.0905,0,0.01,0,0,0,0,-0.01,0
42.1133,0,0.01,0,0,0,0,-0.01,0
42.1341,0,0.01,0,0,0,0,-0.01,0
42.1549,0,0.01,0,0,0,0,-0.01,0
42.178,0,0.01,0,0,0,0,-0.01,0
42.1986,0,0.01,0,0,0,0,-0.01,0
42.2194,0,0.01,0,0,0,0,-0.01,0
42.24,0,0.01,0,0,0,0,-0.01,0
42.2631,0,0.01,0,0,0,0,-0.01,0
42.2838,0,0.01,0,0,0,0,-0.01,0
42.3044,0,0.01,0,0,0,0,-0.01,0
42.3253,0,0.01,0,0,0,0,-0.01,0
42.3483,0,0.01,0,0,0,0,-0.01,0
42.3689,0,0.01,0,0,0,0,-0.01,0
42.3897,0,0.01,0,0,0,0,-0.01,0
42.4104,0,0.01,0,0,0,0,-0.01,0
42.4334,0,0.01,0,0,0,0,-0.01,0
42.4541,0,0.01,0,0,0,0,-0.01,0
42.4746,0,0.01,0,0,0,0,-0.01,0
42.4981,0,0.01,0,0,0,0,-0.01,0
42.5186,0,0.01,0,0,0,0,-0.01,0
42.5394,0,0.01,0,0,0,0,-0.01,0
42.5601,0,0.01,0,0,0,0,-0.01,0
42.5831,0,0.01,0,0,0,0,-0.01,0
42.6037,0,0.01,0,0,0,0,-0.01,0
42.6245,0,0.01,0,0,0,0,-0.01,0
42.6479,0,0.01,0,0,0,0,-0.01,0
42.6687,0,0.01,0,0,0,0,-0.01,0
42.6894,0,0.01,0,0,0,0,-0.01,0
42.7101,0,0.01,0,0,0,0,-0.01,0
42.7308,0,0.01,0,0,0,0,-0.01,0
42.7538,0,0.01,0,0,0,0,-0.01,0
42.7746,0,0.01,0,0,0,0,-0.01,0
42.7952,0,0.01,0,0,0,0,-0.01,0
42.8161,0,0.01,0,0,0,0,-0.01,0
42.8391,0,0.01,0,0,0,0,-0,0
42.8597,0,0.01,0,0,0,0,-0,0
42.8803,0,0.01,0,0,0,0,-0,0
42.9034,0,0.01,0,0,0,0,-0,0
42.924,0,0.01,0,0,0,0,-0,0
42.9448,0,0.01,0,0,0,0,-0,0
42.9655,0,0.01,0,0,0,0,-0,0
42.9886,0,0.01,0,0,0,0,-0,0
43.0092,0,0.01,0,0,0,0,-0,0
43.03,0,0.01,0,0,0,0,-0,0
43.053,0,0.01,0,0,0,0,-0,0
43.0736,0,0.01,0,0,0,0,-0,0
43.0942,0,0.01,0,0,0,0,-0,0
43.115,0,0.01,0,0,0,0,-0,0
43.1356,0,0.01,0,0,0,0,-0,0
43.1586,0,0.01,0,0,0,0,-0,0
43.1792,0,0.01,0,0,0,0,-0,0
43.2001,0,0.01,0,0,0,0,-0,0
43.2231,0,0.01,0,0,0,0,-0,0
43.2437,0,0.01,0,0,0,0,-0,0
43.2645,0,0.01,0,0,0,0,-0,0
43.2851,0,0.01,0,0,0,0,-0,0
43.3082,0,0.01,0,0,0,0,-0,0
43.329,0,0.01,0,0,0,0,-0,0
43.3496,0,0.01,0,0,0,0,-0,0
43.373,0,0.01,0,0,0,0,-0,0
43.3936,0,0.01,0,0,0,0,-0,0
43.4144,0,0.01,0,0,0,0,-0,0
43.4351,0,0.01,0,0,0,0,-0,0
43.4581,0,0.01,0,0,0,0,-0,0
43.4787,0,0.01,0,0,0,0,-0,0
43.4995,0,0.01,0,0,0,0,-0,0
43.5201,0,0.01,0,0,0,0,-0,0
43.5407,0,0.01,0,0,0,0,-0,0
43.5639,0,0.01,0,0,0,0,-0,0
43.5847,0,0.01,0,0,0,0,-0,0
43.6053,0,0.01,0,0,0,0,-0,0
43.6283,0,0.01,0,0,0,0,-0,0
43.649,0,0.01,0,0,0,0,-0,0
43.6696,0,0.01,0,0,0,0,-0,0
43.6904,0,0.01,0,0,0,0,-0,0
43.7134,0,0.01,0,0,0,0,-0.01,0
43.734,0,0.01,0,0,0,0,-0.01,0
43.7548,0,0.01,0,0,0,0,-0.01,0
43.7778,0,0.01,0,0,0,0,-0.01,0
43.7984,0,0.01,0,0,0,0,-0.01,0
43.8192,0,0.01,0,0,0,0,-0.01,0
43.8398,0,0.01,0,0,0,0,-0.01,0
43.8628,0,0.01,0,0,0,0,-0.01,0
43.8835,0,0.01,0,0,0,0,-0.01,0
43.9043,0,0.01,0,0,0,0,-0.01,0
43.9249,0,0.01,0,0,0,0,-0.01,0
43.9479,0,0,0,0,0,0,-0,0
43.9685,0,0,0,0,0,0,-0,0
43.9894,0,0,0,0,0,0,-0,0
44.01,0,0,0,0,0,0,-0,0
44.0331,0,0,0,0,0,0,-0,0
44.0537,0,0,0,0,0,0,-0,0
44.0745,0,0,0,0,0,0,-0,0
44.098,0,0,0,0,0,0,-0,0
44.1186,0,0.01,0,0,0,0,-0,0
44.1395,0,0.01,0,0,0,0,-0,0
44.1602,0,0.01,0,0,0,0,-0,0
44.1832,0,0.01,0,0,0,0,-0,0
44.2038,0,0.01,0,0,0,0,-0,0
44.2246,0,0.01,0,0,0,0,-0,0
44.248,0,0.01,0,0,0,0,-0,0
44.2688,0,0.01,0,0,0,0,-0,0
44.2894,0,0,0,0,0,0,-0,0
44.3102,0,0.01,0,0,0,0,-0,0
44.3308,0,0.01,0,0,0,0,-0,0
44.3538,0,0.01,0,0,0,0,-0,0
44.3747,0,0.01,0,0,0,0,-0,0
44.3953,0,0.01,0,0,0,0,-0,0
44.416,0,0.01,0,0,0,0,-0,0
44.439,0,0.01,0,0,0,0,-0,0
44.4596,0,0.01,0,0,0,0,-0,0
44.4802,0,0.01,0,0,0,0,-0,0
44.5033,0,0.01,0,0,0,0,-0,0
44.5241,0,0.01,0,0,0,0,-0,0
44.5447,0,0.01,0,0,0,0,-0,0
44.5655,0,0.01,0,0,0,0,-0,0
44.5885,0,0.01,0,0,0,0,-0,0
44.6093,0,0.01,0,0,0,0,-0,0
44.6301,0,0.01,0,0,0,0,-0,0
44.6529,0,0.01,0,0,0,0,-0,0
44.6737,0,0.01,0,0,0,0,-0,0
44.6945,0,0.01,0,0,0,0,-0,0
44.7151,0,0.01,0,0,0,0,-0,0
44.736,0.01,0.01,0,0,0,0,-0,0
44.759,0,0.01,0,0,0,0,-0,0
44.7796,0,0.01,0,0,0,0,-0,0
44.8004,0,0.01,0,0,0,0,-0,0
44.8234,0,0.01,0,0,0,0,-0,0
44.8441,0,0.01,0,0,0,0,-0,0
44.8648,0,0.01,0,0,0,0,-0,0
44.8855,0,0.01,0,0,0,0,-0,0
44.9085,0,0.01,0,0,0,0,-0,0
44.9293,0,0.01,0,0,0,0,-0,0
44.95,0,0.01,0,0,0,0,-0,0
44.9731,0,0.01,0,0,0,0,-0,0
44.9938,0,0.01,0,0,0,0,-0,0
45.0144,0,0.01,0,0,0,0,-0,0
45.0352,0,0.01,0,0,0,0,-0,0
45.0582,0,0.01,0,0,0,0,-0,0
45.0788,0,0.01,0,0,0,0,-0,0
45.0995,0,0.01,0,0,0,0,-0,0
45.1202,0,0.01,0,0,0,0,-0,0
45.141,0,0.01,0,0,0,0,-0,0
45.164,0,0.01,0,0,0,0,-0,0
45.1847,0,0.01,0,0,0,0,-0,0
45.2054,0.01,0.01,0,0,0,0,-0,0
45.2285,0,0.01,0,0,0,0,-0,0
45.2491,0,0.01,0,0,0,0,-0,0
45.2699,0,0.01,0,0,0,0,-0,0
45.2905,0,0.01,0,0,0,0,-0,0
45.3135,0,0.01,0,0,0,0,-0,0
45.3343,0,0.01,0,0,0,0,-0,0
45.3549,0,0.01,0,0,0,0,-0,0
45.3779,0,0.01,0,0,0,0,-0,0
45.3987,0,0.01,0,0,0,0,-0,0
45.4195,0,0.01,0,0,0,0,-0,0
45.4401,0,0.01,0,0,0,0,-0,0
45.4632,0,0.01,0,0,0,0,-0,0
45.4839,0,0.01,0,0,0,0,-0,0
45.5046,0,0.01,0,0,0,0,-0,0
45.5254,0,0.01,0,0,0,0,-0,0
45.5484,0,0.01,0,0,0,0,-0,0
45.5692,0,0.01,0,0,0,0,-0,0
45.5898,0,0.01,0,0,0,0,-0,0
45.6104,0,0.01,0,0,0,0,-0,0
45.6336,0,0.01,0,0,0,0,-0,0
45.6544,0,0.01,0,0,0,0,-0,0
45.675,0,0.01,0,0,0,0,-0,0
45.698,0,0.01,0,0,0,0,-0,0
45.7188,0,0.01,0,0,0,0,-0,0
45.7395,0,0.01,0,0,0,0,-0,0
45.7602,0,0.01,0,0,0,0,-0,0
45.7833,0,0.01,0,0,0,0,-0,0
45.8039,0,0.01,0,0,0,0,-0,0
45.8247,0,0.01,0,0,0,0,-0,0
45.848,0,0.01,0,0,0,0,-0,0
45.8687,0,0.01,0,0,0,0,-0,0
45.8894,0,0.01,0,0,0,0,-0,0
45.9101,0,0.01,0,0,0,0,-0,0
45.9309,0,0.01,0,0,0,0,-0,0
45.9535,0,0.01,0,0,0,0,-0,0
45.9741,0,0.01,0,0,0,0,-0,0
45.9947,0,0.01,0,0,0,0,-0,0
46.0155,0,0.01,0,0,0,0,-0,0
46.0382,0,0.01,0,0,0,0,-0,0
46.059,0,0.01,0,0,0,0,-0,0
46.0796,0,0.01,0,0,0,0,-0,0
46.1023,0,0.01,0,0,0,0,-0,0
46.1229,0,0.01,0,0,0,0,-0,0
46.1438,0,0.01,0,0,0,0,-0,0
46.1644,0,0.01,0,0,0,0,-0,0
46.1871,0,0.01,0,0,0,0,-0,0
46.2079,0,0.01,0,0,0,0,-0,0
46.2287,0,0.01,0,0,0,0,-0,0
46.2514,0,0.01,0,0,0,0,-0,0
46.2721,0,0.01,0,0,0,0,-0,0
46.2927,0,0.01,0,0,0,0,-0,0
46.3134,0,0.01,0,0,0,0,-0,0
46.3341,0,0,0,0,0,0,-0,0
46.3567,0,0.01,0,0,0,0,-0,0
46.3775,0,0,0,0,0,0,-0,0
46.3982,0,0,0,0,0,0,-0,0
46.4188,0,0,0,0,0,0,-0,0
46.4415,0,0,0,0,0,0,-0,0
46.4621,0,0.01,0,0,0,0,-0,0
46.4829,0,0.01,0,0,0,0,-0,0
46.5056,0,0.01,0,0,0,0,-0,0
46.5264,0,0.01,0,0,0,0,-0,0
46.547,0,0.01,0,0,0,0,-0,0
46.5678,0,0,0,0,0,0,-0,0
46.5905,0,0.01,0,0,0,0,-0,0
46.6111,0,0.01,0,0,0,0,-0,0
46.6318,0,0.01,0,0,0,0,-0,0
46.6544,0,0.01,0,0,0,0,-0,0
46.6751,0,0.01,0,0,0,0,-0,0
46.6959,0,0.01,0,0,0,0,-0,0
46.7165,0.01,0.01,0,0,0,0,-0,0
46.7373,0,0.01,0,0,0,0,-0,0
46.76,0,0,0,0,0,0,-0,0
46.7806,0,0,0,0,0,0,-0,0
46.8013,0,0,0,0,0,0,-0,0
46.8239,0,0,0,0,0,0,-0,0
46.8447,0,0,0,0,0,0,-0,0
46.8653,0,0,0,0,0,0,-0,0
46.8862,0,0,0,0,0,0,-0,0
46.9089,0,0,0,0,0,0,-0,0
46.9296,0,0,0,0,0,0,-0,0
46.9503,0,0,0,0,0,0,-0,0
46.973,0,0,0,0,0,0,-0,0
46.9938,0.01,0,0,0,0,0,-0,0
47.0144,0.01,0,0,0,0,0,-0,0
47.0352,0,0,0,0,0,0,-0,0
47.0579,0,0,0,0,0,0,-0,0
47.0785,0.01,0,0,0,0,0,-0,0
47.0991,0.01,0,0,0,0,0,-0,0
47.12,0,0,0,0,0,0,-0,0
47.1406,0.01,0,0,0,0,0,-0,0
47.1633,0.01,0,0,0,0,0,-0,0
47.1839,0.01,0,0,0,0,0,-0,0
47.2047,0.01,0,0,0,0,0,-0,0
47.2272,0.01,0,0,0,0,0,-0,0
47.248,0.01,0,0,0,0,0,-0,0
47.2686,0.01,0,0,0,0,0,-0,0
47.2894,0.01,0,0,0,0,0,-0,0
47.3121,0.01,0,0,0,0,0,-0,0
47.3327,0.01,0,0,0,0,0,-0,0
47.3535,0.01,0,0,0,0,0,-0,0
47.3762,0.01,0,0,0,0,0,-0,0
47.3968,0.01,0,0,0,0,0,-0,0
47.4174,0.01,0,0,0,0,0,-0,0
47.4383,0.01,0,0,0,0,0,-0,0
47.4609,0.01,0,0,0,0,0,-0,0
47.4816,0.01,0,0,0,0,0,-0,0
47.5024,0.01,0,0,0,0,0,-0,0
47.523,0.01,0,0,0,0,0,-0,0
47.5438,0.01,0,0,0,0,0,-0,0
47.5663,0.01,0,0,0,0,0,-0,0
47.5871,0,0,0,0,0,0,-0,0
47.6077,0.01,0,0,0,0,0,-0,0
47.6304,0.01,0,0,0,0,0,-0,0
47.6512,0.01,0,0,0,0,0,-0,0
47.6719,0.01,0,0,0,0,0,-0,0
47.6925,0.01,0,0,0,0,0,-0,0
47.7152,0.01,0,0,0,0,0,-0,0
47.736,0.01,0,0,0,0,0,-0,0
47.7566,0.01,0,0,0,0,0,-0,0
47.7793,0.01,0,0,0,0,0,-0,0
47.8001,0.01,0,0,0,0,0,-0,0
47.8207,0,0,0,0,0,0,-0,0
47.8413,0.01,0,0,0,0,0,-0,0
47.864,0.01,0,0,0,0,0,-0,0
47.8848,0,0,0,0,0,0,-0,0
47.9054,0.01,0,0,0,0,0,-0,0
47.9262,0.01,0,0,0,0,0,-0,0
47.9489,0.01,0,0,0,0,0,-0,0
47.9695,0.01,0,0,0,0,0,-0,0
47.9904,0.01,0,0,0,0,0,-0,0
48.011,0.01,0,0,0,0,0,-0,0
48.0337,0.01,0,0,0,0,0,-0,0
48.0545,0.01,0,0,0,0,0,-0,0
48.0751,0.01,0,0,0,0,0,-0,0
48.0978,0.01,0,0,0,0,0,-0,0
48.1186,0.01,0,0,0,0,0,-0,0
48.1392,0.01,0,0,0,0,0,-0,0
48.16,0.01,0,0,0,0,0,-0,0
48.1827,0.01,0,0,0,0,0,-0,0
48.2033,0,0,0,0,0,0,-0,0
48.224,0.01,0,0,0,0,0,-0,0
48.2447,0.01,0,0,0,0,0,-0,0
48.2674,0.01,0,0,0,0,0,-0,0
48.2881,0.01,0,0,0,0,0,-0,0
48.3089,0.01,0,0,0,0,0,-0,0
48.3295,0.01,0,0,0,0,0,-0,0
48.3522,0.01,0,0,0,0,0,-0,0
48.373,0.01,0,0,0,0,0,-0,0
48.3937,0.01,0,0,0,0,0,-0,0
48.4143,0.01,0,0,0,0,0,-0,0
48.4369,0.01,0,0,0,0,0,-0,0
48.4577,0.01,0,0,0,0,0,-0,0
48.4784,0.01,0,0,0,0,0,-0,0
48.501,0.01,0,0,0,0,0,-0,0
48.5217,0.01,0,0,0,0,0,-0,0
48.5425,0,0,0,0,0,0,-0,0
48.5631,0.01,0,0,0,0,0,-0,0
48.5858,0.01,0,0,0,0,0,-0,0
48.6066,0.01,0,0,0,0,0,-0,0
48.6272,0.01,0,0,0,0,0,-0,0
48.6501,0.01,0,0,0,0,0,-0,0
48.6707,0.01,0,0,0,0,0,-0,0
48.6914,0.01,0,0,0,0,0,-0,0
48.7121,0.01,0,0,0,0,0,-0,0
48.7328,0.01,0,0,0,0,0,-0,0
48.7555,0.01,0,0,0,0,0,-0,0
48.7762,0.01,0,0,0,0,0,-0,0
48.7969,0.01,0,0,0,0,0,-0,0
48.8177,0.01,0,0,0,0,0,-0,0
48.8405,0,0,0,0,0,0,-0,0
48.8611,0.01,0,0,0,0,0,-0,0
48.8817,0.01,0,0,0,0,0,-0,0
48.9044,0.01,0,0,0,0,0,-0,0
48.9252,0.01,0,0,0,0,0,-0,0
48.9458,0.01,0,0,0,0,0,-0,0
48.9666,0.01,0,0,0,0,0,-0,0
48.9893,0.01,0,0,0,0,0,-0,0
49.0099,0,0,0,0,0,0,-0,0
49.0306,0.01,0,0,0,0,0,-0,0
49.0532,0.01,0,0,0,0,0,-0,0
49.0739,0.01,0,0,0,0,0,-0,0
49.0947,0.01,0,0,0,0,0,-0,0
49.1153,0.01,0,0,0,0,0,-0,0
49.1361,0,0,0,0,0,0,-0,0
49.1586,0.01,0,0,0,0,0,-0,0
49.1794,0.01,0.01,0,0,0,0,-0,0
49.2,0.01,0.01,0,0,0,0,-0,0
49.2228,0.01,0.01,0,0,0,0,-0,0
49.2434,0.01,0.01,0,0,0,0,-0,0
49.2642,0.01,0.01,0,0,0,0,-0,0
49.2848,0.01,0.01,0,0,0,0,-0,0
49.3075,0.01,0.01,0,0,0,0,-0,0
49.3283,0.01,0.01,0,0,0,0,-0,0
49.349,0.01,0,0,0,0,0,-0,0
49.3697,0.01,0.01,0,0,0,0,-0,0
49.3924,0.01,0.01,0,0,0,0,-0,0
49.4131,0.01,0.01,0,0,0,0,-0,0
49.4339,0.01,0.01,0,0,0,0,-0,0
49.4566,0.01,0.01,0,0,0,0,-0,0
49.4772,0.01,0.01,0,0,0,0,-0,0
49.498,0.01,0.01,0,0.01,0,0,-0,0
49.5219,0.01,0,0,0.03,0,4.12,-0,0
49.5459,0.01,0,0,0.04,0,6.54,-0,0
49.5721,0,0,0,0.08,0,11.06,-0,-0.02
49.5962,0.01,0,0,0.11,0,14.55,-0,-0.02
49.6203,0.01,0.01,0,0.12,0,19.28,-0,-0.02
49.6463,0.01,0,0,0.13,0,22.62,-0,-0.06
49.6704,0.01,0.01,0,0.16,0,31.96,-0,-0.06
49.6946,0.01,0,0,0.19,0,35.49,-0,-0.06
49.7207,0.01,0,0,0.2,0,41.3,-0,-0.1
49.7447,0.01,0,0,0.21,0,42.54,-0,-0.1
49.7687,0.01,0,0,0.21,0,43.59,-0,-0.1
49.7948,0.01,0,0,0.23,0,47.99,-0,-0.11
49.8189,0.01,0,0,0.23,0,47.99,-0,-0.11
49.8431,0.01,0,0,0.24,0,50.27,-0,-0.11
49.8693,0.01,0,0,0.25,0,53.76,-0,-0.12
49.8933,0.01,0,0,0.26,0,56.03,-0,-0.12
49.9175,0.01,0,-0,0.27,0,58.47,-0,-0.12
49.9416,0.01,0,0,0.28,0,59.51,-0,-0.12
49.968,0.01,0,0,0.29,0,60.55,-0,-0.14
49.9921,0,0,0,0.3,0,61.24,-0,-0.14
50.0162,0,0,0,0.3,0,60.54,-0,-0.14
50.0424,0.01,0.01,0,0.31,0,61.23,-0,-0.13
50.0666,0.01,0.01,0,0.31,0,58.25,-0,-0.13
50.0908,0.01,0,0,0.31,0,55.98,-0,-0.13
50.1171,0.01,0,0,0.31,0,54.58,-0,-0.1
50.1411,0.01,0,0,0.32,0,55.36,-0,-0.1
50.1652,0.01,0,0,0.35,0,57.67,-0,-0.1
50.1914,0.01,0,0,0.35,0,58.63,-0,-0.08
50.2154,0.01,0,0,0.36,0,55.9,-0,-0.08
50.2397,0.01,0,-0,0.37,0,50.7,-0,-0.08
50.2659,0.01,0,0,0.39,0,52.48,-0,-0.06
50.2899,0.01,0,0,0.4,0,48.78,-0,-0.06
50.3142,0.01,0.01,0,0.42,0,48.81,-0,-0.06
50.3382,0.01,0,0,0.43,0,47.92,-0,-0.06
50.3645,0.01,0,0,0.45,0,54.16,-0,-0.08
50.3885,0.01,0,0,0.48,0,54.99,-0,-0.08
50.4126,0.01,0,0,0.49,0,55.69,-0,-0.08
50.4388,0.01,0.01,0,0.5,0,55.46,-0,-0.1
50.4629,0.01,0.01,0,0.51,0,55.41,-0,-0.1
50.4869,0.01,0.01,0,0.54,0,62.01,-0,-0.1
50.5132,0.01,0,0,0.56,0,65.59,-0,-0.13
50.5374,0.01,0,0,0.58,0,70.6,-0,-0.13
50.5614,0.01,0.01,0,0.57,0,68.78,-0,-0.13
50.5877,0.01,0,0,0.59,0,71.51,-0,-0.14
50.6118,0.01,0,0,0.59,0,71.51,-0,-0.14
50.636,0.01,0,0,0.59,0,71.51,-0,-0.14
50.6622,0.01,0,0,0.61,0,77.76,-0,-0.15
50.6863,0.01,0,0,0.6,0,74.61,-0,-0.15
50.7104,0,0,0,0.61,0,76.94,-0,-0.15
50.7344,0.01,0,0,0.61,0,77.65,-0,-0.15
50.7609,0.01,0,0,0.62,0,77.49,-0,-0.15
50.7849,0.01,0,0,0.62,0,76.17,-0,-0.15
50.8089,0.01,0,0,0.62,0,76.94,-0,-0.15
50.8352,0.01,0,0,0.63,0,78.73,-0,-0.14
50.8593,0.01,0,0,0.63,0,77.15,-0,-0.14
50.8834,0.01,0,0,0.65,0,77.77,-0,-0.14
50.9097,0.01,0,0,0.64,0,75.24,-0,-0.15
50.9338,0.01,0,0,0.66,0,80.07,-0,-0.15
50.9578,0.01,0,0,0.67,0,80.94,-0,-0.15
50.9841,0.01,0,0,0.68,0,83.25,-0,-0.16
51.0084,0.01,0,0,0.68,0,83.09,-0,-0.16
51.0324,0.01,0,0,0.68,0,83.09,-0,-0.16
51.0588,0.01,0,0,0.68,0,81.44,-0,-0.17
51.0829,0.01,0,0,0.68,0,82.27,-0,-0.17
51.1069,0.01,0,0,0.69,0,82.93,-0,-0.17
51.1311,0.01,0,0,0.69,0,83.59,-0,-0.17
51.1574,0.01,0,0,0.69,0,82.11,-0,-0.17
51.1814,0,0,0,0.69,0,82.93,-0,-0.17
51.2056,0.01,0,0,0.7,0,84.41,-0,-0.17
51.2318,0.01,0,0,0.7,0,85.22,-0,-0.18
51.256,0.01,0,0,0.71,0,85.86,-0,-0.18
51.2802,0.01,0,0,0.71,0,85.86,-0,-0.18
51.3066,0.01,0,0,0.72,0,88.89,-0,-0.18
51.3308,0.01,0,0,0.71,0,87.46,-0,-0.18
51.3549,0.01,0,0,0.71,0,88.1,-0,-0.18
51.3811,0.01,0,0,0.72,0,88.1,-0,-0.18
51.4053,0.01,0,0,0.72,0,88.89,-0,-0.18
51.4295,0.01,0,0,0.72,0,88.89,-0,-0.18
51.4558,0.01,0,0,0.72,0,88.89,-0,-0.19
51.4799,0.01,0,0,0.72,0,88.89,-0,-0.19
51.5038,0.01,0,0,0.72,0,88.1,-0,-0.19
51.528,0,0,0,0.72,0,88.1,-0,-0.19
51.5544,0,0,0,0.72,0,87.46,-0,-0.19
51.5784,0,0,0,0.72,0,88.89,-0,-0.19
51.6026,0.01,0,0,0.72,0,88.1,-0,-0.19
51.6288,0.01,0,0,0.73,0,89.67,-0,-0.19
51.6531,0.01,0,0,0.73,0,89.67,-0,-0.19
51.6772,0.01,0,0,0.73,0,89.67,-0,-0.19
51.7035,0.01,0,-0,0.73,0,89.67,-0,-0.19
51.7277,0.01,0,0,0.73,0,89.67,-0,-0.19
51.7519,0.01,0,0,0.73,0,89.67,-0,-0.19
51.7782,0.01,0,0,0.73,0,89.67,-0,-0.19
51.8022,0.01,0,-0.01,0.73,0,89.67,-0,-0.19
51.8265,0.01,0,0,0.73,0,89.67,-0,-0.19
51.8527,0.01,0,0,0.73,0,90.3,-0,-0.19
51.8768,0.01,0,0,0.73,0,90.3,-0,-0.19
51.901,0.01,0,0,0.73,0,90.3,-0,-0.19
51.9251,0.01,0,0,0.73,0,90.3,-0,-0.19
51.9515,0.01,0,0,0.73,0,90.3,-0,-0.19
51.9755,0.01,0,0,0.73,0,89.67,-0,-0.19
51.9997,0.01,0,0,0.73,0,89.67,-0,-0.19
52.0262,0.01,0,0,0.73,0,90.3,-0,-0.19
52.0502,0,0,0,0.73,0,90.45,-0,-0.19
52.0743,0.01,0,0,0.74,0,91.07,-0,-0.19
52.1012,0.01,0,0,0.73,0,90.3,-0,-0.2
52.1253,0,0,0,0.74,0,91.07,-0,-0.2
52.1493,0.01,0,0,0.74,0,91.07,-0,-0.2
52.1761,0.01,0,0,0.74,0,91.07,-0,-0.2
52.2003,0,0,0,0.74,0,91.69,-0,-0.2
52.2243,0.01,0,0,0.74,0,91.69,-0,-0.2
52.2512,0.01,0,0,0.74,0,91.69,-0,-0.2
52.2752,0,0,0,0.74,0,91.69,-0,-0.2
52.2992,0.01,0,0,0.74,0,91.69,-0,-0.2
52.3234,0.01,0,0,0.74,0,91.69,-0,-0.2
52.3475,0,0,0,0.74,0,91.69,-0,-0.2
52.3737,0,0,0,0.74,0,91.69,-0,-0.2
52.3978,0.01,0,0,0.74,0,91.69,-0,-0.2
52.422,0.01,0,0,0.74,0,91.69,-0,-0.2
52.4482,0.01,0,0,0.74,0,91.69,-0,-0.2
52.4725,0.01,0,0,0.74,0,91.69,-0,-0.2
52.4967,0.01,0,0,0.74,0,91.69,-0,-0.2
52.5229,0,0,0,0.74,0,91.69,-0,-0.2
52.547,0.01,0,0,0.74,0,91.69,-0,-0.2
52.5713,0.01,0,0,0.74,0,91.69,-0,-0.2
52.5974,0.01,0,0,0.74,0,91.69,-0,-0.2
52.6215,0.01,0,0,0.74,0,91.69,-0,-0.2
52.6457,0.01,0,0,0.74,0,91.69,-0,-0.2
52.6718,0.01,0,-0.01,0.74,0,93.22,-0,-0.2
52.6961,0.01,0,0,0.74,0,91.69,-0,-0.2
52.7202,0.01,0,0,0.74,0,91.69,-0,-0.2
52.7442,0.01,0,0,0.74,0,91.69,-0,-0.2
52.7704,0.01,0,0,0.74,0,91.69,-0,-0.2
52.7946,0.01,0,0,0.74,0,91.69,-0,-0.2
52.8187,0.01,0,0,0.74,0,92.46,-0,-0.2
52.8449,0.01,0,0,0.74,0,91.69,-0,-0.2
52.869,0.01,0,0,0.74,0,91.69,-0,-0.2
52.8932,0.01,0,0,0.74,0,91.69,-0,-0.2
52.9195,0.01,0,0,0.74,0,91.69,-0,-0.2
52.9437,0.01,0,0,0.74,0,91.69,-0,-0.2
52.9678,0.01,0,0,0.74,0,91.69,-0,-0.2
52.9941,0,0,0,0.74,0,91.69,-0,-0.2
53.0182,0.01,0,0,0.74,0,91.69,-0,-0.2
53.0423,0.01,0,0,0.73,0,91.07,-0,-0.2
53.0686,0.01,0,0,0.74,0,91.69,-0,-0.19
53.0927,0.01,0,0,0.74,0,91.69,-0,-0.19
53.1168,0.01,0,0,0.74,0,92.46,-0,-0.19
53.1409,0.01,0,0,0.74,0,92.46,-0,-0.19
53.1673,0.01,0,0,0.74,0,92.46,-0,-0.2
53.1913,0,0,0,0.74,0,92.46,-0,-0.2
53.2155,0.01,0,0,0.74,0,93.22,-0,-0.2
53.2418,0.01,0,0,0.74,0,92.46,-0,-0.2
53.2659,0.01,0,0,0.75,0,93.22,-0,-0.2
53.2899,0.01,0,0,0.74,0,92.46,-0,-0.2
53.3164,0.01,0,0,0.74,0,92.46,-0,-0.2
53.3404,0.01,0,0,0.74,0,92.46,-0,-0.2
53.3646,0.01,0,0,0.74,0,91.69,-0,-0.2
53.3909,0.01,0,0,0.74,0,91.07,-0,-0.2
53.4149,0.01,0,0,0.74,0,91.69,-0,-0.2
53.439,0,0,0,0.74,0,91.69,-0,-0.2
53.4654,0.01,0,0,0.74,0,91.07,-0,-0.2
53.4894,0.01,0,0,0.74,0,91.07,-0,-0.2
53.5135,0.01,0,0,0.74,0,91.69,-0,-0.2
53.5375,0.01,0,0,0.74,0,91.69,-0,-0.2
53.5638,0.01,0,0,0.74,0,91.69,-0,-0.2
53.5881,0.01,0,0,0.74,0,91.07,-0,-0.2
53.6121,0.01,0,0,0.74,0,91.69,-0,-0.2
53.6384,0.01,0,0,0.74,0,91.69,-0,-0.2
53.6625,0.01,0,0,0.74,0,91.69,-0,-0.2
53.6867,0.01,0,0,0.74,0,91.69,-0,-0.2
53.7129,0.01,0,0,0.74,0,92.46,-0,-0.2
53.7372,0.01,0,0,0.74,0,92.46,-0,-0.2
53.7612,0.01,0,0,0.74,0,91.69,-0,-0.2
53.7874,0.01,0,0,0.74,0,91.69,-0,-0.2
53.8116,0.01,0,0,0.74,0,91.07,-0,-0.2
53.8357,0.01,0,0,0.74,0,91.69,-0,-0.2
53.8622,0.01,0,0,0.74,0,91.69,-0,-0.2
53.8862,0.01,0,0,0.74,0,91.07,-0,-0.2
53.9102,0.01,0,0,0.74,0,91.69,-0,-0.2
53.9345,0.01,0,0,0.74,0,91.07,-0,-0.2
53.9607,0.01,0,0,0.74,0,91.69,-0,-0.2
53.9847,0.01,0,0,0.74,0,92.46,-0,-0.2
54.0088,0.01,0,0,0.75,0,93.22,-0,-0.2
54.0349,0.01,0,0,0.75,0,93.22,-0,-0.2
54.059,0.01,0,0,0.74,0,92.46,-0,-0.2
54.0832,0.01,0,0,0.74,0,92.46,-0,-0.2
54.1096,0.01,0,0,0.74,0,92.46,-0,-0.2
54.1335,0,0,0,0.75,0,93.22,-0,-0.2
54.1575,0.01,0,0,0.75,0,93.22,-0,-0.2
54.1837,0.01,0,0,0.75,0,93.22,-0,-0.2
54.2075,0,0,0,0.75,0,93.22,-0,-0.2
54.2315,0.01,0,0,0.75,0,93.22,-0,-0.2
54.2576,0.01,0,0,0.75,0,93.22,-0,-0.2
54.2817,0.01,0,0,0.75,0,93.22,-0,-0.2
54.3058,0.01,0,0,0.75,0,93.22,-0,-0.2
54.3296,0.01,0,0,0.75,0,93.22,-0,-0.2
54.3559,0.01,0,0,0.75,0,93.22,-0,-0.2
54.3799,0.01,0,0,0.75,0,93.22,-0,-0.2
54.404,0,0,0,0.75,0,93.22,-0,-0.2
54.4301,0.01,0,0,0.75,0,93.22,-0,-0.2
54.4542,0.01,0,0,0.75,0,93.22,-0,-0.2
54.4782,0.01,0,0,0.75,0,93.22,-0,-0.2
54.5042,0.01,0,0,0.75,0,93.22,-0,-0.2
54.5283,0.01,0,0,0.75,0,93.22,-0,-0.2
54.5523,0.01,0,0,0.75,0,93.22,-0,-0.2
54.5784,0.01,0,0,0.75,0,93.22,-0,-0.2
54.6025,0.01,0,0,0.75,0,93.22,-0,-0.2
54.6264,0,0,0,0.75,0,93.22,-0,-0.2
54.6526,0.01,0,0,0.75,0,93.22,-0,-0.2
54.6766,0.01,0,0,0.75,0,93.22,-0,-0.2
54.7007,0,0,-0.01,0.75,0,93.82,-0,-0.2
54.7248,0.01,0,0,0.75,0,93.22,-0,-0.2
54.751,0.01,0,0,0.75,0,93.22,-0,-0.2
54.7749,0.01,0,0,0.75,0,93.22,-0,-0.2
54.7992,0.01,0,0,0.74,0,92.46,-0,-0.2
54.823,0.01,0,0,0.75,0,93.22,-0,-0.2
54.8492,0.01,0,0,0.75,0,93.22,-0,-0.2
54.8733,0.01,0,0,0.75,0,93.22,-0,-0.2
54.8972,0.01,0,0,0.75,0,93.22,-0,-0.2
54.9232,0.01,0,0,0.75,0,93.22,-0,-0.2
54.9473,0.01,0,0,0.75,0,93.22,-0,-0.2
54.9713,0.01,0,0,0.75,0,93.22,-0,-0.2
54.9974,0.01,0,0,0.75,0,93.22,-0,-0.2
55.0213,0.01,0,0,0.75,0,93.22,-0,-0.2
55.0453,0.01,0,0,0.75,0,93.22,-0,-0.2
55.0714,0.01,0,0,0.75,0,93.22,-0,-0.2
55.0955,0.01,0,0,0.75,0,93.22,-0,-0.2
55.1195,0.01,0,0,0.75,0,93.22,-0,-0.2
55.1434,0.01,0,0,0.75,0,93.22,-0,-0.2
55.1696,0.01,0,0.01,0.75,0,93.22,-0,-0.2
55.1937,0.01,0,0,0.75,0,93.22,-0,-0.2
55.2177,0.01,0,0,0.75,0,93.22,-0,-0.2
55.2438,0,0,0,0.75,0,93.22,-0,-0.2
55.2677,0.01,0,0,0.75,0,93.22,-0,-0.2
55.2917,0,0,0,0.75,0,93.22,-0,-0.2
55.3178,0.01,0,0,0.75,0,93.22,-0,-0.2
55.3418,0.01,0,0,0.75,0,93.22,-0,-0.2
55.3657,0.01,0,0,0.75,0,93.22,-0,-0.2
55.392,0.01,0,0,0.75,0,93.22,-0,-0.2
55.416,0.01,0,0,0.75,0,93.22,-0,-0.2
55.4399,0.01,0,0,0.75,0,93.22,-0,-0.2
55.4662,0.01,0,0,0.75,0,93.22,-0,-0.2
55.49,0.01,0,0,0.75,0,93.22,-0,-0.2
55.5141,0.01,0,0,0.75,0,93.22,-0,-0.2
55.5381,0.01,0,0,0.75,0,93.22,-0,-0.2
55.5643,0.01,0,-0.01,0.75,0,93.82,-0,-0.2
55.5884,0.01,0,0,0.75,0,93.22,-0,-0.2
55.6123,0.01,0,0,0.75,0,93.22,-0,-0.2
55.6385,0.01,0,0,0.75,0,93.22,-0,-0.2
55.6624,0.01,0,0,0.75,0,93.22,-0,-0.2
55.6866,0.01,0,0,0.75,0,93.22,-0,-0.2
55.7128,0.01,0,0,0.75,0,93.82,-0,-0.2
55.7367,0.01,0,0,0.75,0,93.22,-0,-0.2
55.7608,0.01,0,0,0.75,0,93.22,-0,-0.2
55.7869,0.01,0,0,0.75,0,93.22,-0,-0.2
55.8109,0.01,0,0,0.75,0,93.22,-0,-0.2
55.8349,0.01,0,0,0.75,0,93.22,-0,-0.2
55.861,0.01,0,0,0.75,0,93.22,-0,-0.2
55.8851,0.01,0,0,0.75,0,93.22,-0,-0.2
55.9089,0.01,0,0,0.75,0,93.22,-0,-0.2
55.9332,0.01,0,0,0.75,0,93.82,-0,-0.2
55.9592,0.01,0,0,0.75,0,93.22,-0,-0.2
55.9833,0.01,0,0,0.75,0,93.22,-0,-0.2
56.0072,0.01,0,0,0.75,0,93.22,-0,-0.2
56.0334,0,0,0,0.75,0,93.22,-0,-0.2
56.0573,0.01,0,0,0.75,0,93.22,-0,-0.2
56.0813,0.01,0,0,0.75,0,93.22,-0,-0.2
56.1074,0,0,0,0.75,0,93.22,-0,-0.2
56.1315,0.01,0,0,0.75,0,93.22,-0,-0.2
56.1553,0.01,0,0,0.75,0,93.22,-0,-0.2
56.1814,0.01,0,0,0.75,0,93.22,-0,-0.2
56.2055,0.01,0,0,0.75,0,93.22,-0,-0.2
56.2293,0.01,0,0,0.75,0,93.22,-0,-0.2
56.2556,0.01,0,0,0.75,0,93.22,-0,-0.2
56.2795,0.01,0,0,0.75,0,93.22,-0,-0.2
56.3035,0.01,0,0,0.75,0,93.22,-0,-0.2
56.3274,0.01,0,0,0.75,0,93.22,-0,-0.2
56.3536,0.01,0,0,0.75,0,93.22,-0,-0.2
56.3777,0.01,0,0,0.74,0,92.46,-0,-0.2
56.4018,0.01,0,0,0.75,0,93.22,-0,-0.2
56.4278,0.01,0,0,0.75,0,93.22,-0,-0.2
56.4518,0.01,0,0,0.75,0,93.22,-0,-0.2
56.4759,0.01,0,0,0.74,0,92.46,-0,-0.2
56.5022,0.01,0,0,0.75,0,93.22,-0,-0.2
56.5262,0.01,0,0,0.75,0,93.22,-0,-0.2
56.5502,0.01,0,0,0.75,0,93.22,-0,-0.2
56.5764,0.01,0,0,0.75,0,93.22,-0,-0.2
56.6003,0.01,0,0,0.75,0,93.22,-0,-0.2
56.6243,0,0,0,0.75,0,93.22,-0,-0.2
56.6508,0,0,0,0.75,0,93.22,-0,-0.2
56.6747,0.01,0,0,0.75,0,93.22,-0,-0.2
56.6988,0.01,0,0,0.75,0,93.22,-0,-0.2
56.7228,0.01,0,0,0.75,0,93.22,-0,-0.2
56.7467,0.01,0,0,0.75,0,93.22,-0,-0.2
56.7732,0.01,0,0,0.74,0,92.46,-0,-0.2
56.797,0.01,0,0,0.75,0,93.22,-0,-0.2
56.821,0.01,0,0,0.75,0,93.22,-0,-0.2
56.8473,0.01,0,0,0.75,0,93.22,-0,-0.2
56.8712,0.01,0,0,0.75,0,93.22,-0,-0.2
56.8951,0.01,0,0,0.75,0,93.22,-0,-0.2
56.9213,0.01,0,0,0.75,0,93.22,-0,-0.2
56.9452,0.01,0,0,0.75,0,93.22,-0,-0.2
56.9692,0.01,0,0,0.75,0,93.22,-0,-0.2
56.9953,0.01,0,0,0.75,0,93.22,-0,-0.2
57.0192,0.01,0,0,0.75,0,93.22,-0,-0.2
57.0432,0.01,0,0,0.75,0,93.22,-0,-0.2
57.0693,0.01,0,0,0.75,0,93.22,-0,-0.2
57.0934,0.01,0,0,0.75,0,93.22,-0,-0.2
57.1173,0.01,0,0,0.75,0,93.22,-0,-0.2
57.1413,0,0,0,0.75,0,93.22,-0,-0.2
57.1674,0.01,0,0,0.75,0,93.22,-0,-0.2
57.1914,0.01,0,0,0.75,0,93.22,-0,-0.2
57.2155,0.01,0,0,0.75,0,93.22,-0,-0.2
57.2415,0.01,0,0,0.75,0,93.22,-0,-0.2
57.2657,0.01,0,0,0.75,0,93.22,-0,-0.2
57.2896,0.01,0,0,0.75,0,93.22,-0,-0.2
57.3158,0.01,0,0,0.75,0,93.22,-0,-0.2
57.3396,0.01,0,0,0.75,0,93.22,-0,-0.2
57.3637,0.01,0,0,0.75,0,93.22,-0,-0.2
57.39,0.01,0,0,0.75,0,93.22,-0,-0.2
57.4137,0.01,0,0,0.75,0,93.22,-0,-0.2
57.4378,0.01,0,0,0.75,0,93.22,-0,-0.2
57.4641,0.01,0,0,0.75,0,93.22,-0,-0.2
57.4881,0.01,0,0,0.74,0,92.46,-0,-0.2
57.512,0.01,0,0,0.75,0,93.22,-0,-0.2
57.536,0.01,0,0,0.75,0,93.22,-0,-0.2
57.5623,0.01,0,0,0.74,0,92.46,-0,-0.2
57.5864,0.01,0,0,0.74,0,92.46,-0,-0.2
57.6104,0.01,0,0,0.75,0,93.22,-0,-0.2
57.6365,0.01,0,0.01,0.75,0,93.22,-0,-0.2
57.6606,0.01,0,0,0.75,0,93.22,-0,-0.2
57.6847,0.01,0,0,0.75,0,93.22,-0,-0.2
57.7108,0.01,0,0,0.75,0,93.22,-0,-0.2
57.7348,0.01,0,0,0.75,0,93.22,-0,-0.2
57.7589,0.01,0,0,0.74,0,92.46,-0,-0.2
57.7851,0.01,0,0,0.74,0,92.46,-0,-0.2
57.8091,0.01,0,0,0.75,0,93.22,-0,-0.2
57.8331,0.01,0,0.01,0.75,0,93.22,-0,-0.2
57.8592,0.01,0,0,0.75,0,93.22,-0,-0.2
57.8834,0.01,0,0,0.75,0,93.82,-0,-0.2
57.9074,0,0,0,0.75,0,93.82,-0,-0.2
57.9315,0.01,0,0,0.75,0,93.82,-0,-0.2
57.9577,0.01,0,0,0.75,0,93.82,-0,-0.2
57.9817,0.01,0,0,0.75,0,93.22,-0,-0.2
58.0058,0.01,0,0,0.75,0,93.22,-0,-0.2
58.0318,0.01,0,0,0.75,0,93.22,-0,-0.2
58.0558,0,0,0,0.75,0,93.22,-0,-0.2
58.0801,0.01,0,0,0.75,0,93.82,-0,-0.2
58.1064,0.01,0,0,0.75,0,93.82,-0,-0.2
58.1305,0.01,0,0,0.75,0,93.82,-0,-0.2
58.1546,0.01,0,0,0.75,0,93.82,-0,-0.2
58.1808,0,0,0,0.75,0,93.22,-0,-0.2
58.2048,0.01,0,0,0.75,0,93.82,-0,-0.2
58.229,0.01,0,0,0.75,0,93.82,-0,-0.2
58.2553,0.01,0,0,0.75,0,93.82,-0,-0.2
58.2794,0.01,0,0,0.75,0,93.82,-0,-0.2
58.3036,0.01,0,0,0.75,0,93.82,-0,-0.2
58.3278,0.01,0,0,0.75,0,93.82,-0,-0.2
58.3541,0.01,0,0,0.75,0,93.82,-0,-0.2
58.3781,0.01,0,0,0.75,0,93.82,-0,-0.2
58.4024,0.01,0,0,0.75,0,93.82,-0,-0.2
58.4286,0.01,0.01,0,0.75,0,93.82,-0,-0.2
58.4526,0.01,0,0,0.75,0,93.82,-0,-0.2
58.4767,0.01,0,0,0.75,0,93.22,-0,-0.2
58.503,0.01,0,0,0.75,0,93.82,-0,-0.2
58.527,0.01,0,0,0.75,0,93.22,-0,-0.2
58.5511,0.01,0.01,0,0.75,0,93.82,-0,-0.2
58.5775,0.01,0.01,0,0.75,0,93.82,-0,-0.2
58.6018,0.01,0.01,0,0.75,0,93.82,-0,-0.2
58.6258,0.01,0.01,0,0.75,0,93.82,-0,-0.2
58.6522,0.01,0,0,0.75,0,93.82,-0,-0.2
58.6763,0.01,0,0,0.75,0,93.82,-0,-0.2
58.7003,0.01,0.01,0,0.75,0,93.82,-0,-0.2
58.7245,0.01,0.01,0,0.75,0,93.82,-0,-0.2
58.7511,0.01,0.01,0,0.75,0,93.82,-0,-0.2
58.7752,0.01,0,0,0.75,0,93.82,-0,-0.2
58.7994,0.01,0,0,0.75,0,93.82,-0,-0.2
58.8261,0.01,0,0,0.75,0,93.82,-0,-0.2
58.8502,0.01,0,0,0.75,0,93.82,-0,-0.2
58.8744,0.01,0,0,0.75,0,93.82,-0,-0.2
58.9011,0.01,0,0,0.75,0,93.82,-0,-0.2
58.9252,0.01,0,0,0.75,0,93.82,-0,-0.2
58.9492,0.01,0,0,0.75,0,93.82,-0,-0.2
58.976,0.01,0,0,0.75,0,93.22,-0,-0.2
59,0.01,0,0,0.75,0,93.82,-0,-0.2
59.0241,0.01,0,0.01,0.75,0,93.82,-0,-0.2
59.051,0.01,0,0,0.75,0,93.82,-0,-0.2
59.0752,0.01,0,0,0.75,0,93.82,-0,-0.2
59.0993,0.01,0,0,0.75,0,93.82,-0,-0.2
59.1235,0.01,0,0,0.75,0,93.82,-0,-0.2
59.1475,0.01,0,0,0.75,0,93.82,-0,-0.2
59.174,0.01,0,0,0.75,0,93.82,-0,-0.2
59.198,0.01,0,0,0.75,0,93.82,-0,-0.2
59.222,0.01,0,0,0.75,0,93.82,-0,-0.2
59.2485,0.01,0,0,0.75,0,93.82,-0,-0.2
59.2725,0.01,0,0,0.75,0,93.82,-0,-0.2
59.2966,0.01,0.01,0,0.75,0,93.82,-0,-0.2
59.323,0.01,0,0,0.75,0,93.82,-0,-0.2
59.347,0.01,0,0,0.75,0,93.82,-0,-0.2
59.3713,0.01,0.01,0,0.75,0,93.82,-0,-0.2
59.3975,0.01,0,0.01,0.75,0,93.82,-0,-0.2
59.4216,0.01,0,0,0.75,0,93.82,-0,-0.2
59.4456,0.01,0,0,0.75,0,93.82,-0,-0.2
59.4719,0.01,0,0,0.75,0,93.82,-0,-0.2
59.4959,0,0,0,0.75,0,93.82,-0,-0.2
59.5202,0.01,0,-0.01,0.75,0,93.82,-0,-0.2
59.5442,0,0,0,0.75,0,93.82,-0,-0.2
59.5707,0.01,0,-0.01,0.75,0,94.58,-0,-0.2
59.5948,0,0,0,0.75,0,93.82,-0,-0.2
59.6188,0.01,0,0,0.75,0,93.22,-0,-0.2
59.6451,0.01,0.01,0,0.75,0,93.82,-0,-0.2
59.669,0.01,0,0,0.75,0,93.22,-0,-0.2
59.693,0.01,0.01,0,0.75,0,93.22,-0,-0.2
59.7191,0.01,0,0,0.74,0,93.22,-0,-0.2
59.7432,0.01,0,0,0.73,0,92.46,-0,-0.2
59.7674,0.01,0,0,0.73,0,91.69,-0,-0.2
59.7936,0.01,0.01,0,0.72,0,90.3,-0,-0.19
59.8177,0.01,0,0,0.72,0,89.67,-0,-0.19
59.8417,0.01,0,0,0.71,0,85.86,-0,-0.19
59.868,0.01,0,0,0.66,0,75.71,-0,-0.18
59.8922,0.01,0,0,0.64,0,71.55,-0,-0.18
59.9162,0.01,0,0.01,0.6,0,62.95,-0,-0.18
59.9404,0.01,0,0,0.6,0,62.78,-0,-0.18
59.9667,0.01,0,0,0.56,0,51.62,-0,-0.13
59.9909,0.01,0,0,0.52,0,42.96,-0,-0.13
60.0149,0.01,0,0,0.49,0,38.86,-0,-0.13
60.0411,0.01,0,0,0.45,0,26.35,-0,-0.07
60.0651,0.01,0,0,0.45,0,30.56,-0,-0.07
60.0893,0.01,0,0,0.4,0,15.61,-0,-0.07
60.1154,0.01,0,0,0.35,0,6.79,-0,-0.02
60.1395,0.01,0,0,0.32,0,0,-0,-0.02
60.1601,0.01,0,0,0.27,0,0,-0,-0.02
60.1829,0.01,0,0,0.22,0,0,-0,0.04
60.2037,0.01,0,0,0.19,0,0,-0,0.04
60.2244,0.01,0,0,0.14,0,0,-0,0.04
60.2477,0.01,0,0,0.12,0,0,-0,0.11
60.2684,0.01,0,0,0.08,0,0,-0,0.11
60.2892,0.01,0,0,0.05,0,0,-0,0.11
60.31,0.01,0,0,0.04,0,0,-0,0.11
60.3306,0.01,0,0,0.02,0,0,-0,0.11
60.3536,0.01,0,0,0,0,0,0,0.17
60.3742,0.01,0,0,0,0,0,0,0.17
60.3949,0.01,0,0,0,0,0,0,0.17
60.4155,0.01,0,0,0,0,0,0,0.17
60.4385,0,0,0,0,0,0,0,0.18
60.4592,0.01,0,0,0,0,0,0,0.18
60.4798,0,0,0,0,0,0,0,0.18
60.5028,0.01,0,0,0,0,0,0,0.17
60.5235,0.01,0,0,0,0,0,0,0.17
60.5443,0.01,0,0,0,0,0,0,0.17
60.5651,0.01,0,0,0,0,0,0,0.17
60.5879,0.01,0,0,0,0,0,0,0.15
60.6087,0.01,0,0,0,0,0,0,0.15
60.6294,0.01,0,0,0,0,0,0,0.15
60.6522,0.01,0,0,0,0,0,0,0.12
60.673,0.01,0,0,0,0,0,0,0.12
60.6937,0.01,0,0,0,0,0,0,0.12
60.7143,0.01,0,0,0,0,0,0,0.12
60.7351,0.01,0,0,0,0,0,0,0.12
60.758,0.01,0,0,0,0,0,0,0.08
60.7787,0.01,0,0,0,0,0,0,0.08
60.7993,0.01,0,0,0,0,0,0,0.08
60.8227,0.01,0,0,0,0,0,0,0.04
60.8433,0.01,0,0.01,0,0,0,0,0.04
60.8641,0.01,0,0,0,0,0,0,0.04
60.8847,0.01,0,0,0,0,0,0,0.04
60.9078,0.01,0,0.01,0,0,0,0,0.02
60.9284,0.01,0,0,0,0,0,0,0.02
60.9491,0.01,0,0,0,0,0,0,0.02
60.9727,0.01,0,0,0,0,0,0,0
60.9933,0.01,0,0,0,0,0,0,0
61.0139,0.01,0,0,0,0,0,0,0
61.0347,0.01,0,0,0,0,0,0,0
61.0576,0.01,0,0,0,0,0,0,0
61.0782,0.01,0,0,0,0,0,0,0
61.0989,0.01,0,0,0,0,0,0,0
61.1197,0.01,0,0,0,0,0,0,0
61.1403,0.01,0,0,0,0,0,0,0
61.1633,0.01,0,0,0,0,0,0,0
61.1839,0.01,0,0,0,0,0,0,0
61.2046,0.01,0,0,0,0,0,0,0
61.2276,0.01,0,0,0,0,0,0,0
61.2484,0.01,0,0,0,0,0,0,0
61.269,0.01,0,0,0,0,0,0,0
61.2897,0.01,0,0,0,0,0,0,0
61.3127,0.01,0,0,0,0,0,0,0
61.3333,0.01,0,0,0,0,0,0,0
61.3541,0.01,0,0,0,0,0,0,0
61.3772,0.01,0,0,0,0,0,0,0
61.3978,0,0,0,0,0,0,0,0
61.4184,0.01,0,0,0,0,0,0,0
61.4391,0.01,0,0,0,0,0,0,0
61.4621,0,0,0,0,0,0,0,0
61.4828,0.01,0,0,0,0,0,0,0
61.5034,0.01,0,0,0,0,0,0,0
61.524,0.01,0,0,0,0,0,0,0
61.5479,0.01,0,0,0,0,0,0,0
61.5685,0.01,0,0,0,0,0,0,0
61.5893,0.01,0,0,0,0,0,0,0
61.61,0.01,0,0,0,0,0,0,0
61.6328,0.01,0,0,0,0,0,0,0
61.6536,0.01,0,0,0,0,0,0,0
61.6742,0.01,0,0,0,0,0,0,0
61.698,0.01,0,0,0,0,0,0,0
61.7186,0.01,0,0,0,0,0,0,0
61.7393,0.01,0,0,0,0,0,0,0
61.76,0.01,0,0,0,0,0,0,0
61.7829,0.01,0,0,0,0,0,0,0
61.8035,0.01,0,0,0,0,0,0,0
61.8242,0.01,0,0,0,0,0,0,0
61.8478,0.01,0,0,0,0,0,0,0
61.8684,0.01,0,0,0,0,0,0,0
61.8891,0.01,0,0,0,0,0,0,0
61.9099,0.01,0,0,0,0,0,0,0
61.9305,0.01,0,0,0,0,0,0,0
61.9534,0.01,0,0,0,0,0,0,0
61.974,0.01,0,0,0,0,0,0,0
61.9946,0.01,0,0,0,0,0,0,0
62.0154,0.01,0,0,0,0,0,0,0
62.0383,0.01,0,0,0,0,0,0,0
62.059,0.01,0,0,0,0,0,0,0
62.0796,0.01,0,0,0,0,0,0,0
62.1025,0.01,0,0,0,0,0,0,0
62.1233,0.01,0,0,0,0,0,0,0
62.144,0.01,0,0,0,0,0,0,0
62.1646,0.01,0,0,0,0,0,0,0
62.1876,0.01,0,0,0,0,0,0,0
62.2083,0.01,0,0,0,0,0,0,0
62.229,0.01,0,0,0,0,0,0,0
62.2519,0.01,0,0,0,0,0,0,0
62.2725,0,0,0,0,0,0,0,0
62.2933,0,0,0,0,0,0,0,0
62.3139,0.01,0,0,0,0,0,0,0
62.3346,0.01,0,0,0,0,0,0,0
62.3576,0.01,0,0,0,0,0,0,0
62.3784,0.01,0,0,0,0,0,0,0
62.399,0.01,0,0,0,0,0,0,0
62.4228,0.01,0,0,0,0,0,0,0
62.4434,0.01,0,0,0,0,0,0,0
62.464,0.01,0,0,0,0,0,0,0
62.4848,0.01,0,0,0,0,0,0,0
62.5079,0.01,0,0,0,0,0,0,0
62.5285,0.01,0,0,0,0,0,0,0
62.5493,0.01,0,0,0,0,0,0,0
62.5726,0.01,0,0,0,0,0,0,0
62.5935,0.01,0,0,0,0,0,0,0
62.6141,0.01,0,0,0,0,0,0,0
62.6349,0.01,0,0,0,0,0,0,0
62.6577,0.01,0,0,0,0,0,0,0
62.6784,0.01,0,0,0,0,0,0,0
62.699,0.01,0,0,0,0,0,0,0
62.7198,0.01,0,0,0,0,0,0,0
62.7405,0.01,0,0,0,0,0,0,0
62.7635,0.01,0,0,0,0,0,0,0
62.7841,0.01,0,0,0,0,0,0,0
62.8047,0.01,0,0,0,0,0,0,0
62.8278,0.01,0,0,0,0,0,0,0
62.8484,0.01,0,0,0,0,0,0,0
62.8691,0.01,0,0,0,0,0,0,0
62.8898,0.01,0,0,0,0,0,0,0
62.9126,0.01,0,0,0,0,0,0,0
62.9333,0.01,0,0,0,0,0,0,0
62.954,0.01,0,0,0,0,0,0,0
62.9768,0.01,0,0,0,0,0,0,0
62.9977,0.01,0,0,0,0,0,0,0
63.0183,0.01,0,0,0,0,0,0,0
63.0391,0.01,0,0,0,0,0,0,0
63.062,0.01,0,0,0,0,0,0,0
63.0828,0.01,0,0,0,0,0,0,0
63.1034,0,0,0,0,0,0,0,0
63.124,0.01,0,0,0,0,0,0,0
63.1478,0.01,0,0,0,0,0,0,0
63.1684,0.01,0,0,0,0,0,0,0
63.189,0.01,0,0,0,0,0,0,0
63.2098,0.01,0,0,0,0,0,0,0
63.2327,0.01,0,0,0,0,0,0,0
63.2535,0.01,0,0,0,0,0,0,0
63.2741,0.01,0,0,0,0,0,0,0
63.2978,0.01,0,0,0,0,0,0,0
63.3186,0.01,0,0,0,0,0,0,0
63.3393,0.01,0,0,0,0,0,0,0
63.3599,0.01,0,0,0,0,0,0,0
63.3829,0.01,0,0,0,0,0,0,0
63.4036,0.01,0,0,0,0,0,0,0
63.4242,0.01,0,0,0,0,0,0,0
63.4478,0.01,0,0,0,0,0,0,0
63.4686,0.01,0,0,0,0,0,0,0
63.4892,0.01,0,0,0,0,0,0,0
63.5099,0.01,0,0,0,0,0,0,0
63.5305,0.01,0,0,0,0,0,0,0
63.5535,0.01,0,0,0,0,0,0,0
63.5741,0.01,0,0,0,0,0,0,0
63.5949,0,0,0,0,0,0,0,0
63.6156,0.01,0,0,0,0,0,0,0
63.6384,0.01,0,0,0,0,0,0,0
63.6593,0.01,0,0,0,0,0,0,0
63.6799,0.01,0,0,0,0,0,0,0
63.7029,0.01,0,0,0,0,0,0,0
63.7235,0.01,0,0,0,0,0,0,0
63.7441,0.01,0,0,0,0,0,0,0
63.7648,0.01,0,0,0,0,0,0,0
63.7878,0.01,0,0,0,0,0,0,0
63.8084,0.01,0,0,0,0,0,0,0
63.8291,0.01,0,0,0,0,0,0,0
63.8521,0,0,0,0,0,0,0,0
63.8728,0.01,0,0,0,0,0,0,0
63.8934,0.01,0,0,0,0,0,0,0
63.9141,0.01,0,0,0,0,0,0,0
63.9347,0.01,0,0,0,0,0,0,0
63.9577,0.01,0,0,0,0,0,0,0
63.9784,0.01,0,0,0,0,0,0,0
63.999,0.01,0,0,0,0,0,0,0
64.0227,0,0,0,0,0,0,0,0
64.0434,0.01,0,0,0,0,0,0,0
64.0641,0.01,0,0,0,0,0,0,0
64.0848,0.01,0,0,0,0,0,0,0
64.1078,0.01,0,0,0,0,0,0,0
64.1284,0.01,0,0,0,0,0,0,0
64.149,0.01,0,0,0,0,0,0,0
64.1727,0.01,0,0,0,0,0,0,0
64.1935,0.01,0,0,0,0,0,0,0
64.2143,0.01,0,0,0,0,0,0,0
64.2348,0,0,0,0,0,0,0,0
64.2579,0.01,0,0,0,0,0,0,0
64.2785,0.01,0,0,0,0,0,0,0
64.2991,0,0,0,0,0,0,0,0
64.32,0.01,0,0,0,0,0,0,0
64.3406,0,0,0,0,0,0,0,0
64.3634,0.01,0,0,0,0,0,0,0
64.3843,0.01,0,0,0,0,0,0,0
64.4049,0.01,0,0,0,0,0,0,0
64.4278,0.01,0,0,0,0,0,0,0
64.4485,0.01,0,0,0,0,0,0,0
64.4693,0.01,0,0,0,0,0,0,0
64.4898,0.01,0,0,0,0,0,0,0
64.5129,0.01,0,0,0,0,0,0,0
64.5335,0.01,0,0,0,0,0,0,0
64.5542,0.01,0,0,0,0,0,0,0
64.5773,0.01,0,0,0,0,0,0,0
64.5978,0.01,0,0,0,0,0,0,0
64.6185,0.01,0,0,0,0,0,0,0
64.6393,0.01,0,0,0,0,0,0,0
64.6622,0.01,0,0,0,0,0,0,0
64.683,0.01,0,0,0,0,0,0,0
64.7036,0.01,0,0,0,0,0,0,0
64.7243,0.01,0,0,0,0,0,0,0
64.7478,0.01,0,0,0,0,0,0,0
64.7684,0.01,0,0,0,0,0,0,0
64.7891,0.01,0,0,0,0,0,0,0
64.8098,0.01,0,0,0,0,0,0,0
64.8329,0.01,0,0,0,0,0,0,0
64.8535,0.01,0,0,0,0,0,0,0
64.8742,0.01,0,0,0,0,0,0,0
64.8979,0.01,0,0,0,0,0,0,0
64.9185,0.01,0,0,0,0,0,0,0
64.9393,0.01,0,0,0,0,0,0,0
64.9599,0.01,0,0,0,0,0,0,0
64.983,0.01,0,0,0,0,0,0,0
65.0036,0.01,0,0,0,0,0,0,0
65.0244,0.01,0,0,0,0,0,0,0
65.0479,0.01,0,0,0,0,0,0,0
65.0685,0.01,0,0,0,0,0,0,0
65.0894,0.01,0,0,0,0,0,0,0
65.11,0.01,0,0,0,0,0,0,0
65.1306,0.01,0,0,0,0,0,0,0
65.1537,0.01,0,0,0,0,0,0,0
65.1743,0.01,0,0,0,0,0,0,0
65.195,0.01,0,0,0,0,0,0,0
65.2158,0,0,0,0,0,0,0,0
65.2386,0.01,0,0,0,0,0,0,0
65.2594,0.01,0,0,0,0,0,0,0
65.2801,0.01,0,0,0,0,0,0,0
65.3029,0.01,0,0,0,0,0,0,0
65.3237,0.01,0,0,0,0,0,0,0
65.3444,0,0,0,0,0,0,0,0
65.365,0.01,0,0,0,0,0,0,0
65.3879,0,0,0,0,0,0,0,0
65.4087,0.01,0,0,0,0,0,0,0
65.4293,0.01,0,0,0,0,0,0,0
65.4524,0.01,0,0,0,0,0,0,0
65.473,0.01,0,0,0,0,0,0,0
65.4938,0.01,0,0,0,0,0,0,0
65.5145,0.01,0,0,0,0,0,0,0
65.535,0.01,0,0,0,0,0,0,0
65.5581,0.01,0,0,0,0,0,0,0
65.5787,0.01,0,0,0,0,0,0,0
65.5994,0.01,0,0,0,0,0,0,0
65.6229,0.01,0,0,0,0,0,0,0
65.6435,0.01,0,0,0,0,0,0,0
65.6644,0.01,0,0,0,0,0,0,0
65.685,0.01,0,0,0,0,0,0,0
65.7078,0.01,0,0,0,0,0,0,0
65.7285,0.01,0,0,0,0,0,0,0
65.7493,0.01,0,0,0,0,0,0,0
65.7727,0.01,0,0,0,0,0,0,0
65.7935,0.01,0,0,0,0,0,0,0
65.8141,0,0,0,0,0,0,0,0
65.8347,0.01,0,0,0,0,0,0,0
65.8578,0.01,0,0,0,0,0,0,0
65.8784,0.01,0,0,0,0,0,0,0
65.8992,0.01,0,0,0,0,0,0,0
65.9198,0.01,0,0,0,0,0,0,0
65.9406,0.01,0,0,0,0,0,0,0
65.9637,0.01,0,0,0,0,0,0,0
65.9843,0.01,0,0,0,0,0,0,0
66.005,0.01,0,0,0,0,0,0,0
66.028,0.01,0,0,0,0,0,0,0
66.0486,0.01,0,0,0,0,0,0,0
66.0694,0.01,0,0,0,0,0,0,0
66.09,0.01,0,0,0,0,0,0,0
66.1128,0.01,0,0,0,0,0,0,0
66.1335,0,0,0,0,0,0,0,0
66.1543,0.01,0,0,0,0,0,0,0
66.1772,0.01,0,0,0,0,0,0,0
66.198,0.01,0,0,0,0,0,0,0
66.2186,0.01,0,0,0,0,0,0,0
66.2394,0.01,0,0,0,0,0,0,0
66.2622,0.01,0,0,0,0,0,0,0
66.2831,0.01,0,0,0,0,0,0,0
66.3038,0.01,0,0,0,0,0,0,0
66.3245,0.01,0,0,0,0,0,0,0
66.3479,0.01,0,0,0,0,0,0,0
66.3686,0.01,0,0,0,0,0,0,0
66.3894,0.01,0,0,0,0,0,0,0
66.41,0.01,0,0,0,0,0,0,0
66.4329,0.01,0,0,0,0,0,0,0
66.4535,0.01,0,0,0,0,0,0,0
66.4741,0.01,0,0,0,0,0,0,0
66.4978,0,0,0,0,0,0,0,0
66.5185,0.01,0,0,0,0,0,0,0
66.5391,0.01,0,0,0,0,0,0,0
66.5597,0.01,0,0,0,0,0,0,0
66.5827,0.01,0,0,0,0,0,-0,0
66.6036,0.01,0,0,0,0,0,-0,0
66.6242,0.01,0,0,0,0,0,-0,0
66.6477,0.01,0,0,0,0,0,0,0
66.6683,0.01,0,0,0,0,0,0,0
66.689,0.01,0,0,0,0,0,0,0
66.7098,0.01,0,0,0,0,0,0,0
66.7305,0.01,0,0,0,0,0,0,0
66.7534,0.01,0,0,0,0,0,0,0
66.7741,0.01,0,0,0,0,0,0,0
66.7949,0.01,0,0,0,0,0,0,0
66.8155,0.01,0,0,0,0,0,0,0
66.8384,0.01,0,0,0,0,0,0,0
66.8592,0.01,0,0,0,0,0,0,0
66.8798,0.01,0,0,0,0,0,0,0
66.9028,0.01,0,0,0,0,0,0,0
66.9235,0.01,0,0,0,0,0,0,0
66.9443,0.01,0,0,0,0,0,0,0
66.9649,0.01,0,0,0,0,0,0,0
66.9879,0.01,0,0,0,0,0,0,0
67.0086,0,0,0,0,0,0,0,0
67.0294,0.01,0,0,0,0,0,0,0
67.0523,0.01,0,0,0,0,0,0,0
67.073,0.01,0,0,0,0,0,0,0
67.0937,0.01,0,0,0,0,0,0,0
67.1143,0.01,0,0,0,0,0,0,0
67.1349,0.01,0,0,0,0,0,0,0
67.158,0.01,0,0,0,0,0,0,0
67.1786,0.01,0,0,0,0,0,0,0
67.1994,0.01,0,0,0,0,0,0,0
67.2228,0.01,0,0,0,0,0,0,0
67.2435,0.01,0,0,0,0,0,0,0
67.264,0.01,0,0,0,0,0,0,0
67.2847,0.01,0,0,0,0,0,0,0
67.3077,0.01,0,0,0,0,0,0,0
67.3283,0.01,0,0,0,0,0,0,0
67.3491,0.01,0,0,0,0,0,0,0
67.3728,0.01,0,0,0,0,0,0,0
67.3935,0.01,0,0,0,0,0,0,0
67.4141,0.01,0,0,0,0,0,0,0
67.4349,0.01,0,0,0,0,0,0,0
67.4577,0.01,0,0,0,0,0,0,0
67.4786,0.01,0,0,0,0,0,0,0
67.4993,0.01,0,0,0,0,0,0,0
67.5198,0.01,0,0,0,0,0,0,0
67.5407,0.01,0,0,0,0,0,0,0
67.5636,0.01,0,0,0,0,0,0,0
67.5844,0.01,0,0,0,0,0,0,0
67.6049,0.01,0,0,0,0,0,0,0
67.628,0.01,0,0,0,0,0,-0,0
67.6488,0.01,0,0,0,0,0,-0,0
67.6694,0,0,0,0,0,0,-0,0
67.6903,0.01,0,0,0,0,0,-0,0
67.7133,0.01,0,0,0,0,0,-0,0
67.7339,0.01,0,0,0,0,0,-0,0
67.7547,0.01,0,0,0,0,0,-0,0
67.7775,0.01,0,0,0,0,0,-0,0
67.7983,0.01,0,0,0,0,0,-0,0
67.8191,0,0,0,0,0,0,-0,0
67.8398,0,0,0,0,0,0,-0,0
67.8628,0.01,0,0,0,0,0,-0,0
67.8834,0,0,0,0,0,0,-0,0
67.9043,0.01,0,0,0,0,0,-0,0
67.9249,0.01,0,0,0,0,0,-0,0
67.9479,0.01,0,0,0,0,0,-0,0
67.9687,0.01,0,0,0,0,0,-0,0
67.9894,0.01,0,0,0,0,0,-0,0
68.0101,0.01,0,0,0,0,0,-0,0
68.033,0.01,0,0,0,0,0,-0,0
68.0537,0.01,0,0,0,0,0,-0,0
68.0745,0.01,0,0,0,0,0,-0,0
68.0978,0.01,0,0,0,0,0,-0,0
68.1187,0.01,0,0,0,0,0,-0,0
68.1393,0.01,0,0,0,0,0,-0,0
68.16,0.01,0,0,0,0,0,-0,0
68.183,0.01,0,0,0,0,0,-0,0
68.2038,0.01,0,0,0,0,0,-0,0
68.2246,0.01,0,0,0,0,0,-0,0
68.2452,0.01,0,0,0,0,0,-0,0
68.266,0.01,0,0,0,0,0,-0,0
68.2888,0.01,0,0,0,0,0,0,0
68.3095,0.01,0,0,0,0,0,0,0
68.3304,0.01,0,0,0,0,0,0,0
68.3532,0.01,0,0,0,0,0,0,0
68.3738,0.01,0,0,0,0,0,0,0
68.3945,0.01,0,0,0,0,0,0,0
68.4152,0,0,0,0,0,0,0,0
68.4381,0,0,0,0,0,0,0,0
68.4589,0.01,0,0,0,0,0,0,0
68.4795,0.01,0,0,0,0,0,0,0
68.5025,0.01,0,0,0,0,0,-0,0
68.5232,0.01,0,0,0,0,0,-0,0
68.544,0.01,0,0,0,0,0,-0,0
68.5646,0.01,0,0,0,0,0,-0,0
68.5876,0.01,0,0,0,0,0,-0,0
68.6083,0.01,0,0,0,0,0,-0,0
68.6291,0.01,0,0,0,0,0,-0,0
68.6521,0.01,0,0,0,0,0,-0,0
68.6727,0.01,0,0,0,0,0,-0,0
68.6935,0.01,0,0,0,0,0,-0,0
68.7142,0.01,0,0,0,0,0,-0,0
68.735,0.01,0,0,0,0,0,-0,0
68.7578,0.01,0,0,0,0,0,0,0
68.7785,0.01,0,0,0,0,0,0,0
68.7991,0.01,0,0,0,0,0,0,0
68.8228,0.01,0,0,0,0,0,0,0
68.8434,0.01,0,0,0,0,0,0,0
68.8641,0,0,0,0,0,0,0,0
68.8849,0.01,0,0,0,0,0,0,0
68.9078,0.01,0,0,0,0,0,0,0
68.9285,0.01,0,0,0,0,0,0,0
68.9493,0.01,0,0,0,0,0,0,0
68.9728,0.01,0,0,0,0,0,0,0
68.9934,0.01,0,0,0,0,0,0,0
69.0141,0.01,0,0,0,0,0,0,0
69.0349,0.01,0,0,0,0,0,0,0
69.0578,0.01,0,0,0,0,0,0,0
69.0784,0,0,0,0,0,0,0,0
69.0992,0.01,0,0,0,0,0,0,0
69.1198,0,0,0,0,0,0,0,0
69.1404,0,0,0,0,0,0,0,0
69.1634,0.01,0,0,0,0,0,0,0
69.184,0.01,0,0,0,0,0,0,0
69.2047,0.01,0,0,0,0,0,0,0
69.2278,0.01,0,0,0,0,0,0,0
69.2485,0.01,0,0,0,0,0,0,0
69.2691,0.01,0,0,0,0,0,0,0
69.2897,0.01,0,0,0,0,0,0,0
69.3126,0.01,0,0,0,0,0,0,0
69.3334,0,0,0,0,0,0,0,0
69.3541,0,0,0,0,0,0,0,0
69.3771,0.01,0,0,0,0,0,0,0
69.3978,0.01,0,0,0,0,0,0,0
69.4185,0.01,0,0,0,0,0,0,0
69.4392,0.01,0,0,0,0,0,0,0
69.462,0.01,0,0,0,0,0,0,0
69.4828,0.01,0,0,0,0,0,0,0
69.5034,0.01,0,0,0,0,0,0,0
69.5243,0.01,0,0,0,0,0,0,0
69.5478,0.01,0,0,0,0,0,0,0
69.5684,0.01,0,0,0,0,0,0,0
69.5891,0.01,0,0,0,0,0,0,0
69.6099,0.01,0,0,0,0,0,0,0
69.6327,0.01,0,0,0,0,0,0,0
69.6534,0.01,0,0,0,0,0,0,0
69.6742,0.01,0,0,0,0,0,0,0
69.6978,0.01,0,0,0,0,0,0,0
69.7185,0.01,0,0,0,0,0,0,0
69.7393,0.01,0,0,0,0,0,0,0
69.7599,0.01,0,0,0,0,0,0,0
69.7828,0.01,0,0,0,0,0,-0,0
69.8035,0.01,0,0,0,0,0,-0,0
69.8241,0.01,0,0,0,0,0,-0,0
69.8478,0.01,0,0,0,0,0,-0,0
69.8687,0.01,0,0,0,0,0,-0,0
69.8893,0.01,0,0,0,0,0,-0,0
69.91,0.01,0,0,0,0,0,-0,0
69.9308,0.01,0,0,0,0,0,-0,0
69.9536,0.01,0,0,0,0,0,0,0
69.9743,0.01,0,0,0,0,0,0,0
69.9949,0.01,0,0,0,0,0,0,0
70.0157,0.01,0,0,0,0,0,0,0
70.0386,0.01,0,0,0,0,0,0,0
70.0594,0.01,0,0,0,0,0,0,0
70.08,0.01,0,0,0,0,0,0,0
70.103,0.01,0,0,0,0,0,0,0
70.1236,0.01,0,0,0,0,0,0,0
70.1443,0.01,0,0,0,0,0,0,0
70.1651,0.01,0,0,0,0,0,0,0
70.188,0.01,0,0,0,0,0,0,0
70.2085,0.01,0,0,0,0,0,0,0
70.2293,0.01,0,0,0,0,0,0,0
70.2524,0.01,0,0,0,0,0,0,0
70.273,0.01,0,0,0,0,0,0,0
70.2936,0.01,0,0,0,0,0,0,0
70.3144,0.01,0,0,0,0,0,0,0
70.335,0.01,0,0,0,0,0,0,0
70.3558,0.01,0,0,0,0,0,0,0
70.3765,0.01,0,0,0,0,0,0,0
70.3971,0.01,0,0,0,0,0,0,0
70.4179,0.01,0,0,0,0,0,0,0
70.4386,0.01,0,0,0,0,0,0,0
70.4593,0.01,0,0,0,0,0,0,0
70.48,0.01,0,0,0,0,0,0,0
70.5006,0.01,0,0,0,0,0,0,0
70.5214,0.01,0,0,0,0,0,0,0
70.5421,0.01,0,0,0,0,0,0,0
70.5627,0.01,0,0,0,0,0,0,0
