t,paa0,pfe0,paa1,pfe1,daa0,dfe0,daa1,dfe1,cft0,cft1,pee0,pee1
7.33029,-0,0,-0,0,-0,0,-0,0,0,0,102.723,102.723
7.41024,-0,0,-0,0,0.130388,0.0798689,-0,0,0.0375899,0.0304302,102.723,102.723
7.49024,-0,0,-0,0,0.130388,0.0798689,-0,0,0.0332566,0.0184662,102.723,102.723
7.57021,-0,0,-0,0,0.130388,0.0798689,-0,0,0.0411582,0.0260192,102.723,102.723
7.65022,-0,0,-0,0,0.130388,0.0798689,-0,0,0.0373229,0.0273679,102.723,102.723
7.73021,-0,0,-0,0,0.130388,0.0798689,-0,0,0.0459021,0.0254951,102.723,102.723
7.81025,-0,0,-0,0,0.130388,0.0798689,-0,0,0.0401373,0.0264953,102.723,102.723
7.89021,-0,0,-0,0,0.130388,0.0798689,-0,0,0.0474552,0.0328938,102.723,102.723
7.97022,-0,0,-0,0,0.130388,0.0798689,-0,0,0.044486,0.0252389,102.723,102.723
8.05029,-0,0,-0,0,0.130388,0.0798689,-0,0,0.0444522,0.0367423,102.723,102.723
8.13023,-0,0,-0,0,0.130388,0.0798689,-0,0,0.049689,0.0298831,102.723,102.723
8.21019,-0,0,-0,0,0.130388,0.0798689,-0,0,0.0514393,0.0417373,102.723,102.723
8.29019,-0,0,-0,0,0.130388,0.0798689,-0,0,0.0445646,0.0377889,102.723,102.723
8.37019,-0,0,-0,0,0.130388,0.0798689,-0,0,0.05004,0.0341174,102.723,102.723
8.45025,-0,0,-0,0,0.130388,0.0798689,-0,0,0.0498397,0.0445533,102.723,102.723
8.53018,-0,0,-0,0,0.130388,0.0798689,-0,0,0.0512445,0.0344964,102.723,102.723
8.61017,-0,0,-0,0,0.130388,0.0798689,-0,0,0.0507346,0.0342053,102.723,102.723
8.69015,-0,0,-0,0,0.130388,0.0798689,-0,0,0.047085,0.0383406,102.723,102.723
8.77016,-0,0,-0,0,0.130388,0.0798689,-0,0,0.0473709,0.0296142,102.723,102.723
8.85014,-0,0,-0,0,0.130388,0.0798689,-0,0,0.0470532,0.0360278,102.723,102.723
8.93016,-0,0,-0,0,0.130388,0.0798689,-0,0,0.0433013,0.0299666,102.723,102.723
9.01011,-0,0,-0,0,0.130388,0.0798689,-0,0,0.0463573,0.0295635,102.723,102.723
9.0902,-0,0,-0,0,0.130388,0.0798689,-0,0,0.0404104,0.0306757,102.723,102.723
9.17023,-0,0,-0,0,0.130388,0.0798689,-0,0,0.0458694,0.0295635,102.723,102.723
9.25019,-0,0,-0,0,0.130388,0.0798689,-0,0,0.0401248,0.0291548,102.723,102.723
9.33012,-0,0,-0,0,0.130388,0.0798689,-0,0,0.0402368,0.0267208,102.723,102.723
9.41012,-0,0,-0,0,0.130388,0.0798689,-0,0,0.0455851,0.0252982,102.723,102.723
9.49013,-0,0,-0,0,0.130388,0.0798689,-0,0,0.0369594,0.0293939,102.723,102.723
9.5701,-0,0,-0,0,0.130388,0.0798689,-0,0,0.0396106,0.0237276,102.723,102.723
9.6501,-0,0,-0,0,0.130388,0.0798689,-0,0,0.0371753,0.0220454,102.723,102.723
9.7301,-0,0,-0,0,0.130388,0.0798689,-0,0,0.0354401,0.0274408,102.723,102.723
9.8101,-0,0,-0,0,0.130388,0.0798689,-0,0,0.0384838,0.0168226,102.723,102.723
9.89008,-0,0,-0,0,0.130388,0.0798689,-0,0,0.0363868,0.0227156,102.723,102.723
9.97008,-0,0,-0,0,0.130388,0.0798689,-0,0,0.0341467,0.0226495,102.723,102.723
10.0501,-0,0,-0,0,0.130388,0.0798689,-0,0.0567185,0.0355809,0.0168819,102.723,102.723
10.13,-0,0,-0,0,0.130388,0.078422,-0,0.0975211,0.0323265,0.0217945,102.723,102.723
10.21,-0,0,-0,0,0.130388,0.0720556,-0,0.127617,0.0330757,0.0141774,102.723,102.723
10.2901,-0,0,-0,0.00752388,0.130388,0.07003,-0,0.165236,0.0335559,0.0199499,102.723,102.062
10.3701,-0,0,-0,0.0364619,0.130388,0.07003,-0,0.197357,0.0292575,0.0187083,102.723,99.5179
10.45,-0,0,-0,0.0862352,0.130388,0.07003,-0,0.254944,0.0315595,0.0129615,102.723,95.1429
10.53,-0,0,-0,0.145558,0.130388,0.07003,-0,0.305585,0.0288097,0.0204695,102.723,89.9285
10.6101,-0,0,-0,0.197357,0.130388,0.07003,-0,0.347545,0.0287576,0.013784,102.723,85.3755
10.6901,-0,0,-0,0.237581,0.130388,0.07003,-0,0.369828,0.0298329,0.0133041,102.723,81.8399
10.77,-0,0,-0,0.268545,0.130388,0.07003,-0,0.370117,0.0274773,0.01772,102.723,79.1182
10.8501,-0,0,-0,0.287065,0.130388,0.0798689,-0,0.388059,0.0305123,0.0120416,102.723,77.4903
10.93,-0,0,-0,0.290538,0.130388,0.0798689,0.0076699,0.409473,0.0274591,0.0172337,102.723,77.1851
11.01,-0,0,-0,0.290538,0.130388,0.0720556,-0,0.410051,0.0262488,0.0131909,102.723,77.1851
11.09,-0,0,-0,0.291984,0.130388,0.0798689,-0,0.410051,0.0275862,0.0104881,102.723,77.0579
11.1701,-0,0,-0,0.29401,0.130388,0.0720556,-0,0.41989,0.0255734,0.0176918,102.723,76.8799
11.25,-0,0,-0,0.295457,0.130388,0.0798689,-0,0.465612,0.0269258,0.0117047,102.723,76.7527
11.33,-0,0,-0,0.296036,0.130388,0.0798689,-0,0.478056,0.0270924,0.0172046,102.723,76.7018
11.41,-0,0,-0,0.302981,0.130388,0.0798689,-0,0.52754,0.0256125,0.0144568,102.723,76.0914
11.49,-0,0,-0,0.321791,0.130388,0.0798689,-0,0.547796,0.0261916,0.011225,102.723,74.438
11.57,-0,0,-0,0.346967,0.130388,0.0798689,-0,0.548086,0.0275862,0.142776,102.723,72.2251
11.65,-0,0,-0,0.347835,0.130388,0.0798689,-0,0.550111,0.0289137,0.268041,102.723,72.1488
11.73,-0,0,-0,0.347835,0.130388,0.0798689,-0,0.559661,0.0273679,0.270268,102.723,72.1488
11.81,-0,0,-0,0.347835,0.130388,0.0798689,-0,0.566027,0.0272213,0.274264,102.723,72.1488
11.8899,-0,0,-0,0.347835,0.130388,0.0798689,-0,0.577892,0.0275862,0.273181,102.723,72.1488
11.9699,-0,0,-0,0.347835,0.130388,0.0798689,-0,0.589467,0.0295973,0.272377,102.723,72.1488
12.0499,-0,0,-0,0.347835,0.130388,0.0798689,-0,0.599885,0.0264386,0.277591,102.723,72.1488
12.1299,-0,0,-0,0.347835,0.130388,0.0798689,-0,0.599885,0.0283725,0.273364,102.723,72.1488
12.2099,-0,0,-0,0.347835,0.130388,0.0798689,-0,0.609724,0.0270924,0.276378,102.723,72.1488
12.2899,-0,0,-0,0.347835,0.130388,0.078422,-0,0.619852,0.0266458,0.275625,102.723,72.1488
12.37,-0,0,-0,0.347835,0.130388,0.0781326,-0,0.612039,0.0283373,0.276384,102.723,72.1488
12.45,-0,0,-0,0.347835,0.130388,0.0703193,-0,0.610013,0.0254755,0.28098,102.723,72.1488
12.5299,-0,0,-0,0.347835,0.130388,0.07003,-0,0.618116,0.0268701,0.275743,102.723,72.1488
12.61,-0,0,-0,0.347835,0.130388,0.07003,-0,0.610013,0.0247184,0.280737,102.723,72.1488
12.6899,-0,0,-0,0.347835,0.130388,0.07003,-0,0.619852,0.025318,0.279385,102.723,72.1488
12.7699,-0,0,-0,0.347835,0.130388,0.0781326,-0,0.637794,0.027,0.279873,102.723,72.1488
12.85,-0,0,-0,0.347835,0.130388,0.0717662,-0,0.640109,0.0241247,0.283819,102.723,72.1488
12.9299,-0,0,-0,0.347835,0.130388,0.07003,-0,0.640109,0.0259422,0.27895,102.723,72.1488
13.0099,-0,0,-0,0.347835,0.130388,0.07003,-0,0.649947,0.024779,0.279753,102.723,72.1488
13.0899,-0,0,-0,0.347835,0.130388,0.07003,-0.00153398,0.640398,0.025318,0.280587,102.723,72.1488
13.1699,-0,0,-0,0.347835,0.130388,0.0795795,-0,0.649947,0.0285132,0.278516,102.723,72.1488
13.2499,-0,0,-0,0.347835,0.130388,0.0703193,-0,0.649947,0.025807,0.281308,102.723,72.1488
13.3299,-0,0,-0,0.347835,0.130388,0.07003,-0,0.649947,0.0288617,0.279315,102.723,72.1488
13.4099,-0,0,-0,0.347835,0.130388,0.078422,-0,0.649947,0.0289137,0.276469,102.723,72.1488
13.4899,-0,0,-0,0.347835,0.130388,0.0798689,-0,0.649947,0.0321559,0.273637,102.723,72.1488
13.5699,-0,0,-0,0.347835,0.130388,0.0798689,-0,0.649947,0.0319218,0.273375,102.723,72.1488
13.6499,-0,0,-0,0.347835,0.130388,0.0798689,-0,0.649947,0.0320156,0.274667,102.723,72.1488
13.7299,-0,0,-0,0.347835,0.130388,0.0798689,-0,0.649947,0.0316702,0.274053,102.723,72.1488
13.8098,-0,0,-0,0.347835,0.130388,0.0798689,-0,0.659497,0.0333916,0.271676,102.723,72.1488
13.8899,-0,0,-0,0.347835,0.130388,0.0798689,-0,0.660076,0.0341906,0.272494,102.723,72.1488
13.9699,-0,0,-0,0.347835,0.130388,0.0798689,-0,0.660076,0.0348281,0.268764,102.723,72.1488
14.0499,-0,0,-0,0.347835,0.130388,0.0798689,-0,0.660076,0.0419762,0.263334,102.723,72.1488
14.1299,-0,0,-0,0.347835,0.130388,0.0798689,-0,0.660076,0.0357351,0.273082,102.723,72.1488
14.2099,-0,0,-0,0.347835,0.130388,0.0798689,-0,0.660076,0.0381314,0.269822,102.723,72.1488
14.2899,-0,0,-0,0.347835,0.130388,0.0798689,-0,0.660076,0.0382361,0.269935,102.723,72.1488
14.3698,-0,0,-0,0.347835,0.130388,0.0798689,-0,0.668468,0.0425676,0.2699,102.723,72.1488
14.4499,-0,0,-0,0.347835,0.130388,0.0798689,-0,0.669625,0.0414849,0.265754,102.723,72.1488
14.5299,-0,0,-0,0.347835,0.130388,0.0798689,-0,0.670204,0.0382884,0.267022,102.723,72.1488
14.6099,-0,0,-0,0.347835,0.130388,0.0798689,-0,0.669625,0.0432782,0.263744,102.723,72.1488
14.6899,-0,0,-0,0.347835,0.130388,0.0798689,-0,0.669915,0.0426732,0.263835,102.723,72.1488
14.7698,-0,0,-0,0.347835,0.130388,0.0798689,-0,0.669915,0.0503389,0.262496,102.723,72.1488
14.8499,-0,0,-0,0.347835,0.130388,0.0798689,-0,0.668178,0.045793,0.260019,102.723,72.1488
14.9298,-0,0,-0,0.347835,0.130388,0.0798689,-0,0.669915,0.0431856,0.262277,102.723,72.1488
15.0098,-0,0,-0,0.347835,0.130388,0.0798689,0.0076699,0.669625,0.0524595,0.26127,102.723,72.1488
15.0898,-0,0,-0,0.347835,0.130388,0.0798689,-0,0.669915,0.0480521,0.256583,102.723,72.1488
15.1698,-0,0,-0,0.347835,0.130388,0.0798689,-0,0.669915,0.0498397,0.259478,102.723,72.1488
15.2498,-0,0,-0,0.347835,0.130388,0.0798689,-0,0.669915,0.0500999,0.258509,102.723,72.1488
15.3298,-0,0,-0,0.347835,0.130388,0.0798689,-0,0.669915,0.0483115,0.25805,102.723,72.1488
15.4098,-0,0,-0,0.347835,0.130388,0.0798689,-0,0.669915,0.0487955,0.25884,102.723,72.1488
15.4897,-0,0,-0,0.347835,0.130388,0.0798689,-0,0.661812,0.0507346,0.256345,102.723,72.1488
15.5697,-0,0,-0,0.347835,0.130388,0.0798689,-0,0.660076,0.0488467,0.26123,102.723,72.1488
15.6497,-0,0,-0,0.347835,0.130388,0.0798689,-0,0.660076,0.0470106,0.26135,102.723,72.1488
15.7298,-0,0,-0,0.347835,0.130388,0.0798689,-0,0.660076,0.0459783,0.262099,102.723,72.1488
15.8097,-0,0,-0,0.347835,0.130388,0.0798689,-0,0.660076,0.0441475,0.264435,102.723,72.1488
15.8898,-0,0,-0,0.347835,0.130388,0.0798689,-0,0.660076,0.0464435,0.258619,102.723,72.1488
15.9697,-0,0,-0,0.347835,0.130388,0.0798689,-0,0.660076,0.0380132,0.269336,102.723,72.1488
16.0497,-0,0,-0,0.347835,0.130388,0.0798689,-0,0.667889,0.0416773,0.265737,102.723,72.1488
16.1297,-0,0,-0,0.347835,0.130388,0.0798689,-0,0.661812,0.0400999,0.267122,102.723,72.1488
16.2097,-0,0,-0,0.347835,0.130388,0.0798689,-0,0.661523,0.0388587,0.269275,102.723,72.1488
16.2897,-0,0,-0,0.347835,0.130388,0.0798689,-0,0.661523,0.0431509,0.266342,102.723,72.1488
16.3698,-0,0,-0,0.347835,0.130388,0.0798689,-0,0.660076,0.0348425,0.270675,102.723,72.1488
16.4497,-0,0,-0,0.347835,0.130388,0.0798689,-0,0.661523,0.0383797,0.269885,102.723,72.1488
16.5297,-0,0,-0,0.347835,0.130388,0.0798689,-0,0.660076,0.0377094,0.27052,102.723,72.1488
16.6097,-0,0,-0,0.347835,0.130388,0.0798689,-0,0.660076,0.0367423,0.272597,102.723,72.1488
16.6897,-0,0,-0,0.347835,0.130388,0.0798689,-0,0.660076,0.0367696,0.270747,102.723,72.1488
16.7697,-0,0,-0,0.347835,0.130388,0.0798689,-0,0.660076,0.0316702,0.27668,102.723,72.1488
16.8497,-0,0,-0,0.347835,0.130388,0.0798689,-0,0.660076,0.0320624,0.275371,102.723,72.1488
16.9297,-0,0,-0,0.347835,0.130388,0.0798689,-0,0.667889,0.0321714,0.273007,102.723,72.1488
17.0097,-0,0,-0,0.347835,0.130388,0.0798689,-0,0.669915,0.0307734,0.274805,102.723,72.1488
17.0897,-0,0,-0,0.347835,0.130388,0.0798689,-0,0.671651,0.03228,0.275585,102.723,72.1488
17.1697,-0,0,-0,0.347835,0.130388,0.0798689,-0,0.689593,0.0352278,0.274255,102.723,72.1488
17.2497,-0,0,-0,0.347835,0.130388,0.0899972,-0,0.699431,0.0288617,0.279458,102.723,72.1488
17.3297,-0,0,-0,0.347835,0.130388,0.0899972,-0,0.70001,0.0318277,0.274987,102.723,72.1488
17.4097,-0,0,-0,0.347835,0.130388,0.0899972,-0,0.711585,0.028178,0.279848,102.723,72.1488
17.4897,-0,0,-0,0.347835,0.130388,0.0899972,-0,0.710138,0.0298998,0.281018,102.723,72.1488
17.5697,-0,0,-0,0.347835,0.130388,0.0899972,-0,0.719688,0.0298329,0.2795,102.723,72.1488
17.6497,-0,0,-0,0.347835,0.130388,0.0899972,-0,0.719977,0.0268701,0.278916,102.723,72.1488
17.7297,-0,0,-0,0.347835,0.130388,0.0899972,-0,0.729527,0.0326956,0.277577,102.723,72.1488
17.8097,-0,0,-0,0.347835,0.130388,0.0899972,-0,0.737919,0.0295804,0.28098,102.723,72.1488
17.8897,-0,0,-0,0.347835,0.130388,0.0899972,-0,0.739945,0.0298831,0.278751,102.723,72.1488
17.9697,-0,0,-0,0.347835,0.130388,0.0899972,-0,0.739945,0.02995,0.279294,102.723,72.1488
18.0496,-0,0,-0,0.347835,0.130388,0.0899972,-0,0.739945,0.0275862,0.280325,102.723,72.1488
18.1297,-0,0,-0,0.347835,0.130388,0.0899972,-0,0.739945,0.0290861,0.278156,102.723,72.1488
18.2097,-0,0,-0,0.347835,0.130388,0.0899972,-0,0.739945,0.0282489,0.281093,102.723,72.1488
18.2897,-0,0,-0,0.347835,0.130388,0.0899972,-0,0.739945,0.0273861,0.281373,102.723,72.1488
18.3697,-0,0,-0,0.347835,0.130388,0.0899972,-0,0.739945,0.0290861,0.279342,102.723,72.1488
18.4497,-0,0,-0,0.347835,0.130388,0.0899972,-0,0.739945,0.0283901,0.28098,102.723,72.1488
18.5296,-0,0,-0,0.347835,0.130388,0.0899972,-0,0.739945,0.0304795,0.279948,102.723,72.1488
18.6096,-0,0,-0,0.347835,0.130388,0.0899972,-0,0.739945,0.0277669,0.281761,102.723,72.1488
18.6896,-0,0,-0,0.347835,0.130388,0.0899972,-0,0.739945,0.0275862,0.280658,102.723,72.1488
18.7696,-0,0,-0,0.347835,0.130388,0.0899972,-0,0.739945,0.0278209,0.279837,102.723,72.1488
18.8496,-0,0,-0,0.347835,0.130388,0.0899972,-0,0.739945,0.0270924,0.283565,102.723,72.1488
18.9295,-0,0,-0,0.347835,0.130388,0.0899972,-0,0.739945,0.0266458,0.279693,102.723,72.1488
19.0095,-0,0,-0,0.347835,0.130388,0.0899972,-0,0.739945,0.0286182,0.280205,102.723,72.1488
19.0896,-0,0,-0,0.347835,0.130388,0.0899972,-0,0.739945,0.0272213,0.28333,102.723,72.1488
19.1695,-0,0,-0,0.347835,0.130388,0.0899972,-0,0.739945,0.0293087,0.280523,102.723,72.1488
19.2495,-0,0,-0,0.347835,0.130388,0.0899972,-0,0.748047,0.0265707,0.280287,102.723,72.1488
19.3296,-0,0,-0,0.347835,0.130388,0.0899972,-0,0.739945,0.0277489,0.281583,102.723,72.1488
19.4095,-0,0,-0,0.347835,0.130388,0.0899972,-0,0.739945,0.0289137,0.279837,102.723,72.1488
19.4895,-0,0,-0,0.347835,0.130388,0.0899972,0.0076699,0.739945,0.0253772,0.2828,102.723,72.1488
19.5695,-0,0,-0,0.347835,0.130388,0.0899972,-0,0.739945,0.0288617,0.279948,102.723,72.1488
19.6495,-0,0,-0,0.347835,0.130388,0.0899972,-0,0.739945,0.0255147,0.2815,102.723,72.1488
19.7295,-0,0,-0,0.347835,0.130388,0.0899972,-0,0.740234,0.0264386,0.281235,102.723,72.1488
19.8095,-0,0,-0,0.347835,0.130388,0.0899972,-0,0.739945,0.0279643,0.281354,102.723,72.1488
19.8895,-0,0,-0,0.347835,0.130388,0.0899972,-0,0.739945,0.0260384,0.282308,102.723,72.1488
19.9695,-0,0,-0,0.347835,0.130388,0.0899972,-0,0.739945,0.0277669,0.279476,102.723,72.1488
20.0495,-0,0,-0,0.347835,0.130388,0.0899972,-0,0.70001,0.0308221,0.277879,102.723,72.1488
20.1294,-0,0,-0,0.347835,0.130388,0.0804476,-0,0.609434,0.0292575,0.280491,102.723,72.1488
20.2095,-0,0,-0,0.347835,0.130388,0.0899972,-0,0.507573,0.0306105,0.279045,102.723,72.1488
20.2895,-0,0,-0,0.347835,0.130388,0.0804476,-0,0.407447,0.0328024,0.277653,102.723,72.1488
20.3695,-0,0,-0,0.347835,0.130388,0.0798689,-0,0.265651,0.0352136,0.275951,102.723,72.1488
20.4495,-0,0,-0,0.347545,0.130388,0.0798689,-0,0.0818945,0.031273,0.269705,102.723,72.1742
20.5294,-0,0,-0,0.344652,0.130388,0.0781326,-0,0.00173628,0.0304959,0.222877,102.723,72.4286
20.6094,-0,0,-0,0.31716,0.130388,0.0781326,-0,0,0.0327719,0.0201494,102.723,74.845
20.6894,-0,0,-0,0.253497,0.130388,0.0795795,-0,0,0.0333916,0.0190263,102.723,80.4409
20.7694,-0,0,-0,0.169866,0.130388,0.0798689,-0,0,0.0323883,0.0169115,102.723,87.7919
20.8495,-0,0,-0,0.0824733,0.130388,0.0798689,-0,0,0.0379737,0.0156525,102.723,95.4736
20.9294,-0,0,-0,0.0147584,0.130388,0.0798689,-0,0,0.0385746,0.0235372,102.723,101.426
21.0094,-0,0,-0,0,0.130388,0.0798689,-0,0,0.0380132,0.0188414,102.723,102.723
21.0894,-0,0,-0,0,0.130388,0.0798689,-0,0,0.0405709,0.0186815,102.723,102.723
21.1694,-0,0,-0,0.00115752,0.130388,0.0798689,-0,0,0.0374299,0.0271846,102.723,102.621
21.2494,-0,0,-0,0.00376194,0.130388,0.0798689,-0,0,0.0412916,0.0197484,102.723,102.392
21.3294,-0,0,-0,0.00405132,0.130388,0.0798689,-0,0,0.037229,0.0230868,102.723,102.367
21.4094,-0,0,-0,0.00405132,0.130388,0.0798689,-0,0,0.0470106,0.0306757,102.723,102.367
21.4894,-0,0,-0,0.00405132,0.130388,0.0798689,-0,0,0.0483115,0.0237908,102.723,102.367
21.5694,-0,0,-0,0.00405132,0.130388,0.0798689,-0,0,0.0431856,0.031209,102.723,102.367
21.6494,-0,0,-0,0.00405132,0.130388,0.0798689,-0,0,0.0450222,0.0238537,102.723,102.367
21.7294,-0,0,-0,0.00405132,0.130388,0.0798689,-0,0,0.0441588,0.0314006,102.723,102.367
21.8094,-0,0,-0,0.00405132,0.130388,0.0798689,-0,0,0.0498999,0.031289,102.723,102.367
21.8894,-0,0,-0,0.00405132,0.130388,0.0798689,-0,0,0.0541572,0.032078,102.723,102.367
21.9693,-0,0,-0,0.00405132,0.130388,0.0798689,-0,0,0.0496588,0.0382361,102.723,102.367
22.0493,-0,0,-0,0.00405132,0.130388,0.0798689,-0,0,0.0506754,0.0314484,102.723,102.367
22.1293,-0,0,-0,0.00405132,0.130388,0.0798689,-0,0,0.0492037,0.0322025,102.723,102.367
22.2094,-0,0,-0,0.00405132,0.130388,0.0798689,-0,0,0.0474447,0.0381314,102.723,102.367
22.2895,-0,0,-0,0.00405132,0.130388,0.0798689,-0,0,0.0512835,0.0280179,102.723,102.367
22.3694,-0,0,-0,0.00405132,0.130388,0.0798689,-0,0,0.04755,0.0358887,102.723,102.367
22.4493,-0,0,-0,0.00405132,0.130388,0.0798689,-0,0,0.0445533,0.0290861,102.723,102.367
22.5293,-0,0,-0,0.00405132,0.130388,0.0798689,-0,0,0.0488467,0.0297658,102.723,102.367
22.6093,-0,0,-0,0.00405132,0.130388,0.0798689,-0,0,0.0412189,0.0294449,102.723,102.367
22.6894,-0,0,-0,0.00405132,0.130388,0.0798689,-0,0,0.0462709,0.0237908,102.723,102.367
22.7693,-0,0,-0,0.00405132,0.130388,0.0798689,-0,0,0.043566,0.0278209,102.723,102.367
22.8493,-0,0,-0,0.00405132,0.130388,0.0798689,-0,0,0.0391663,0.0255343,102.723,102.367
22.9294,-0,0,-0,0.00405132,0.130388,0.0798689,-0,0,0.0460977,0.0232809,102.723,102.367
23.0093,-0,0,-0,0.00405132,0.130388,0.0798689,-0,0,0.0374967,0.0247588,102.723,102.367
23.0892,-0,0,-0,0.00405132,0.130388,0.0798689,-0,0,0.0404228,0.0228473,102.723,102.367
23.1692,-0,0,-0,0.00405132,0.130388,0.0798689,-0,0,0.0412311,0.0209045,102.723,102.367
23.2493,-0,0,-0,0.00405132,0.130388,0.0798689,-0,0,0.0358608,0.0229782,102.723,102.367
23.3293,-0,0,-0,0.00405132,0.130388,0.0798689,-0,0,0.0424028,0.0193391,102.723,102.367
23.4093,-0,0,-0,0.00405132,0.130388,0.0798689,-0,0,0.0358887,0.020664,102.723,102.367
23.4893,-0,0,-0,0.00405132,0.130388,0.0798689,-0,0,0.0351426,0.015906,102.723,102.367
23.5693,-0,0,-0,0.00405132,0.130388,0.0798689,-0,0,0.0342491,0.0195448,102.723,102.367
23.6493,-0,0,-0,0.00405132,0.130388,0.0798689,-0,0,0.0336155,0.0247184,102.723,102.367
23.7293,-0,0,-0,0.00405132,0.130388,0.0798689,-0,0,0.0340734,0.0125698,102.723,102.367
23.8093,-0,0,-0,0.00405132,0.130388,0.0798689,-0,0,0.031289,0.0200998,102.723,102.367
23.8893,-0,0,-0,0.00405132,0.130388,0.0798689,-0,0,0.0347275,0.0161245,102.723,102.367
23.9693,-0,0,-0,0.00405132,0.130388,0.0798689,-0,0,0.0349142,0.0128452,102.723,102.367
24.0493,-0,0,-0,0.00405132,0.130388,0.0798689,-0,0,0.0306757,0.0209045,102.723,102.367
24.1293,-0,0,-0,0.00405132,0.130388,0.0798689,-0,0,0.0297321,0.0124499,102.723,102.367
24.2093,-0,0,-0,0.00405132,0.130388,0.0798689,-0,0,0.030282,0.0180555,102.723,102.367
24.2893,-0,0,-0,0.00405132,0.130388,0.0798689,-0,0,0.028178,0.0170294,102.723,102.367
24.3693,-0,0,-0,0.00405132,0.130388,0.0798689,-0,0,0.0292916,0.0120416,102.723,102.367
24.4492,-0,0,-0,0.00405132,0.130388,0.0798689,-0,0,0.0288097,0.018868,102.723,102.367
24.5292,-0,0,-0,0.00405132,0.130388,0.0798689,-0,0,0.0308707,0.0117047,102.723,102.367
24.6092,-0,0,-0,0.00405132,0.130388,0.0798689,-0,0,0.0272947,0.0151658,102.723,102.367
24.6892,-0,0,-0,0.00405132,0.130388,0.0798689,-0,0,0.0283373,0.0172337,102.723,102.367
24.7692,-0,0,-0,0.00405132,0.130388,0.0798689,-0,0,0.0304302,0.0103441,102.723,102.367
24.8493,-0,0,-0,0.00405132,0.130388,0.0798689,-0,0,0.027,0.0188149,102.723,102.367
24.9292,-0,0,-0,0.00405132,0.130388,0.0798689,-0,0,0.0283725,0.0136382,102.723,102.367
25.0091,-0,0,-0,0.00405132,0.130388,0.0798689,-0,0,0.028178,0.0118743,102.723,102.367
25.0892,-0,0,-0,0.00405132,0.130388,0.0798689,-0,0,0.0265707,0.0156844,102.723,102.367
25.1691,-0,0,-0,0.00405132,0.130388,0.0798689,-0,0,0.0286007,0.0102956,102.723,102.367
25.2492,-0,0,-0,0.00405132,0.130388,0.0798689,-0,0,0.0284605,0.0165831,102.723,102.367
25.3292,-0,0,-0,0.00405132,0.130388,0.0798689,-0,0,0.0264764,0.0172337,102.723,102.367
25.4091,-0,0,-0,0.00405132,0.130388,0.0798689,-0,0,0.0272947,0.0106301,102.723,102.367
25.4891,-0,0,-0,0.00405132,0.130388,0.0798689,-0,0,0.0264197,0.0155563,102.723,102.367
25.5691,-0,0,-0,0.00405132,0.130388,0.0798689,-0,0,0.0266833,0.00953939,102.723,102.367
25.6491,-0,0,-0,0.00405132,0.130388,0.0798689,-0,0,0.025807,0.0150665,102.723,102.367
25.7291,-0,0,-0,0.00405132,0.130388,0.0798689,-0,0,0.0267021,0.0181659,102.723,102.367
25.8091,-0,0,-0,0.00405132,0.130388,0.0798689,-0,0,0.0260384,0.00830662,102.723,102.367
25.8891,-0,0,-0,0.00405132,0.130388,0.0798689,-0,0,0.025671,0.0175499,102.723,102.367
25.9691,-0,0,-0,0.00405132,0.130388,0.0798689,-0,0,0.0267021,0.0136748,102.723,102.367
26.0491,-0,0,-0,0.00405132,0.130388,0.0798689,-0,0,0.0275862,0.0104403,102.723,102.367
26.1291,-0,0,-0,0.00405132,0.130388,0.0879715,-0,0,0.0255734,0.01772,102.723,102.367
26.2091,-0,0,-0,0.00405132,0.130388,0.0899972,-0,0,0.0272029,0.00824621,102.723,102.367
26.2891,-0,0,-0,0.00405132,0.130388,0.0899972,-0,0,0.0279464,0.013784,102.723,102.367
26.3691,-0,0,-0,0.00405132,0.130388,0.0899972,-0,0,0.0246779,0.0137477,102.723,102.367
26.4491,-0,0,-0,0.00405132,0.130388,0.0899972,-0,0,0.0273313,0.00953939,102.723,102.367
26.5291,-0,0,-0,0.00405132,0.130388,0.0899972,-0,0,0.0260192,0.0139642,102.723,102.367
26.6091,-0,0,-0,0.00405132,0.130388,0.0899972,-0,0,0.025318,0.0110905,102.723,102.367
26.6891,-0,0,-0,0.00405132,0.130388,0.0899972,-0,0,0.0260192,0.0192094,102.723,102.367
26.7691,-0,0,-0,0.00405132,0.130388,0.0882609,-0,0,0.0286705,0.0137477,102.723,102.367
26.8491,-0,0,-0,0.00405132,0.130388,0.0882609,-0,0,0.0300167,0.0106771,102.723,102.367
26.929,-0,0,-0,0.00405132,0.130388,0.0801583,-0,0,0.0260768,0.0180278,102.723,102.367
27.009,-0,0,-0,0.00405132,0.130388,0.0899972,-0,0,0.0355809,0.0156205,102.723,102.367
27.089,-0,0,-0,0.00405132,0.130388,0.0899972,-0,0,0.0342345,0.0164012,102.723,102.367
27.169,-0,0,-0,0.00405132,0.130388,0.0899972,-0,0,0.0292575,0.0206155,102.723,102.367
27.249,-0,0,-0,0.00405132,0.130388,0.0899972,-0,0,0.0364692,0.0156525,102.723,102.367
27.329,-0,0,-0,0.00405132,0.130388,0.0879715,-0,0,0.0369324,0.0208087,102.723,102.367
27.409,-0,0,-0,0.00405132,0.130388,0.0899972,-0,0,0.0343074,0.0228692,102.723,102.367
27.489,-0,0,-0,0.00405132,0.130388,0.0899972,-0,0,0.0379868,0.0172627,102.723,102.367
27.569,-0,0,-0,0.00405132,0.130388,0.0899972,-0,0,0.0369053,0.0236008,102.723,102.367
27.649,-0,0,-0,0.00405132,0.130388,0.0899972,-0,0,0.0400125,0.0219773,102.723,102.367
27.7291,-0,0,-0,0.00405132,0.130388,0.0899972,-0,0,0.0398246,0.0272213,102.723,102.367
27.809,-0,0,-0,0.00405132,0.130388,0.0899972,-0,0,0.0360555,0.0249199,102.723,102.367
27.889,-0,0,-0,0.00405132,0.130388,0.0899972,-0,0,0.0451442,0.0256515,102.723,102.367
27.969,-0,0,-0,0.00405132,0.130388,0.0899972,-0,0,0.039128,0.0284429,102.723,102.367
28.049,-0,0,-0,0.00405132,0.130388,0.0899972,-0,0,0.0389102,0.0216795,102.723,102.367
28.129,-0,0,-0,0.00405132,0.130388,0.0899972,-0,0,0.0433705,0.0275862,102.723,102.367
28.209,-0,0,-0,0.00405132,0.130388,0.0899972,-0,0,0.0413884,0.0326956,102.723,102.367
28.289,-0,0,-0,0.00405132,0.130388,0.0899972,-0,0,0.0466905,0.0265895,102.723,102.367
28.3689,-0,0,-0,0.00405132,0.130388,0.0899972,-0,0,0.0473498,0.0303645,102.723,102.367
28.449,-0,0,-0,0.00405132,0.130388,0.0899972,-0,0,0.0457275,0.0377492,102.723,102.367
28.5289,-0,0,-0,0.00405132,0.130388,0.0899972,-0,0,0.044643,0.0311288,102.723,102.367
28.6089,-0,0,-0,0.00405132,0.130388,0.0899972,-0,0,0.0488467,0.0357911,102.723,102.367
28.6889,-0,0,-0,0.00405132,0.130388,0.0899972,-0,0,0.0537866,0.038,102.723,102.367
28.769,-0,0,-0,0.00405132,0.130388,0.0818945,-0,0,0.0517301,0.0382099,102.723,102.367
28.849,-0,0,-0,0.00405132,0.130388,0.0798689,-0,0,0.0495379,0.0389487,102.723,102.367
28.929,-0,0,-0,0.00405132,0.130388,0.0897078,-0,0,0.0503389,0.0298998,102.723,102.367
29.009,-0,0,-0,0.00405132,0.130388,0.0899972,-0,0,0.0495379,0.0404475,102.723,102.367
29.089,-0,0,-0,0.00405132,0.130388,0.0899972,-0,0,0.0481768,0.0359026,102.723,102.367
29.1689,-0,0,-0,0.00405132,0.130388,0.0899972,-0,0,0.0489285,0.0306757,102.723,102.367
29.2489,-0,0,-0,0.00405132,0.130388,0.0899972,-0,0,0.0447325,0.0376962,102.723,102.367
29.3289,-0,0,-0,0.00405132,0.130388,0.0897078,-0,0,0.0471275,0.0276586,102.723,102.367
29.4089,-0,0,-0,0.00405132,0.130388,0.0899972,-0,0,0.0462709,0.0314006,102.723,102.367
29.4889,-0,0,-0,0.00405132,0.130388,0.0899972,-0,0,0.0417732,0.031686,102.723,102.367
29.5689,-0,0,-0,0.00405132,0.130388,0.0899972,-0,0,0.0468615,0.02502,102.723,102.367
29.6489,-0,0,-0,0.00405132,0.130388,0.0899972,-0,0,0.0414488,0.0282312,102.723,102.367
29.7289,-0,0,-0,0.00405132,0.130388,0.0818945,-0,0,0.0408656,0.0304302,102.723,102.367
29.8089,-0,0,-0,0.00405132,0.130388,0.0798689,-0,0,0.0438748,0.0281069,102.723,102.367
29.8889,-0,0,-0,0.00405132,0.130388,0.0798689,-0,0,0.0353553,0.02502,102.723,102.367
29.9689,-0,0,-0,0.00405132,0.130388,0.0798689,-0,0.0431176,0.0429535,0.0276586,102.723,102.367
30.0488,-0,0,-0,0.00405132,0.130388,0.0798689,-0,0.11662,0.0392556,0.0183576,102.723,102.367
30.1289,-0,0,-0,0.00405132,0.130388,0.0798689,-0,0.184335,0.0398623,0.0224722,102.723,102.367
30.2089,-0,0,-0,0.0130221,0.130388,0.0798689,-0,0.253208,0.0350714,0.0228692,102.723,101.578
30.2888,-0,0,-0,0.051799,0.130388,0.0798689,-0,0.277515,0.0395601,0.0172627,102.723,98.1698
30.3688,-0,0,-0,0.123276,0.130388,0.0879715,-0,0.335391,0.0345254,0.020347,102.723,91.8871
30.4489,-0,0,-0,0.208354,0.130388,0.0882609,-0,0.377352,0.0352136,0.0170294,102.723,84.4089
30.5288,-0,0,-0,0.288801,0.130388,0.0801583,-0,0.416997,0.0345543,0.0182209,102.723,77.3377
30.6088,-0,0,-0,0.340021,0.130388,0.0798689,-0,0.437543,0.032078,0.0201246,102.723,72.8355
30.6888,-0,0,-0,0.343205,0.130388,0.0798689,-0,0.44796,0.0345543,0.15283,102.723,72.5557
30.7688,-0,0,-0,0.343205,0.130388,0.0897078,0.0076699,0.477766,0.0301164,0.148297,102.723,72.5557
30.8488,-0,0,-0,0.343205,0.130388,0.0899972,0.0107379,0.509888,0.0318904,0.148432,102.723,72.5557
30.9288,-0,0,-0,0.343205,0.130388,0.0899972,0.0107379,0.529565,0.0329393,0.148489,102.723,72.5557
31.0088,-0,0,-0,0.343205,0.130388,0.0899972,0.0076699,0.547507,0.0289137,0.154897,102.723,72.5557
31.0888,-0,0,-0,0.343205,0.130388,0.0899972,-0,0.549822,0.0302324,0.153056,102.723,72.5557
31.1688,-0,0,-0,0.343205,0.130388,0.0899972,-0,0.568053,0.0294279,0.155309,102.723,72.5557
31.2488,-0,0,-0,0.343205,0.130388,0.0899972,-0,0.568342,0.0292575,0.154094,102.723,72.5557
31.3288,-0,0,-0,0.343205,0.130388,0.0899972,-0,0.579628,0.0296816,0.154693,102.723,72.5557
31.4088,-0,0,-0,0.343205,0.130388,0.0899972,0.0076699,0.590046,0.0290689,0.156831,102.723,72.5557
31.4889,-0,0,-0,0.343205,0.130388,0.0899972,-0,0.599885,0.0302324,0.156064,102.723,72.5557
31.5688,-0,0,-0,0.343205,0.130388,0.0899972,-0,0.599885,0.0307896,0.156582,102.723,72.5557
31.6488,-0,0,-0,0.343205,0.130388,0.0899972,-0,0.599885,0.0297658,0.158357,102.723,72.5557
31.7288,-0,0,-0,0.343205,0.130388,0.0899972,-0,0.599885,0.030133,0.155913,102.723,72.5557
31.8088,-0,0,-0,0.343205,0.130388,0.0899972,-0,0.599885,0.0293428,0.15774,102.723,72.5557
31.8888,-0,0,-0,0.343205,0.130388,0.0899972,-0,0.609724,0.02995,0.158259,102.723,72.5557
31.9688,-0,0,-0,0.343205,0.130388,0.0899972,-0,0.607987,0.0292746,0.157642,102.723,72.5557
32.0488,-0,0,-0,0.343205,0.130388,0.0899972,-0,0.600464,0.0260768,0.162837,102.723,72.5557
32.1287,-0,0,-0,0.343205,0.130388,0.0899972,0.00153398,0.610013,0.0292575,0.157286,102.723,72.5557
32.2087,-0,0,-0,0.343205,0.130388,0.0899972,-0,0.610013,0.0286182,0.159154,102.723,72.5557
32.2888,-0,0,-0,0.343205,0.130388,0.0899972,-0,0.610013,0.0283725,0.158688,102.723,72.5557
32.3687,-0,0,-0,0.343205,0.130388,0.0899972,-0,0.610013,0.0308221,0.15813,102.723,72.5557
32.4487,-0,0,-0,0.343205,0.130388,0.0899972,-0,0.610013,0.0264764,0.162351,102.723,72.5557
32.5287,-0,0,-0,0.343205,0.130388,0.0899972,-0,0.610013,0.0294788,0.162678,102.723,72.5557
32.6087,-0,0,-0,0.343205,0.130388,0.0899972,-0,0.610013,0.0273679,0.162472,102.723,72.5557
32.6887,-0,0,-0,0.343205,0.130388,0.0899972,-0,0.610013,0.0272213,0.161009,102.723,72.5557
32.7687,-0,0,-0,0.343205,0.130388,0.0899972,-0,0.610013,0.0283725,0.161009,102.723,72.5557
32.8487,-0,0,-0,0.343205,0.130388,0.0998361,-0,0.610013,0.0261725,0.165279,102.723,72.5557
32.9287,-0,0,-0,0.343205,0.130388,0.100125,-0,0.610013,0.0272213,0.161864,102.723,72.5557
33.0087,-0,0,-0,0.343205,0.130388,0.100125,-0,0.610013,0.0248797,0.1599,102.723,72.5557
33.0887,-0,0,-0,0.343205,0.130388,0.100125,-0,0.610013,0.0257876,0.161354,102.723,72.5557
33.1687,-0,0,-0,0.343205,0.130388,0.100125,-0,0.610013,0.0271662,0.162105,102.723,72.5557
33.2487,-0,0,-0,0.343205,0.130388,0.100125,0.0076699,0.610013,0.0278568,0.161901,102.723,72.5557
33.3287,-0,0,-0,0.343205,0.130388,0.100125,-0,0.610013,0.0250799,0.165861,102.723,72.5557
33.4086,-0,0,-0,0.343205,0.130388,0.100125,-0,0.610013,0.0267021,0.16281,102.723,72.5557
33.4886,-0,0,-0,0.343205,0.130388,0.100125,-0,0.610013,0.0278927,0.162015,102.723,72.5557
33.5686,-0,0,-0,0.343205,0.130388,0.100125,-0,0.610013,0.0296311,0.161453,102.723,72.5557
33.6486,-0,0,-0,0.343205,0.130388,0.100125,-0,0.610013,0.0265707,0.162837,102.723,72.5557
33.7286,-0,0,-0,0.343205,0.130388,0.100125,0.0076699,0.610013,0.0284605,0.159449,102.723,72.5557
33.8086,-0,0,-0,0.343205,0.130388,0.100125,-0,0.610013,0.0321559,0.157496,102.723,72.5557
33.8886,-0,0,-0,0.343205,0.130388,0.100125,-0,0.610013,0.0310484,0.158534,102.723,72.5557
33.9686,-0,0,-0,0.343205,0.130388,0.100125,-0,0.610013,0.0311288,0.157423,102.723,72.5557
34.0486,-0,0,-0,0.343205,0.130388,0.100125,-0,0.610013,0.030133,0.160966,102.723,72.5557
34.1286,-0,0,-0,0.343205,0.130388,0.100125,-0,0.610013,0.031273,0.160549,102.723,72.5557
34.2086,-0,0,-0,0.343205,0.130388,0.100125,-0,0.610013,0.0367831,0.152082,102.723,72.5557
34.2886,-0,0,-0,0.343205,0.130388,0.100125,-0,0.610013,0.0331964,0.155824,102.723,72.5557
34.3686,-0,0,-0,0.343205,0.130388,0.100125,-0,0.610013,0.0376298,0.153997,102.723,72.5557
34.4486,-0,0,-0,0.343205,0.130388,0.107939,0.0076699,0.610013,0.0359026,0.154771,102.723,72.5557
34.5286,-0,0,-0,0.343205,0.130388,0.109964,-0,0.610013,0.0397366,0.151318,102.723,72.5557
34.6086,-0,0,-0,0.343205,0.130388,0.109964,-0,0.610013,0.0437493,0.148088,102.723,72.5557
34.6886,-0,0,-0,0.343205,0.130388,0.109964,-0,0.610013,0.0396358,0.148812,102.723,72.5557
34.7686,-0,0,-0,0.343205,0.130388,0.109964,-0,0.610013,0.03937,0.149606,102.723,72.5557
34.8486,-0,0,-0,0.343205,0.130388,0.109964,-0,0.610013,0.0429069,0.149462,102.723,72.5557
34.9286,-0,0,-0,0.343205,0.130388,0.109964,-0,0.610013,0.0395727,0.150983,102.723,72.5557
35.0086,-0,0,-0,0.343205,0.130388,0.109964,0.00153398,0.610013,0.0453211,0.143621,102.723,72.5557
35.0885,-0,0,-0,0.343205,0.130388,0.109964,-0,0.610013,0.0471381,0.142429,102.723,72.5557
35.1686,-0,0,-0,0.343205,0.130388,0.109964,0.0076699,0.610013,0.0424853,0.15177,102.723,72.5557
35.2485,-0,0,-0,0.343205,0.130388,0.109964,-0.0076699,0.610013,0.0482494,0.14367,102.723,72.5557
35.3285,-0,0,-0,0.343205,0.130388,0.109964,0.0076699,0.610013,0.049,0.139104,102.723,72.5557
35.4086,-0,0,-0,0.343205,0.130388,0.109964,0.0076699,0.610013,0.0489898,0.145798,102.723,72.5557
35.4885,-0,0,-0,0.343205,0.130388,0.109964,0.0076699,0.610013,0.054,0.137891,102.723,72.5557
35.5686,-0,0,-0,0.343205,0.130388,0.109964,0.0076699,0.610013,0.0467868,0.141174,102.723,72.5557
35.6485,-0,0,-0,0.343205,0.130388,0.109964,-0,0.610013,0.0511566,0.140435,102.723,72.5557
35.7285,-0,0,-0,0.343205,0.130388,0.111701,0.00153398,0.610013,0.0513517,0.141266,102.723,72.5557
35.8085,-0,0,-0,0.343205,0.130388,0.119514,0.00153398,0.610302,0.0464004,0.145743,102.723,72.5557
35.8885,-0,0,-0,0.343205,0.130388,0.120093,0.00920388,0.618116,0.0523546,0.139979,102.723,72.5557
35.9685,-0,0,-0,0.343205,0.130388,0.120093,0.0076699,0.619852,0.045793,0.154305,102.723,72.5557
36.0485,-0,0,-0,0.343205,0.130388,0.120093,0.0076699,0.620141,0.0436921,0.147306,102.723,72.5557
36.1285,-0,0,-0,0.343205,0.130388,0.120093,0.00153398,0.620141,0.044699,0.143349,102.723,72.5557
36.2085,-0,0,-0,0.343205,0.130388,0.120093,-0,0.627955,0.0401746,0.152624,102.723,72.5557
36.2885,-0,0,-0,0.343205,0.130388,0.120093,0.00153398,0.621588,0.0459239,0.147723,102.723,72.5557
36.3685,-0,0,-0,0.343205,0.130388,0.120093,-0,0.620431,0.0417133,0.14825,102.723,72.5557
36.4485,-0,0,-0,0.343205,0.130388,0.120093,-0,0.620141,0.0397744,0.151013,102.723,72.5557
36.5285,-0,0,-0,0.343205,0.130388,0.120093,0.0076699,0.620141,0.0454863,0.149676,102.723,72.5557
36.6085,-0,0,-0,0.343205,0.130388,0.120093,0.0076699,0.62998,0.0420238,0.150655,102.723,72.5557
36.6885,-0,0,-0,0.343205,0.130388,0.120093,0.00153398,0.628533,0.0392301,0.151023,102.723,72.5557
36.7685,-0,0,-0,0.343205,0.130388,0.120093,-0,0.629691,0.0384968,0.153379,102.723,72.5557
36.8485,-0,0,-0,0.343205,0.130388,0.120093,0.00153398,0.621878,0.0343074,0.155557,102.723,72.5557
36.9285,-0,0,-0,0.343205,0.130388,0.120093,0.00153398,0.62998,0.0384838,0.153652,102.723,72.5557
37.0085,-0,0,-0,0.343205,0.130388,0.120093,0.00920388,0.62998,0.0353977,0.155235,102.723,72.5557
37.0884,-0,0,-0,0.343205,0.130388,0.120093,0.0076699,0.62998,0.0331813,0.157778,102.723,72.5557
37.1684,-0,0,-0,0.343205,0.130388,0.120093,0.0076699,0.620141,0.0360832,0.155824,102.723,72.5557
37.2484,-0,0,-0,0.343205,0.130388,0.120093,-0,0.620141,0.0323419,0.158512,102.723,72.5557
37.3284,-0,0,-0,0.343205,0.130388,0.120093,-0,0.627955,0.0363868,0.158499,102.723,72.5557
37.4085,-0,0,-0,0.343205,0.130388,0.120093,-0,0.620141,0.0322955,0.158578,102.723,72.5557
37.4884,-0,0,-0,0.343205,0.130388,0.120093,-0,0.620431,0.0314484,0.16204,102.723,72.5557
37.5684,-0,0,-0,0.343205,0.130388,0.120093,0.00153398,0.620141,0.0326497,0.160512,102.723,72.5557
37.6485,-0,0,-0,0.343205,0.130388,0.120093,0.0076699,0.620141,0.0298161,0.163297,102.723,72.5557
37.7284,-0,0,-0,0.343205,0.130388,0.120093,0.0076699,0.62998,0.0297321,0.162114,102.723,72.5557
37.8084,-0,0,-0,0.343205,0.130388,0.120093,0.00920388,0.62998,0.0292233,0.163625,102.723,72.5557
37.8884,-0,0,-0,0.343205,0.130388,0.120093,0.00920388,0.62998,0.0288617,0.162351,102.723,72.5557
37.9684,-0,0,-0,0.343205,0.130388,0.120093,-0,0.62998,0.0302324,0.160726,102.723,72.5557
38.0484,-0,0,-0,0.343205,0.130388,0.120093,-0,0.62998,0.0278927,0.163196,102.723,72.5557
38.1284,-0,0,-0,0.343205,0.130388,0.120093,-0,0.62998,0.027037,0.162388,102.723,72.5557
38.2084,-0,0,-0,0.343205,0.130388,0.120093,0.0076699,0.62998,0.02995,0.162533,102.723,72.5557
38.2884,-0,0,-0,0.343205,0.130388,0.120093,0.0076699,0.62998,0.0264764,0.165931,102.723,72.5557
38.3684,-0,0,-0,0.343205,0.130388,0.120093,-0,0.62998,0.028178,0.163193,102.723,72.5557
38.4484,-0,0,-0,0.343205,0.130388,0.120093,0.0076699,0.62998,0.0306105,0.16122,102.723,72.5557
38.5283,-0,0,-0,0.343205,0.130388,0.120093,-0,0.62998,0.0261725,0.164457,102.723,72.5557
38.6084,-0,0,-0,0.343205,0.130388,0.120093,0.00153398,0.62998,0.0288097,0.163077,102.723,72.5557
38.6884,-0,0,-0,0.343205,0.130388,0.120093,-0,0.62998,0.0278029,0.16375,102.723,72.5557
38.7683,-0,0,-0,0.343205,0.130388,0.120093,-0,0.62998,0.0288097,0.164566,102.723,72.5557
38.8483,-0,0,-0,0.343205,0.130388,0.120093,-0,0.62998,0.0260192,0.16261,102.723,72.5557
38.9283,-0,0,-0,0.343205,0.130388,0.120093,-0,0.62998,0.0268701,0.165378,102.723,72.5557
39.0083,-0,0,-0,0.343205,0.130388,0.120093,0.00306796,0.62998,0.0290861,0.164286,102.723,72.5557
39.0883,-0,0,-0,0.343205,0.130388,0.120093,0.0076699,0.62998,0.0271293,0.1678,102.723,72.5557
39.1683,-0,0,-0,0.343205,0.130388,0.120093,0.0076699,0.62998,0.0274591,0.162911,102.723,72.5557
39.2483,-0,0,-0,0.343205,0.130388,0.120093,-0,0.62998,0.0267208,0.161867,102.723,72.5557
39.3283,-0,0,-0,0.343205,0.130388,0.120093,-0,0.62998,0.0251992,0.165949,102.723,72.5557
39.4083,-0,0,-0,0.343205,0.130388,0.120093,-0,0.62998,0.0294958,0.164015,102.723,72.5557
39.4883,-0,0,-0,0.343205,0.130388,0.120093,-0,0.62998,0.0274591,0.165279,102.723,72.5557
39.5682,-0,0,-0,0.343205,0.130388,0.120093,0.00153398,0.62998,0.0260768,0.165273,102.723,72.5557
39.6483,-0,0,-0,0.343205,0.130388,0.120093,0.00153398,0.62998,0.025807,0.163759,102.723,72.5557
39.7283,-0,0,-0,0.343205,0.130388,0.120093,0.0076699,0.62998,0.0260192,0.166054,102.723,72.5557
39.8082,-0,0,-0,0.343205,0.130388,0.120093,-0,0.62998,0.0243721,0.166484,102.723,72.5557
39.8883,-0,0,-0,0.343205,0.130388,0.120093,-0,0.62998,0.0252389,0.167383,102.723,72.5557
39.9683,-0,0,-0,0.343205,0.130388,0.120093,0.0076699,0.62998,0.0236008,0.1686,102.723,72.5557
40.0483,-0,0,-0,0.343205,0.130388,0.120093,-0,0.62998,0.0251595,0.164845,102.723,72.5557
40.1283,-0,0,-0,0.343205,0.130388,0.120093,-0,0.62998,0.0246171,0.166331,102.723,72.5557
40.2083,-0,0,-0,0.343205,0.130388,0.120093,-0,0.620431,0.0283725,0.165291,102.723,72.5557
40.2883,-0,0,-0,0.343205,0.130388,0.120093,-0,0.620141,0.0268701,0.161555,102.723,72.5557
40.3683,-0,0,-0,0.343205,0.130388,0.120093,-0,0.585994,0.0256515,0.168861,102.723,72.5557
40.4483,-0,0,-0,0.343205,0.130388,0.11199,-0,0.468506,0.0268701,0.166232,102.723,72.5557
40.5282,-0,0,-0,0.343205,0.130388,0.109964,-0,0.302981,0.0299833,0.161335,102.723,72.5557
40.6082,-0,0,-0,0.343205,0.130388,0.109964,-0,0.180284,0.0261151,0.167434,102.723,72.5557
40.6882,-0,0,-0,0.343205,0.130388,0.109675,-0,0.0272017,0.0319218,0.1599,102.723,72.5557
40.7682,-0,0,-0,0.330472,0.130388,0.109964,-0,0,0.0308221,0.0518556,102.723,73.6749
40.8482,-0,0,-0,0.283592,0.130388,0.109964,-0,0,0.0331813,0.0194422,102.723,77.7956
40.9282,-0,0,-0,0.208932,0.130388,0.101862,-0,0,0.0348999,0.0123693,102.723,84.3581
41.0082,-0,0,-0,0.122118,0.130388,0.100125,-0,0,0.0325269,0.0171172,102.723,91.9889
41.0882,-0,0,-0,0.0431176,0.130388,0.100125,-0,0,0.0379737,0.019105,102.723,98.9329
41.1682,-0,0,-0,0,0.130388,0.107939,-0,0,0.0350143,0.0189209,102.723,102.723
41.2482,-0,0,-0,0,0.130388,0.101862,-0,0,0.0340588,0.0153948,102.723,102.723
41.3282,-0,0,-0,0,0.130388,0.109964,-0,0,0.04005,0.0175214,102.723,102.723
41.4082,-0,0,-0,0.0028938,0.130388,0.109964,-0,0,0.0386264,0.0253377,102.723,102.468
41.4882,-0,0,-0,0.00376194,0.130388,0.109964,-0,0,0.0437035,0.023622,102.723,102.392
41.5681,-0,0,-0,0.00376194,0.130388,0.109964,-0,0,0.0407554,0.0224499,102.723,102.392
41.6482,-0,0,-0,0.00376194,0.130388,0.109964,-0,0,0.037027,0.0273679,102.723,102.392
41.7281,-0,0,-0,0.00376194,0.130388,0.109964,-0,0,0.0433359,0.0219545,102.723,102.392
41.8081,-0,0,-0,0.00376194,0.130388,0.109964,-0,0,0.0465618,0.0297321,102.723,102.392
41.8881,-0,0,-0,0.00376194,0.130388,0.109964,-0,0,0.0424971,0.0304795,102.723,102.392
41.9682,-0,0,-0,0.00376194,0.130388,0.109964,-0,0,0.0488467,0.0306105,102.723,102.392
42.0482,-0,0,-0,0.00376194,0.130388,0.109964,-0,0,0.0454753,0.0328024,102.723,102.392
42.1282,-0,0,-0,0.00376194,0.130388,0.109964,-0,0,0.0478017,0.0269072,102.723,102.392
42.2082,-0,0,-0,0.00376194,0.130388,0.109964,-0,0,0.0539351,0.0411582,102.723,102.392
42.2882,-0,0,-0,0.00376194,0.130388,0.109964,-0,0,0.0466262,0.0371214,102.723,102.392
42.3682,-0,0,-0,0.00405132,0.130388,0.109964,-0,0,0.0520096,0.0354119,102.723,102.367
42.4482,-0,0,-0,0.00376194,0.130388,0.109964,-0,0,0.0490408,0.0385876,102.723,102.392
42.5282,-0,0,-0,0.00376194,0.130388,0.109964,-0,0,0.0529245,0.0362629,102.723,102.392
42.6081,-0,0,-0,0.00376194,0.130388,0.109964,-0,0,0.0490816,0.0310322,102.723,102.392
42.6881,-0,0,-0,0.00376194,0.130388,0.109964,-0,0,0.0449444,0.0368375,102.723,102.392
42.7682,-0,0,-0,0.00376194,0.130388,0.109964,-0,0,0.0495681,0.0286182,102.723,102.392
42.8482,-0,0,-0,0.00376194,0.130388,0.109964,-0,0,0.0443847,0.0302324,102.723,102.392
42.9281,-0,0,-0,0.00376194,0.130388,0.109964,-0,0,0.0458694,0.0313209,102.723,102.392
43.0081,-0,0,-0,0.00376194,0.130388,0.109964,-0,0,0.0434741,0.023622,102.723,102.392
43.0881,-0,0,-0,0.00376194,0.130388,0.109964,-0,0,0.0433705,0.0302324,102.723,102.392
43.1681,-0,0,-0,0.00405132,0.130388,0.109964,-0,0,0.0441475,0.0209045,102.723,102.367
43.2481,-0,0,-0,0.00376194,0.130388,0.109964,-0,0,0.0409145,0.0245967,102.723,102.392
43.3281,-0,0,-0,0.00405132,0.130388,0.109964,-0,0,0.0388458,0.0267021,102.723,102.367
43.4081,-0,0,-0,0.00376194,0.130388,0.109964,-0,0,0.0409878,0.0211187,102.723,102.392
43.488,-0,0,-0,0.00376194,0.130388,0.109964,-0,0,0.0343366,0.0278029,102.723,102.392
43.568,-0,0,-0,0.00376194,0.130388,0.109964,-0,0,0.0363456,0.0202237,102.723,102.392
43.648,-0,0,-0,0.00376194,0.130388,0.109964,-0,0,0.0386135,0.0187883,102.723,102.392
43.7281,-0,0,-0,0.00376194,0.130388,0.109964,-0,0,0.0330151,0.0210476,102.723,102.392
43.808,-0,0,-0,0.00376194,0.130388,0.109964,-0,0,0.0374967,0.0156844,102.723,102.392
43.8881,-0,0,-0,0.00376194,0.130388,0.109964,-0,0,0.0344964,0.020445,102.723,102.392
43.9681,-0,0,-0,0.00376194,0.130388,0.109964,-0,0,0.0310644,0.0180278,102.723,102.392
44.048,-0,0,-0,0.00376194,0.130388,0.109964,-0,0,0.0348855,0.0149666,102.723,102.392
44.1281,-0,0,-0,0.00376194,0.130388,0.109964,-0,0,0.0321559,0.020445,102.723,102.392
44.208,-0,0,-0,0.00376194,0.130388,0.109964,-0,0,0.0333017,0.0128452,102.723,102.392
44.288,-0,0,-0,0.00376194,0.130388,0.109964,-0,0,0.0307896,0.0185742,102.723,102.392
44.368,-0,0,-0,0.00405132,0.130388,0.109964,-0,0,0.0288097,0.0131909,102.723,102.367
44.448,-0,0,-0,0.00376194,0.130388,0.109964,-0,0,0.0284429,0.00883176,102.723,102.392
44.528,-0,0,-0,0.00405132,0.130388,0.109964,-0,0,0.0293087,0.020025,102.723,102.367
44.608,-0,0,-0,0.00405132,0.130388,0.109964,-0,0,0.0287228,0.0120416,102.723,102.367
44.688,-0,0,-0,0.00405132,0.130388,0.109964,-0,0,0.0295804,0.0136015,102.723,102.367
44.768,-0,0,-0,0.00405132,0.130388,0.109964,-0,0,0.0280179,0.0184662,102.723,102.367
44.848,-0,0,-0,0.00405132,0.130388,0.109964,-0,0,0.0290861,0.0111803,102.723,102.367
44.928,-0,0,-0,0.00376194,0.130388,0.109964,-0,0,0.02995,0.0160312,102.723,102.392
45.008,-0,0,-0,0.00376194,0.130388,0.109964,-0,0,0.0268701,0.0171172,102.723,102.392
45.088,-0,0,-0,0.00376194,0.130388,0.109964,-0,0,0.0279643,0.0110454,102.723,102.392
45.168,-0,0,-0,0.00405132,0.130388,0.109964,-0,0,0.0269072,0.0157797,102.723,102.367
45.248,-0,0,-0,0.00376194,0.130388,0.109964,-0,0,0.0284605,0.0153297,102.723,102.392
45.3279,-0,0,-0,0.00376194,0.130388,0.109964,-0,0,0.0275862,0.0148661,102.723,102.392
45.408,-0,0,-0,0.00376194,0.130388,0.109964,-0,0,0.02502,0.0147986,102.723,102.392
45.4879,-0,0,-0,0.00376194,0.130388,0.109964,-0,0,0.0287576,0.00883176,102.723,102.392
45.5679,-0,0,-0,0.00376194,0.130388,0.109964,-0,0,0.0271293,0.0160624,102.723,102.392
45.6479,-0,0,-0,0.00405132,0.130388,0.109964,-0,0,0.0281957,0.0115758,102.723,102.367
45.728,-0,0,-0,0.00376194,0.130388,0.109964,-0,0,0.0275862,0.0114891,102.723,102.392
45.8079,-0,0,-0,0.00405132,0.130388,0.109964,-0,0,0.0267021,0.0170294,102.723,102.367
45.8879,-0,0,-0,0.00376194,0.130388,0.109964,-0,0,0.0265707,0.0108167,102.723,102.392
45.968,-0,0,-0,0.00376194,0.130388,0.109964,-0,0,0.0255734,0.0133791,102.723,102.392
46.0479,-0,0,-0,0.00376194,0.130388,0.109964,-0,0,0.0277669,0.0162788,102.723,102.392
46.1279,-0,0,-0,0.00405132,0.130388,0.109964,-0,0,0.0277308,0.00877496,102.723,102.367
46.2079,-0,0,-0,0.00376194,0.130388,0.109964,-0,0,0.0278029,0.0153948,102.723,102.392
46.2879,-0,0,-0,0.00376194,0.130388,0.109964,-0,0,0.0257876,0.0123288,102.723,102.392
46.3679,-0,0,-0,0.00376194,0.130388,0.109964,-0,0,0.025671,0.0147986,102.723,102.392
46.4479,-0,0,-0,0.00405132,0.130388,0.109964,-0,0,0.0253968,0.0164317,102.723,102.367
46.5278,-0,0,-0,0.00376194,0.130388,0.109964,-0,0,0.0266833,0.00905539,102.723,102.392
46.6079,-0,0,-0,0.00376194,0.130388,0.109964,-0,0,0.0255147,0.014,102.723,102.392
46.6879,-0,0,-0,0.00376194,0.130388,0.109964,-0,0,0.0254951,0.0118743,102.723,102.392
46.7678,-0,0,-0,0.00376194,0.130388,0.109964,-0,0,0.0280713,0.0128062,102.723,102.392
46.8479,-0,0,-0,0.00405132,0.130388,0.109964,-0,0,0.0250799,0.0186279,102.723,102.367
46.9279,-0,0,-0,0.00376194,0.130388,0.109964,-0,0,0.0248797,0.010247,102.723,102.392
47.0079,-0,0,-0,0.00376194,0.130388,0.109964,-0,0,0.0267021,0.0115326,102.723,102.392
47.0878,-0,0,-0,0.00405132,0.130388,0.109964,-0,0,0.0272213,0.0157797,102.723,102.367
47.1678,-0,0,-0,0.00376194,0.130388,0.109964,-0,0,0.0292746,0.0117898,102.723,102.392
47.2478,-0,0,-0,0.00376194,0.130388,0.109964,-0,0,0.0290861,0.0184662,102.723,102.392
47.3278,-0,0,-0,0.00376194,0.130388,0.109964,-0,0,0.0292746,0.0147648,102.723,102.392
47.4078,-0,0,-0,0.00376194,0.130388,0.109964,-0,0,0.0352987,0.0166733,102.723,102.392
47.4878,-0,0,-0,0.00405132,0.130388,0.109964,-0,0,0.0336155,0.0216795,102.723,102.367
47.5678,-0,0,-0,0.00405132,0.130388,0.109964,-0,0,0.0327414,0.0151327,102.723,102.367
47.6478,-0,0,-0,0.00376194,0.130388,0.101862,-0,0,0.0305614,0.0197484,102.723,102.392
47.7278,-0,0,-0,0.00376194,0.130388,0.109964,-0,0,0.0331813,0.0213542,102.723,102.392
47.8078,-0,0,-0,0.00376194,0.130388,0.109964,-0,0,0.0356931,0.0166733,102.723,102.392
47.8878,-0,0,-0,0.00376194,0.130388,0.109964,-0,0,0.0345832,0.0280357,102.723,102.392
47.9678,-0,0,-0,0.00376194,0.130388,0.109964,-0,0,0.0347275,0.0160935,102.723,102.392
48.0478,-0,0,-0,0.00405132,0.130388,0.109964,-0,0,0.0377094,0.020664,102.723,102.367
48.1278,-0,0,-0,0.00376194,0.130388,0.109964,-0,0,0.0384448,0.0248193,102.723,102.392
48.2078,-0,0,-0,0.00405132,0.130388,0.109964,-0,0,0.0409878,0.0174929,102.723,102.367
48.2878,-0,0,-0,0.00376194,0.130388,0.109964,-0,0,0.0383797,0.0263818,102.723,102.392
48.3678,-0,0,-0,0.00376194,0.130388,0.109964,-0,0,0.0383927,0.0262488,102.723,102.392
48.4478,-0,0,-0,0.00376194,0.130388,0.109964,-0,0,0.0439773,0.0264197,102.723,102.392
48.5278,-0,0,-0,0.00376194,0.130388,0.109964,-0,0,0.0420238,0.0308707,102.723,102.392
48.6078,-0,0,-0,0.00405132,0.130388,0.109964,-0,0,0.0429535,0.0278747,102.723,102.367
48.6877,-0,0,-0,0.00376194,0.130388,0.109964,-0,0,0.0466583,0.0334813,102.723,102.392
48.7678,-0,0,-0,0.00376194,0.130388,0.109964,-0,0,0.046076,0.0326343,102.723,102.392
48.8477,-0,0,-0,0.00376194,0.130388,0.109964,-0,0,0.0478957,0.0284605,102.723,102.392
48.9277,-0,0,-0,0.00376194,0.130388,0.109964,-0,0,0.0476025,0.0391024,102.723,102.392
49.0077,-0,0,-0,0.00376194,0.130388,0.109964,-0,0,0.0519423,0.0373363,102.723,102.392
49.0877,-0,0,-0,0.00376194,0.130388,0.109964,-0,0,0.0533948,0.0362491,102.723,102.392
49.1677,-0,0,-0,0.00376194,0.130388,0.109964,-0,0,0.0483735,0.0410974,102.723,102.392
49.2477,-0,0,-0,0.00405132,0.130388,0.109964,-0,0,0.0527826,0.0340881,102.723,102.367
49.3277,-0,0,-0,0.00376194,0.130388,0.109964,-0,0,0.0486724,0.0350999,102.723,102.392
49.4077,-0,0,-0,0.00376194,0.130388,0.109964,-0,0,0.044911,0.0358608,102.723,102.392
49.4877,-0,0,-0,0.00405132,0.130388,0.109964,-0,0,0.049051,0.0298998,102.723,102.367
49.5677,-0,0,-0,0.00376194,0.130388,0.109964,-0,0,0.0436005,0.0351141,102.723,102.392
49.6477,-0,0,-0,0.00376194,0.130388,0.109964,-0,0,0.0459239,0.0288617,102.723,102.392
49.7277,-0,0,-0,0.00376194,0.130388,0.109964,-0,0,0.0462709,0.0281957,102.723,102.392
49.8077,-0,0,-0,0.00376194,0.130388,0.109964,-0,0,0.0429535,0.0331964,102.723,102.392
49.8876,-0,0,-0,0.00376194,0.130388,0.109964,-0,0,0.0431509,0.0231084,102.723,102.392
49.9676,-0,0,-0,0.00405132,0.130388,0.109964,-0,0,0.0387943,0.0300333,102.723,102.367
50.0477,-0,0,-0,0.00405132,0.130388,0.120093,-0,0.0240185,0.0381314,0.0241868,102.723,102.367
50.1277,-0,0,-0,0.00376194,0.130388,0.110543,-0,0.128485,0.041497,0.0230217,102.723,102.392
50.2077,-0,0,-0,0.00376194,0.130388,0.110254,-0,0.20517,0.0353977,0.0271662,102.723,102.392
50.2876,-0,0,-0,0.0147584,0.130388,0.109964,-0,0.267387,0.0375766,0.0201494,102.723,101.426
50.3676,-0,0,-0,0.057876,0.130388,0.120093,0.00920388,0.333076,0.0404599,0.0238328,102.723,97.6357
50.4476,-0,0,-0,0.13514,0.130388,0.120093,0.0107379,0.386901,0.0337639,0.0214709,102.723,90.8442
50.5276,-0,0,-0,0.226585,0.130388,0.120093,0.0107379,0.419312,0.0368511,0.0174642,102.723,82.8065
50.6077,-0,0,-0,0.318607,0.130388,0.120093,0.0107379,0.437832,0.035327,0.0240416,102.723,74.7178
50.6876,-0,0,-0,0.355359,0.130388,0.120093,0.0107379,0.459825,0.0340734,0.490488,102.723,71.4874
50.7677,-0,0,-0,0.346388,0.130388,0.120093,0.0107379,0.478056,0.0339706,0.244508,102.723,72.276
50.8476,-0,0,-0,0.344941,0.130388,0.120093,0.0107379,0.517701,0.030348,0.174797,102.723,72.4031
50.9276,-0,0,-0,0.344941,0.130388,0.120093,0.0107379,0.528118,0.0315119,0.174937,102.723,72.4031
51.0076,-0,0,-0,0.344941,0.130388,0.127906,0.0107379,0.539404,0.0280713,0.174522,102.723,72.4031
51.0876,-0,0,-0,0.344941,0.130388,0.129932,0.0107379,0.550111,0.0303315,0.176525,102.723,72.4031
51.1676,-0,0,-0,0.344941,0.130388,0.129932,0.0107379,0.550111,0.031273,0.179346,102.723,72.4031
51.2476,-0,0,-0,0.344941,0.130388,0.129932,0.0107379,0.550111,0.0286182,0.180114,102.723,72.4031
51.3277,-0,0,0.00153398,0.344941,0.130388,0.129932,0.0107379,0.557925,0.029749,0.181069,102.723,72.4031
51.4077,-0,0,-0,0.344941,0.130388,0.129932,0.0184078,0.559661,0.0295804,0.180336,102.723,72.4031
51.4876,-0,0,-0,0.344941,0.130388,0.129932,0.0107379,0.550401,0.0268701,0.182699,102.723,72.4031
51.5676,-0,0,-0,0.344941,0.130388,0.129932,0.0107379,0.55995,0.0277489,0.183761,102.723,72.4031
51.6475,-0,0,-0,0.344941,0.130388,0.129932,0.0107379,0.552137,0.0279464,0.180804,102.723,72.4031
51.7275,-0,0,-0,0.344941,0.130388,0.129932,0.0107379,0.55995,0.0266458,0.184274,102.723,72.4031
51.8075,-0,0,-0,0.344941,0.130388,0.129932,0.0107379,0.568053,0.0289137,0.182811,102.723,72.4031
51.8876,-0,0,-0,0.344941,0.130388,0.129932,0.0107379,0.570079,0.0264764,0.184711,102.723,72.4031
51.9676,-0,0,-0,0.344941,0.130388,0.129932,0.0076699,0.577892,0.028178,0.184109,102.723,72.4031
52.0475,-0,0,-0,0.344941,0.130388,0.129932,0.0107379,0.579917,0.0277489,0.184794,102.723,72.4031
52.1275,-0,0,-0,0.344941,0.130388,0.129932,0.0107379,0.581654,0.0277669,0.185421,102.723,72.4031
52.2075,-0,0,-0,0.344941,0.130388,0.129932,0.0076699,0.590046,0.0292916,0.183262,102.723,72.4031
52.2875,-0,0,-0,0.344941,0.130388,0.129932,0.0107379,0.598148,0.0264386,0.186505,102.723,72.4031
52.3675,-0,0,-0,0.344941,0.130388,0.129932,0.0122718,0.599595,0.027037,0.184816,102.723,72.4031
52.4475,-0,0,-0,0.344941,0.130388,0.129932,0.0107379,0.599885,0.0263818,0.186585,102.723,72.4031
52.5275,-0,0,-0,0.344941,0.130388,0.129932,0.0107379,0.607987,0.0259808,0.186295,102.723,72.4031
52.6075,-0,0,-0,0.344941,0.130388,0.129932,0.0107379,0.600174,0.028178,0.185992,102.723,72.4031
52.6875,-0,0,-0,0.344941,0.130388,0.129932,0.0107379,0.607987,0.0252389,0.186505,102.723,72.4031
52.7675,-0,0,-0,0.344941,0.130388,0.129932,0.0107379,0.600174,0.0264764,0.185381,102.723,72.4031
52.8475,-0,0,-0,0.344941,0.130388,0.129932,0.0107379,0.599885,0.0270924,0.187419,102.723,72.4031
52.9275,-0,0,-0,0.344941,0.130388,0.129932,0.0107379,0.599885,0.0253968,0.188058,102.723,72.4031
53.0075,-0,0,-0,0.344941,0.130388,0.129932,0.0107379,0.599885,0.0264386,0.188579,102.723,72.4031
53.0875,-0,0,-0,0.344941,0.130388,0.129932,0.0107379,0.599885,0.0246171,0.186821,102.723,72.4031
53.1676,-0,0,-0,0.344941,0.130388,0.129932,0.0107379,0.599885,0.0250799,0.190699,102.723,72.4031
53.2475,-0,0,-0,0.344941,0.130388,0.129932,0.0107379,0.601621,0.0252587,0.189077,102.723,72.4031
53.3275,-0,0,-0,0.344941,0.130388,0.129932,0.0107379,0.599885,0.0250998,0.188666,102.723,72.4031
53.4075,-0,0,-0,0.344941,0.130388,0.129932,0.0107379,0.599885,0.0256125,0.189404,102.723,72.4031
53.4875,-0,0,-0,0.344941,0.130388,0.129932,0.0107379,0.599885,0.0261151,0.186711,102.723,72.4031
53.5675,-0,0,-0,0.344941,0.130388,0.129932,0.00920388,0.607987,0.0266833,0.188173,102.723,72.4031
53.6474,-0,0,-0,0.344941,0.130388,0.129932,0.0107379,0.600174,0.0261151,0.187808,102.723,72.4031
53.7274,-0,0,-0,0.344941,0.130388,0.129932,0.0107379,0.599885,0.0259422,0.188266,102.723,72.4031
53.8074,-0,0,-0,0.344941,0.130388,0.129932,0.0107379,0.599885,0.0243721,0.190129,102.723,72.4031
53.8874,-0,0,-0,0.344941,0.130388,0.129932,0.0107379,0.600464,0.027,0.187981,102.723,72.4031
53.9674,-0,0,-0,0.344941,0.130388,0.129932,0.0107379,0.599885,0.0261725,0.188324,102.723,72.4031
54.0474,-0,0,-0,0.344941,0.130388,0.129932,0.0107379,0.601621,0.0296311,0.184421,102.723,72.4031
54.1274,-0,0,-0,0.344941,0.130388,0.129932,0.0122718,0.610013,0.0290861,0.184141,102.723,72.4031
54.2074,-0,0,-0,0.344941,0.130388,0.129932,0.0107379,0.610013,0.0286531,0.18333,102.723,72.4031
54.2874,-0,0,-0,0.344941,0.130388,0.129932,0.0107379,0.610013,0.031289,0.183995,102.723,72.4031
54.3674,-0,0,-0,0.344941,0.130388,0.129932,0.0107379,0.610013,0.0330303,0.178897,102.723,72.4031
54.4474,-0,0,-0,0.344941,0.130388,0.129932,0.0107379,0.610013,0.0337194,0.17862,102.723,72.4031
54.5274,-0,0,-0,0.344941,0.130388,0.129932,0.0107379,0.610013,0.0364005,0.177623,102.723,72.4031
54.6074,-0,0,-0,0.344941,0.130388,0.129932,0.0107379,0.609724,0.036524,0.179783,102.723,72.4031
54.6873,-0,0,-0,0.344941,0.130388,0.129932,0.0107379,0.610013,0.0354542,0.177471,102.723,72.4031
54.7673,-0,0,-0,0.344941,0.130388,0.129932,0.0107379,0.610013,0.0392173,0.170953,102.723,72.4031
54.8473,-0,0,-0,0.344941,0.130388,0.129932,0.0107379,0.610013,0.0351426,0.177713,102.723,72.4031
54.9274,-0,0,-0,0.344941,0.130388,0.129932,0.0184078,0.610013,0.0411096,0.17309,102.723,72.4031
55.0074,-0,0,-0,0.344941,0.130388,0.129932,0.0107379,0.610013,0.0414126,0.171356,102.723,72.4031
55.0875,-0,0,-0,0.344941,0.130388,0.129932,0.0107379,0.610013,0.0396106,0.173859,102.723,72.4031
55.1674,-0,0,-0,0.344941,0.130388,0.129932,0.0107379,0.610013,0.0410244,0.170276,102.723,72.4031
55.2474,-0,0,-0,0.344941,0.130388,0.129932,0.0107379,0.610013,0.0431856,0.169428,102.723,72.4031
55.3273,-0,0,-0,0.344941,0.130388,0.129932,0.0107379,0.610013,0.0462709,0.169074,102.723,72.4031
55.4074,-0,0,-0,0.344941,0.130388,0.129932,0.0107379,0.610013,0.0429535,0.171105,102.723,72.4031
55.4873,-0,0,-0,0.344941,0.130388,0.129932,0.0107379,0.610013,0.0494065,0.161759,102.723,72.4031
55.5673,-0,0,-0,0.344941,0.130388,0.129932,0.0107379,0.610013,0.0412916,0.171933,102.723,72.4031
55.6473,-0,0,-0,0.344941,0.130388,0.129932,0.0107379,0.610013,0.0500999,0.164803,102.723,72.4031
55.7273,-0,0,-0,0.344941,0.130388,0.129932,0.0107379,0.610013,0.05006,0.162493,102.723,72.4031
55.8073,-0,0,-0,0.344941,0.130388,0.129932,0.00920388,0.610013,0.0482286,0.164149,102.723,72.4031
55.8873,-0,0,-0,0.344941,0.130388,0.129932,0.0107379,0.610013,0.0496991,0.16063,102.723,72.4031
55.9673,-0,0,-0,0.344941,0.130388,0.129932,0.0107379,0.610013,0.046076,0.167063,102.723,72.4031
56.0473,-0,0,-0,0.344941,0.130388,0.129932,0.0107379,0.610013,0.0512445,0.163153,102.723,72.4031
56.1273,-0,0,-0,0.344941,0.130388,0.129932,0.0107379,0.610013,0.0430581,0.167383,102.723,72.4031
56.2073,-0,0,-0,0.344941,0.130388,0.129932,0.0184078,0.610013,0.0462277,0.164879,102.723,72.4031
56.2873,-0,0,-0,0.344941,0.130388,0.129932,0.0107379,0.610013,0.045,0.166003,102.723,72.4031
56.3673,-0,0,-0,0.344941,0.130388,0.129932,0.0107379,0.618116,0.0428369,0.170452,102.723,72.4031
56.4473,-0,0,-0,0.344941,0.130388,0.129932,0.0107379,0.619852,0.0424735,0.169307,102.723,72.4031
56.5273,-0,0,-0,0.344941,0.130388,0.129932,0.0107379,0.620141,0.0425911,0.169038,102.723,72.4031
56.6073,-0,0,-0,0.344941,0.130388,0.129932,0.0107379,0.620141,0.0396737,0.170194,102.723,72.4031
56.6874,-0,0,-0,0.344941,0.130388,0.129932,0.0107379,0.620141,0.042,0.173476,102.723,72.4031
56.7672,-0,0,-0,0.344941,0.130388,0.129932,0.0107379,0.620141,0.0425323,0.1701,102.723,72.4031
56.8473,-0,0,-0,0.344941,0.130388,0.129932,0.0107379,0.629691,0.0384057,0.176966,102.723,72.4031
56.9273,-0,0,-0,0.344941,0.130388,0.129932,0.0107379,0.62998,0.0378153,0.17512,102.723,72.4031
57.0073,-0,0,-0,0.344941,0.130388,0.129932,0.0107379,0.62998,0.0366742,0.175508,102.723,72.4031
57.0873,-0,0,-0,0.344941,0.130388,0.129932,0.0107379,0.62998,0.0355809,0.178925,102.723,72.4031
57.1673,-0,0,-0,0.344941,0.130388,0.129932,0.0076699,0.62998,0.0355809,0.175014,102.723,72.4031
57.2472,-0,0,-0,0.344941,0.130388,0.129932,0.0107379,0.62998,0.0327719,0.17975,102.723,72.4031
57.3272,-0,0,-0,0.344941,0.130388,0.129932,0.0107379,0.62998,0.037229,0.177837,102.723,72.4031
57.4072,-0,0,-0,0.344941,0.130388,0.129932,0.0107379,0.62998,0.0328024,0.180125,102.723,72.4031
57.4872,-0,0,-0,0.344941,0.130388,0.129932,0.0107379,0.62998,0.0328634,0.181135,102.723,72.4031
57.5672,-0,0,-0,0.344941,0.130388,0.129932,0.0107379,0.62998,0.0327567,0.180521,102.723,72.4031
57.6472,-0,0,-0,0.344941,0.130388,0.129932,0.0107379,0.62998,0.0304795,0.184296,102.723,72.4031
57.7272,-0,0,-0,0.344941,0.130388,0.129932,0.0107379,0.62998,0.0329393,0.185389,102.723,72.4031
57.8072,-0,0,-0,0.344941,0.130388,0.129932,0.0184078,0.62998,0.0288097,0.183992,102.723,72.4031
57.8872,-0,0,-0,0.344941,0.130388,0.129932,0.0107379,0.62998,0.0274773,0.184456,102.723,72.4031
57.9673,-0,0,-0,0.344941,0.130388,0.129932,0.0107379,0.62998,0.0302324,0.184794,102.723,72.4031
58.0472,-0,0,-0,0.344941,0.130388,0.129932,0.0107379,0.62998,0.0295804,0.185672,102.723,72.4031
58.1272,-0,0,-0,0.344941,0.130388,0.129932,0.0107379,0.62998,0.0284605,0.185898,102.723,72.4031
58.2071,-0,0,-0,0.344941,0.130388,0.129932,0.0107379,0.62998,0.0283725,0.18554,102.723,72.4031
58.2872,-0,0,-0,0.344941,0.130388,0.129932,0.0107379,0.62998,0.0273861,0.186593,102.723,72.4031
58.3671,-0,0,-0,0.344941,0.130388,0.129932,0.0107379,0.62998,0.0274955,0.186344,102.723,72.4031
58.4472,-0,0,-0,0.344941,0.130388,0.129932,0.0107379,0.62998,0.027,0.188391,102.723,72.4031
58.5271,-0,0,-0,0.344941,0.130388,0.129932,0.0107379,0.62998,0.0264764,0.18826,102.723,72.4031
58.6072,-0,0,-0,0.344941,0.130388,0.129932,0.0107379,0.62998,0.0275862,0.186142,102.723,72.4031
58.6871,-0,0,-0,0.344941,0.130388,0.129932,0.00920388,0.62998,0.0255734,0.189212,102.723,72.4031
58.7671,-0,0,-0,0.344941,0.130388,0.129932,0.0107379,0.62998,0.0261916,0.187931,102.723,72.4031
58.8472,-0,0,-0,0.344941,0.130388,0.129932,0.0107379,0.62998,0.0269072,0.187619,102.723,72.4031
58.9271,-0,0,-0,0.344941,0.130388,0.129932,0.0107379,0.62998,0.0267021,0.190153,102.723,72.4031
59.0072,-0,0,-0,0.344941,0.130388,0.129932,0.0076699,0.62998,0.0275862,0.187694,102.723,72.4031
59.0871,-0,0,-0,0.344941,0.130388,0.129932,0.0107379,0.62998,0.0246779,0.190379,102.723,72.4031
59.1671,-0,0,-0,0.344941,0.130388,0.129932,0.0076699,0.62998,0.028,0.188433,102.723,72.4031
59.2471,-0,0,-0,0.344941,0.130388,0.129932,0.0107379,0.62998,0.0270924,0.187243,102.723,72.4031
59.3271,-0,0,-0,0.344941,0.130388,0.129932,0.0107379,0.62998,0.0253968,0.189212,102.723,72.4031
59.4071,-0,0,-0,0.344941,0.130388,0.129932,0.0107379,0.62998,0.0277308,0.188314,102.723,72.4031
59.4871,-0,0,-0,0.344941,0.130388,0.129932,0.0107379,0.62998,0.0257294,0.189832,102.723,72.4031
59.5672,-0,0,-0,0.344941,0.130388,0.130221,0.0107379,0.62998,0.0264764,0.187651,102.723,72.4031
59.6471,-0,0,-0,0.344941,0.130388,0.129932,0.0107379,0.62998,0.0252389,0.187992,102.723,72.4031
59.7271,-0,0,-0,0.344941,0.130388,0.129932,0.0107379,0.62998,0.0243721,0.190266,102.723,72.4031
59.8071,-0,0,-0,0.344941,0.130388,0.129932,0.0107379,0.62998,0.0268701,0.190347,102.723,72.4031
59.8871,-0,0,-0,0.344941,0.130388,0.129932,0.0076699,0.62998,0.0255734,0.19025,102.723,72.4031
59.9671,-0,0,-0,0.344941,0.130388,0.129932,-0,0.620141,0.0244949,0.189013,102.723,72.4031
60.047,-0,0,-0,0.344941,0.130388,0.129932,-0,0.602489,0.02502,0.18937,102.723,72.4031
60.127,-0,0,-0,0.344941,0.130388,0.131668,-0,0.524935,0.0241039,0.189858,102.723,72.4031
60.207,-0,0,-0,0.344941,0.130388,0.129932,-0,0.363751,0.0264386,0.191021,102.723,72.4031
60.2871,-0,0,-0,0.344941,0.130388,0.122118,-0,0.190701,0.0255734,0.188589,102.723,72.4031
60.367,-0,0,-0,0.344941,0.130388,0.138034,-0,0.0497734,0.0246779,0.190003,102.723,72.4031
60.447,-0,0,-0,0.332787,0.130388,0.122118,-0,0,0.0244949,0.0839405,102.723,73.4715
60.527,-0,0,-0,0.287933,0.130388,0.120093,-0,0,0.0257294,0.0172337,102.723,77.414
60.607,-0,0,-0,0.214431,0.130388,0.120093,-0,0,0.0257876,0.007,102.723,83.8748
60.687,-0,0,-0,0.128774,0.130388,0.127906,-0,0,0.0284253,0.0130384,102.723,91.4038
60.767,-0,0,-0,0.0483265,0.130388,0.119803,-0,0,0.025671,0.0213776,102.723,98.475
60.847,-0,0,-0,0,0.130388,0.109964,-0,0,0.0301496,0.013,102.723,102.723
60.9271,-0,0,-0,0,0.130388,0.109964,-0,0,0.0306757,0.0144568,102.723,102.723
61.007,-0,0,-0,0,0.130388,0.101862,-0,0,0.0255734,0.0155885,102.723,102.723
61.087,-0,0,-0,0.00202566,0.130388,0.109675,-0,0,0.0295804,0.0124499,102.723,102.545
61.167,-0,0,-0,0.00260442,0.130388,0.109964,-0,0,0.0326956,0.019,102.723,102.494
61.2469,-0,0,-0,0.00260442,0.130388,0.109964,-0,0,0.0320156,0.0152643,102.723,102.494
61.3269,-0,0,-0,0.00260442,0.130388,0.109964,-0,0,0.0323883,0.0171172,102.723,102.494
61.407,-0,0,-0,0.00260442,0.130388,0.109964,-0,0,0.0341467,0.0192614,102.723,102.494
61.487,-0,0,-0,0.00260442,0.130388,0.119514,-0,0,0.0363593,0.0156844,102.723,102.494
61.567,-0,0,-0,0.00260442,0.130388,0.120093,-0,0,0.0327567,0.026096,102.723,102.494
61.647,-0,0,-0,0.00260442,0.130388,0.120093,-0,0,0.0379737,0.0207364,102.723,102.494
61.727,-0,0,-0,0.00260442,0.130388,0.120093,-0,0,0.0379605,0.0172916,102.723,102.494
61.807,-0,0,-0,0.00260442,0.130388,0.120093,-0,0,0.0353553,0.0257099,102.723,102.494
61.887,-0,0,-0,0.00260442,0.130388,0.129932,-0,0,0.0376696,0.0176068,102.723,102.494
61.9669,-0,0,-0,0.00260442,0.130388,0.120382,-0,0,0.0417013,0.0279643,102.723,102.494
62.0469,-0,0,-0,0.00260442,0.130388,0.120093,-0,0,0.0421663,0.0298329,102.723,102.494
62.1269,-0,0,-0,0.00260442,0.130388,0.120093,-0,0,0.0455851,0.0256515,102.723,102.494
62.2069,-0,0,-0,0.00260442,0.130388,0.129932,-0,0,0.0428369,0.0305941,102.723,102.494
62.287,-0,0,-0,0.00260442,0.130388,0.129932,-0,0,0.0483425,0.0269072,102.723,102.494
62.3669,-0,0,-0,0.00260442,0.130388,0.129932,-0,0,0.0492138,0.0354401,102.723,102.494
62.4469,-0,0,-0,0.00260442,0.130388,0.12154,-0,0,0.0451221,0.0321559,102.723,102.494
62.5269,-0,0,-0,0.00260442,0.130388,0.129642,-0,0,0.0512445,0.0318434,102.723,102.494
62.6069,-0,0,-0,0.00260442,0.130388,0.129642,-0,0,0.0438748,0.0351852,102.723,102.494
62.6869,-0,0,-0,0.00260442,0.130388,0.129642,-0,0,0.0487134,0.0335559,102.723,102.494
62.7669,-0,0,-0,0.00260442,0.130388,0.122118,-0,0,0.0498598,0.031686,102.723,102.494
62.8469,-0,0,-0,0.00260442,0.130388,0.129642,-0,0,0.0438406,0.0343366,102.723,102.494
62.9269,-0,0,-0,0.00260442,0.130388,0.129932,-0,0,0.0466905,0.027,102.723,102.494
63.0068,-0,0,-0,0.00260442,0.130388,0.129932,-0,0,0.0461086,0.0304795,102.723,102.494
63.0868,-0,0,-0,0.00260442,0.130388,0.120093,-0,0,0.0462277,0.0351141,102.723,102.494
63.1668,-0,0,-0,0.00260442,0.130388,0.120093,-0,0,0.0432897,0.0239583,102.723,102.494
63.2469,-0,0,-0,0.00260442,0.130388,0.127906,-0,0,0.0403733,0.0300167,102.723,102.494
63.3268,-0,0,-0,0.00260442,0.130388,0.120382,-0,0,0.0438292,0.0245357,102.723,102.494
63.4068,-0,0,-0,0.00260442,0.130388,0.121829,-0,0,0.0387943,0.02502,102.723,102.494
63.4868,-0,0,-0,0.00260442,0.130388,0.128195,-0,0,0.0376696,0.0257099,102.723,102.494
63.5669,-0,0,-0,0.00260442,0.130388,0.127906,-0,0,0.0409878,0.020347,102.723,102.494
63.6468,-0,0,-0,0.00260442,0.130388,0.129642,-0,0,0.0363868,0.0264386,102.723,102.494
63.7269,-0,0,-0,0.00260442,0.130388,0.129932,-0,0,0.0371618,0.0194422,102.723,102.494
63.8069,-0,0,-0,0.00260442,0.130388,0.128195,-0,0,0.038,0.0196469,102.723,102.494
63.8868,-0,0,-0,0.00260442,0.130388,0.129932,-0,0,0.0336155,0.0276767,102.723,102.494
63.9668,-0,0,-0,0.00260442,0.130388,0.120093,-0,0,0.0336155,0.0180555,102.723,102.494
64.0468,-0,0,-0,0.00260442,0.130388,0.120093,-0,0,0.0345543,0.0198746,102.723,102.494
64.1268,-0,0,-0,0.00260442,0.130388,0.120093,-0,0,0.0304302,0.018868,102.723,102.494
64.2068,-0,0,-0,0.00260442,0.130388,0.120093,-0,0,0.0355809,0.015748,102.723,102.494
64.2869,-0,0,-0,0.00260442,0.130388,0.120093,-0,0,0.030133,0.0186815,102.723,102.494
64.3668,-0,0,-0,0.00260442,0.130388,0.120093,-0,0,0.0329393,0.0156844,102.723,102.494
64.4468,-0,0,-0,0.00260442,0.130388,0.120093,-0,0,0.0324654,0.0186815,102.723,102.494
64.5268,-0,0,-0,0.00260442,0.130388,0.120093,-0,0,0.0317175,0.0179165,102.723,102.494
64.6068,-0,0,-0,0.00260442,0.130388,0.120093,-0,0,0.0319687,0.0114891,102.723,102.494
64.6868,-0,0,-0,0.00260442,0.130388,0.120093,-0,0,0.0306431,0.0192094,102.723,102.494
64.7667,-0,0,-0,0.00260442,0.130388,0.120093,-0,0,0.0294788,0.0128452,102.723,102.494
64.8468,-0,0,-0,0.00260442,0.130388,0.120093,-0,0,0.0273861,0.0174642,102.723,102.494
64.9269,-0,0,-0,0.00260442,0.130388,0.120093,-0,0,0.0286182,0.0184662,102.723,102.494
65.0068,-0,0,-0,0.00260442,0.130388,0.120093,-0,0,0.0286531,0.0108628,102.723,102.494
65.0868,-0,0,-0,0.00260442,0.130388,0.120093,-0,0,0.0295804,0.0167929,102.723,102.494
65.1668,-0,0,-0,0.00260442,0.130388,0.120093,-0,0,0.0269258,0.0131909,102.723,102.494
65.2467,-0,0,-0,0.00260442,0.130388,0.120093,-0,0,0.0272213,0.0122474,102.723,102.494
65.3268,-0,0,-0,0.00260442,0.130388,0.120093,-0,0,0.0264197,0.0165831,102.723,102.494
65.4068,-0,0,-0,0.00260442,0.130388,0.120093,-0,0,0.0287402,0.00781025,102.723,102.494
65.4867,-0,0,-0,0.00260442,0.130388,0.120093,-0,0,0.0282312,0.0172046,102.723,102.494
65.5667,-0,0,-0,0.00260442,0.130388,0.120093,-0,0,0.0275862,0.0137477,102.723,102.494
65.6468,-0,0,-0,0.00260442,0.130388,0.120093,-0,0,0.0275862,0.00911043,102.723,102.494
65.7267,-0,0,-0,0.00260442,0.130388,0.120093,-0,0,0.0254951,0.0172337,102.723,102.494
65.8067,-0,0,-0,0.00260442,0.130388,0.120093,-0,0,0.0267208,0.0108167,102.723,102.494
65.8867,-0,0,-0,0.00260442,0.130388,0.120093,-0,0,0.0296816,0.0137477,102.723,102.494
65.9667,-0,0,-0,0.00260442,0.130388,0.120093,-0,0,0.0262488,0.015748,102.723,102.494
66.0467,-0,0,-0,0.00260442,0.130388,0.120093,-0,0,0.0272947,0.0104881,102.723,102.494
66.1267,-0,0,-0,0.00260442,0.130388,0.120093,-0,0,0.0252389,0.0157797,102.723,102.494
66.2067,-0,0,-0,0.00260442,0.130388,0.120093,-0,0,0.0241039,0.0117473,102.723,102.494
66.2867,-0,0,-0,0.00260442,0.130388,0.120093,-0,0,0.028931,0.0136015,102.723,102.494
66.3667,-0,0,-0,0.00260442,0.130388,0.120093,-0,0,0.0259808,0.0148661,102.723,102.494
66.4467,-0,0,-0,0.00260442,0.130388,0.120093,-0,0,0.028178,0.007,102.723,102.494
66.5267,-0,0,-0,0.00260442,0.130388,0.120093,-0,0,0.025632,0.0168226,102.723,102.494
66.6067,-0,0,-0,0.00260442,0.130388,0.120093,-0,0,0.0257876,0.0128062,102.723,102.494
66.6866,-0,0,-0,0.00260442,0.130388,0.120093,-0,0,0.0275862,0.00905539,102.723,102.494
66.7666,-0,0,-0,0.00260442,0.130388,0.120093,-0,0,0.0242487,0.0150665,102.723,102.494
66.8467,-0,0,-0,0.00260442,0.130388,0.120093,-0,0,0.0251992,0.00943398,102.723,102.494
66.9267,-0,0,-0,0.00260442,0.130388,0.120093,-0,0,0.0252389,0.0157797,102.723,102.494
67.0067,-0,0,-0,0.00260442,0.130388,0.120093,-0,0,0.0243516,0.0155563,102.723,102.494
67.0866,-0,0,-0,0.00260442,0.130388,0.120093,-0,0,0.0240416,0.00860232,102.723,102.494
67.1666,-0,0,-0,0.00260442,0.130388,0.120093,-0,0,0.025632,0.0177482,102.723,102.494
67.2466,-0,0,-0,0.00260442,0.130388,0.120093,-0,0,0.0251595,0.0106301,102.723,102.494
67.3266,-0,0,-0,0.00260442,0.130388,0.120093,-0,0,0.0274955,0.0133791,102.723,102.494
67.4066,-0,0,-0,0.00260442,0.130388,0.120093,-0,0,0.0268701,0.0185742,102.723,102.494
67.4866,-0,0,-0,0.00260442,0.130388,0.120093,-0,0,0.029,0.0100995,102.723,102.494
67.5666,-0,0,-0,0.00260442,0.130388,0.120093,-0,0,0.0284605,0.0165529,102.723,102.494
67.6466,-0,0,-0,0.00260442,0.130388,0.120093,-0,0,0.0269258,0.0137477,102.723,102.494
67.7266,-0,0,-0,0.00260442,0.130388,0.120093,-0,0,0.0329393,0.0139284,102.723,102.494
67.8065,-0,0,-0,0.00260442,0.130388,0.120093,-0,0,0.0294958,0.0253968,102.723,102.494
67.8866,-0,0,-0,0.00260442,0.130388,0.120093,-0,0,0.0291548,0.0127671,102.723,102.494
67.9666,-0,0,-0,0.00260442,0.130388,0.120093,-0,0,0.035819,0.0201246,102.723,102.494
68.0466,-0,0,-0,0.00260442,0.130388,0.120093,-0,0,0.033,0.021,102.723,102.494
68.1266,-0,0,-0,0.00260442,0.130388,0.120093,-0,0,0.0343366,0.0166733,102.723,102.494
68.2066,-0,0,-0,0.00260442,0.130388,0.120093,-0,0,0.0355668,0.0230868,102.723,102.494
68.2866,-0,0,-0,0.00260442,0.130388,0.120093,-0,0,0.0333167,0.0197484,102.723,102.494
68.3665,-0,0,-0,0.00260442,0.130388,0.120093,-0,0,0.0373229,0.0203224,102.723,102.494
68.4465,-0,0,-0,0.00260442,0.130388,0.120093,-0,0,0.0382884,0.0273313,102.723,102.494
68.5266,-0,0,-0,0.00260442,0.130388,0.120093,-0,0,0.042107,0.0196723,102.723,102.494
68.6066,-0,0,-0,0.00260442,0.130388,0.120093,-0,0,0.0401123,0.0268328,102.723,102.494
68.6866,-0,0,-0,0.00260442,0.130388,0.120093,-0,0,0.0417253,0.030282,102.723,102.494
68.7666,-0,0,-0,0.00260442,0.130388,0.120093,-0,0,0.0448219,0.0262679,102.723,102.494
68.8465,-0,0,-0,0.00260442,0.130388,0.120093,-0,0,0.0398623,0.0337491,102.723,102.494
68.9265,-0,0,-0,0.00260442,0.130388,0.120093,-0,0,0.0433359,0.0283019,102.723,102.494
69.0065,-0,0,-0,0.00260442,0.130388,0.120093,-0,0,0.044486,0.0292746,102.723,102.494
69.0866,-0,0,-0,0.00260442,0.130388,0.120093,-0,0,0.0410609,0.0349285,102.723,102.494
69.1665,-0,0,-0,0.00260442,0.130388,0.120093,-0,0,0.049689,0.0333017,102.723,102.494
69.2465,-0,0,-0,0.00260442,0.130388,0.120093,-0,0,0.0443847,0.0333167,102.723,102.494
69.3265,-0,0,-0,0.00260442,0.130388,0.120093,-0,0,0.0437493,0.0337787,102.723,102.494
69.4065,-0,0,-0,0.00260442,0.130388,0.120093,-0,0,0.0525357,0.0346554,102.723,102.494
69.4865,-0,0,-0,0.00260442,0.130388,0.120093,-0,0,0.0473498,0.0383275,102.723,102.494
69.5664,-0,0,-0,0.00260442,0.130388,0.120093,-0,0,0.0520481,0.0354401,102.723,102.494
69.6465,-0,0,-0,0.00260442,0.130388,0.120093,-0,0,0.0484252,0.0361939,102.723,102.494
69.7265,-0,0,-0,0.00260442,0.130388,0.120093,-0,0,0.0441135,0.0345254,102.723,102.494
69.8065,-0,0,-0,0.00260442,0.130388,0.120093,-0,0,0.0492849,0.0283019,102.723,102.494
69.8865,-0,0,-0,0.00260442,0.130388,0.120093,-0,0,0.044643,0.0333017,102.723,102.494
69.9664,-0,0,-0,0.00260442,0.130388,0.120093,-0,0,0.0424617,0.0278568,102.723,102.494
70.0464,-0,0,-0,0.00260442,0.130388,0.120093,-0,0,0.0440568,0.0289137,102.723,102.494
70.1265,-0,0,-0,0.00260442,0.130388,0.120093,-0,0,0.0402989,0.0308058,102.723,102.494
70.2065,-0,0,-0,0.00260442,0.130388,0.120093,-0,0,0.0404228,0.023622,102.723,102.494
70.2864,-0,0,-0,0.00260442,0.130388,0.120093,-0,0,0.0364005,0.0266458,102.723,102.494
70.3664,-0,0,-0,0.00260442,0.130388,0.120093,-0,0,0.0364005,0.0266458,102.723,102.494
70.4464,-0,0,-0,0.00260442,0.130388,0.120093,-0,0,0.0364005,0.0266458,102.723,102.494
70.5265,-0,0,-0,0.00260442,0.130388,0.120093,-0,0,0.0364005,0.0266458,102.723,102.494
